0 0.389449860724234 0.3233695652173913 0.01149025069637883 0.04673913043478261
0 0.4169568245125348 0.3418478260869565 0.014972144846796657 0.057608695652173914
0 0.4300139275766017 0.36793478260869567 0.016016713091922007 0.06847826086956521
4 0.6277855153203342 0.2967391304347826 0.011838440111420613 0.05
0 0.3408774373259053 0.30543478260869567 0.009052924791086351 0.034782608695652174
0 0.9190459610027855 0.19619565217391305 0.007311977715877437 0.02282608695652174
4 0.9275766016713092 0.20217391304347826 0.006267409470752089 0.02391304347826087
4 0.8055362116991643 0.3657608695652174 0.02193593314763231 0.08804347826086957
4 0.5229805013927576 0.28043478260869564 0.008356545961002786 0.034782608695652174
4 0.4803272980501393 0.27608695652173915 0.008008356545961003 0.030434782608695653
4 0.7007311977715878 0.3184782608695652 0.014972144846796657 0.06304347826086956
0 0.43262534818941506 0.42228260869565215 0.02193593314763231 0.09456521739130434
0 0.3943245125348189 0.5092391304347826 0.03377437325905292 0.12934782608695652
0 0.30954038997214484 0.2940217391304348 0.006963788300835654 0.02717391304347826
4 0.5860027855153204 0.23043478260869565 0.004874651810584958 0.017391304347826087
0 0.3659470752089137 0.31521739130434784 0.011838440111420613 0.043478260869565216
0 0.6021935933147632 0.22228260869565217 0.005222841225626741 0.01847826086956522
0 0.6735724233983287 0.21684782608695652 0.005919220055710306 0.01847826086956522
0 0.7480849582172702 0.21032608695652175 0.008008356545961003 0.01847826086956522
0 0.3102367688022284 0.28152173913043477 0.004874651810584958 0.02391304347826087
4 0.7355501392757661 0.21684782608695652 0.005222841225626741 0.020652173913043477
0 0.4596100278551532 0.24347826086956523 0.004874651810584958 0.017391304347826087
0 0.397458217270195 0.2548913043478261 0.004526462395543176 0.01847826086956522
4 0.4298398328690808 0.26956521739130435 0.005222841225626741 0.02608695652173913
4 0.6535515320334262 0.22445652173913044 0.004874651810584958 0.01847826086956522
0 0.2618384401114206 0.7342391304347826 0.06545961002785515 0.225
4 0.45386490250696376 0.2510869565217391 0.00383008356545961 0.021739130434782608
1 0.8292130919220055 0.19728260869565217 0.005222841225626741 0.03152173913043478
4 0.5628481894150418 0.28641304347826085 0.009401114206128134 0.042391304347826085
4 0.49442896935933145 0.24347826086956523 0.004874651810584958 0.021739130434782608
4 0.4216573816155989 0.26413043478260867 0.005571030640668524 0.02391304347826087
0 0.528899721448468 0.23315217391304346 0.004874651810584958 0.01847826086956522
4 0.541608635097493 0.23641304347826086 0.004526462395543176 0.020652173913043477
4 0.8165041782729805 0.2108695652173913 0.004874651810584958 0.021739130434782608
0 0.344533426183844 0.2684782608695652 0.005222841225626741 0.021739130434782608
1 0.8149373259052924 0.19891304347826086 0.006615598885793872 0.03260869565217391
0 0.8208565459610028 0.20326086956521738 0.004526462395543176 0.02608695652173913
1 0.8071030640668524 0.20543478260869566 0.006267409470752089 0.034782608695652174
4 0.42862116991643456 0.2565217391304348 0.004874651810584958 0.01956521739130435
4 0.9425487465181058 0.4592391304347826 0.016713091922005572 0.13369565217391305
1 0.8245125348189415 0.20434782608695654 0.006963788300835654 0.03695652173913044