0 0.2917827298050139 0.5673913043478261 0.034122562674094706 0.11739130434782609
4 0.8614206128133705 0.48641304347826086 0.023676880222841225 0.08804347826086957
0 0.6592966573816156 0.42717391304347824 0.013579387186629526 0.05652173913043478
0 0.5273328690807799 0.4777173913043478 0.021239554317548745 0.07717391304347826
4 0.8934540389972145 0.421195652173913 0.017409470752089137 0.057608695652173914
4 0.7860376044568245 0.3353260869565217 0.004526462395543176 0.01847826086956522
4 0.7527855153203342 0.3309782608695652 0.004178272980501393 0.016304347826086956
4 0.7104805013927576 0.3483695652173913 0.005222841225626741 0.02282608695652174
4 0.8643802228412256 0.3701086956521739 0.008704735376044569 0.03369565217391304
4 0.7783774373259053 0.35434782608695653 0.006615598885793872 0.02608695652173913
0 0.5311629526462396 0.3456521739130435 0.004526462395543176 0.017391304347826087
0 0.724408077994429 0.38967391304347826 0.0100974930362117 0.03804347826086957
4 0.9192200557103064 0.6869565217391305 0.06267409470752089 0.1891304347826087
4 0.5677228412256268 0.33967391304347827 0.00383008356545961 0.016304347826086956
4 0.6356197771587744 0.328804347826087 0.0031337047353760445 0.011956521739130435
4 0.871866295264624 0.3483695652173913 0.006267409470752089 0.025
4 0.6011490250696379 0.3423913043478261 0.00383008356545961 0.017391304347826087
0 0.5052228412256268 0.34130434782608693 0.003481894150417827 0.015217391304347827
0 0.9195682451253482 0.33967391304347827 0.005571030640668524 0.020652173913043477
0 0.8319986072423399 0.33043478260869563 0.00383008356545961 0.015217391304347827
0 0.7017757660167131 0.36195652173913045 0.007311977715877437 0.02826086956521739
4 0.6723537604456824 0.3293478260869565 0.002785515320334262 0.013043478260869565
0 0.5840877437325905 0.35 0.005222841225626741 0.021739130434782608
0 0.79491643454039 0.32771739130434785 0.003481894150417827 0.011956521739130435
0 0.7245821727019499 0.37228260869565216 0.00766016713091922 0.03369565217391304
4 0.8234679665738162 0.36032608695652174 0.006267409470752089 0.029347826086956522
4 0.7181406685236769 0.3298913043478261 0.0031337047353760445 0.014130434782608696
4 0.5981894150417827 0.32554347826086955 0.002785515320334262 0.009782608695652175
4 0.8842270194986073 0.3875 0.01149025069637883 0.042391304347826085
4 0.9479456824512534 0.35978260869565215 0.006615598885793872 0.02826086956521739
0 0.6485027855153204 0.35380434782608694 0.005919220055710306 0.02282608695652174
4 0.8178969359331476 0.3407608695652174 0.004874651810584958 0.01847826086956522
4 0.5572771587743732 0.33695652173913043 0.0031337047353760445 0.013043478260869565
4 0.6027158774373259 0.3233695652173913 0.002785515320334262 0.009782608695652175
4 0.608983286908078 0.32771739130434785 0.003481894150417827 0.011956521739130435
0 0.7583565459610028 0.32608695652173914 0.003481894150417827 0.013043478260869565
0 0.5066155988857939 0.3375 0.0020891364902506965 0.014130434782608696
0 0.5092270194986073 0.33369565217391306 0.002437325905292479 0.013043478260869565
0 0.5116643454038997 0.3309782608695652 0.002437325905292479 0.011956521739130435
4 0.5551880222841226 0.33315217391304347 0.0017409470752089136 0.011956521739130435
4 0.6467618384401114 0.34402173913043477 0.0031337047353760445 0.020652173913043477
0 0.6495473537604457 0.325 0.0031337047353760445 0.010869565217391304
0 0.8690807799442897 0.3342391304347826 0.003481894150417827 0.020652173913043477
0 0.7155292479108635 0.32554347826086955 0.002785515320334262 0.011956521739130435
0 0.6692200557103064 0.32663043478260867 0.002785515320334262 0.011956521739130435