4 0.08896239554317549 0.5146739130434783 0.05257660167130919 0.16195652173913044
4 0.7318941504178273 0.26032608695652176 0.002785515320334262 0.009782608695652175
4 0.7750696378830083 0.26793478260869563 0.003481894150417827 0.011956521739130435
4 0.8222493036211699 0.2766304347826087 0.0031337047353760445 0.011956521739130435
4 0.8723885793871866 0.2858695652173913 0.0031337047353760445 0.013043478260869565
4 0.6925487465181058 0.2532608695652174 0.002785515320334262 0.010869565217391304
4 0.655466573816156 0.24619565217391304 0.002437325905292479 0.009782608695652175
4 0.6213440111420613 0.2407608695652174 0.002437325905292479 0.009782608695652175
4 0.5908774373259053 0.23532608695652174 0.002785515320334262 0.009782608695652175
4 0.560933147632312 0.2298913043478261 0.0020891364902506965 0.007608695652173913
1 0.5346448467966574 0.225 0.002437325905292479 0.013043478260869565
1 0.5402158774373259 0.22554347826086957 0.002437325905292479 0.014130434782608696
0 0.5377785515320335 0.22771739130434782 0.002437325905292479 0.009782608695652175
1 0.5584958217270195 0.22717391304347825 0.0020891364902506965 0.010869565217391304
1 0.5635445682451253 0.22934782608695653 0.0017409470752089136 0.010869565217391304
0 0.5680710306406686 0.23315217391304346 0.002437325905292479 0.009782608695652175
0 0.6006267409470752 0.23804347826086958 0.0020891364902506965 0.010869565217391304
0 0.6359679665738162 0.2451086956521739 0.002437325905292479 0.009782608695652175
0 0.6742688022284122 0.2516304347826087 0.002437325905292479 0.009782608695652175
0 0.7160515320334262 0.25869565217391305 0.002437325905292479 0.010869565217391304
0 0.7609679665738162 0.2673913043478261 0.002437325905292479 0.010869565217391304
0 0.8105849582172702 0.2766304347826087 0.002785515320334262 0.011956521739130435
0 0.8650766016713092 0.2858695652173913 0.002437325905292479 0.010869565217391304
2 0.9240947075208914 0.2967391304347826 0.002785515320334262 0.010869565217391304
2 0.9284470752089137 0.2951086956521739 0.002437325905292479 0.011956521739130435