0 0.2901595744680851 0.5171296296296296 0.03776595744680851 0.075
0 0.4465425531914894 0.40555555555555556 0.011170212765957447 0.025925925925925925
0 0.40452127659574466 0.4199074074074074 0.01223404255319149 0.032407407407407406
0 0.3526595744680851 0.45 0.02127659574468085 0.04814814814814815
0 0.8914893617021277 0.38564814814814813 0.00851063829787234 0.019444444444444445
0 0.9159574468085107 0.3907407407407407 0.010638297872340425 0.020370370370370372
0 0.49627659574468086 0.3958333333333333 0.00851063829787234 0.023148148148148147
0 0.5364361702127659 0.38935185185185184 0.006914893617021276 0.019444444444444445
0 0.5417553191489362 0.38425925925925924 0.005851063829787234 0.018518518518518517
0 0.8462765957446808 0.3814814814814815 0.006382978723404255 0.016666666666666666
4 0.7864361702127659 0.4185185185185185 0.015425531914893617 0.03148148148148148
4 0.7449468085106383 0.46064814814814814 0.022872340425531913 0.049074074074074076
4 0.8672872340425531 0.43796296296296294 0.02074468085106383 0.03888888888888889
4 0.7529255319148936 0.4050925925925926 0.010106382978723405 0.023148148148148147
4 0.6787234042553192 0.42268518518518516 0.014893617021276596 0.03425925925925926
4 0.6547872340425532 0.4050925925925926 0.011702127659574468 0.026851851851851852
4 0.6257978723404255 0.37962962962962965 0.006914893617021276 0.016666666666666666
4 0.7093085106382979 0.3814814814814815 0.009042553191489361 0.020370370370370372
4 0.7696808510638298 0.38935185185185184 0.006382978723404255 0.019444444444444445
4 0.7646276595744681 0.38564814814814813 0.006914893617021276 0.017592592592592594
4 0.7507978723404255 0.39537037037037037 0.007978723404255319 0.022222222222222223
4 0.6986702127659574 0.38935185185185184 0.007978723404255319 0.019444444444444445
4 0.685372340425532 0.3939814814814815 0.009042553191489361 0.023148148148148147
4 0.6747340425531915 0.38472222222222224 0.007978723404255319 0.017592592592592594
4 0.6507978723404255 0.39814814814814814 0.009042553191489361 0.022222222222222223
4 0.6518617021276596 0.3787037037037037 0.005851063829787234 0.014814814814814815