0 0.9005319148936171 0.3925925925925926 0.007446808510638298 0.020370370370370372
0 0.8422872340425532 0.3851851851851852 0.006914893617021276 0.018518518518518517
0 0.5037234042553191 0.39814814814814814 0.00851063829787234 0.022222222222222223
0 0.4946808510638298 0.4097222222222222 0.010638297872340425 0.026851851851851852
0 0.4731382978723404 0.4287037037037037 0.013297872340425532 0.03518518518518519
0 0.39547872340425533 0.4675925925925926 0.023936170212765957 0.053703703703703705
0 0.23643617021276594 0.5208333333333334 0.03351063829787234 0.07685185185185185
0 0.10292553191489362 0.7726851851851851 0.056914893617021275 0.19166666666666668
0 0.45930851063829786 0.38935185185185184 0.009042553191489361 0.021296296296296296
0 0.5367021276595745 0.3726851851851852 0.005319148936170213 0.013888888888888888
0 0.7098404255319148 0.375 0.0047872340425531915 0.012962962962962963
0 0.7651595744680851 0.3787037037037037 0.005851063829787234 0.014814814814814815
0 0.4186170212765957 0.38101851851851853 0.006382978723404255 0.017592592592592594
0 0.43031914893617024 0.38657407407407407 0.006382978723404255 0.01574074074074074
0 0.4332446808510638 0.3763888888888889 0.005851063829787234 0.013888888888888888
4 0.8672872340425531 0.5685185185185185 0.05159574468085106 0.09814814814814815
4 0.7356382978723405 0.47314814814814815 0.022340425531914895 0.05740740740740741
4 0.7476063829787234 0.43425925925925923 0.015425531914893617 0.03888888888888889
4 0.7111702127659575 0.41064814814814815 0.011702127659574468 0.028703703703703703
4 0.773936170212766 0.39675925925925926 0.009574468085106383 0.023148148148148147
4 0.8691489361702127 0.4060185185185185 0.010638297872340425 0.028703703703703703
4 0.7236702127659574 0.3888888888888889 0.007978723404255319 0.020370370370370372
4 0.6829787234042554 0.3824074074074074 0.007446808510638298 0.018518518518518517
4 0.6670212765957447 0.39675925925925926 0.009574468085106383 0.023148148148148147
4 0.6428191489361702 0.37824074074074077 0.006914893617021276 0.01574074074074074
4 0.6106382978723405 0.38935185185185184 0.007446808510638298 0.019444444444444445
4 0.6090425531914894 0.3763888888888889 0.005319148936170213 0.012037037037037037
4 0.5662234042553191 0.3773148148148148 0.0047872340425531915 0.013888888888888888
4 0.5539893617021276 0.38333333333333336 0.006914893617021276 0.016666666666666666
4 0.5252659574468085 0.3787037037037037 0.005851063829787234 0.014814814814814815
4 0.5180851063829788 0.3800925925925926 0.006382978723404255 0.01574074074074074