0 0.06998607242339833 0.7381872852233677 0.04247910863509749 0.11898625429553264
0 0.08931058495821727 0.5180412371134021 0.0100974930362117 0.014604810996563574
0 0.19498607242339833 0.5163230240549829 0.008356545961002786 0.013745704467353952
0 0.27402506963788303 0.5189003436426117 0.008356545961002786 0.013745704467353952
0 0.3412256267409471 0.5221219931271478 0.008356545961002786 0.015034364261168385
0 0.4220055710306407 0.5272766323024055 0.009052924791086351 0.015893470790378006
0 0.45107938718662954 0.583118556701031 0.028203342618384402 0.040807560137457045
0 0.770891364902507 0.5539089347079038 0.017409470752089137 0.024484536082474227
4 0.2600974930362117 0.7676116838487973 0.09610027855153204 0.13573883161512026
4 0.3659470752089137 0.555627147766323 0.018802228412256268 0.028780068728522335
4 0.6394498607242339 0.561426116838488 0.01915041782729805 0.029209621993127148
4 0.817200557103064 0.5728092783505154 0.02158774373259053 0.033934707903780066
2 0.1770543175487465 0.5491838487972509 0.01915041782729805 0.027920962199312716
2 0.5917479108635098 0.6490549828178694 0.04979108635097493 0.07302405498281787