0 0.799616991643454 0.3576086956521739 0.02054317548746518 0.0782608695652174
0 0.8920612813370473 0.22717391304347825 0.006267409470752089 0.02391304347826087
0 0.8487116991643454 0.2902173913043478 0.012186629526462395 0.04782608695652174
0 0.8831824512534819 0.2391304347826087 0.007311977715877437 0.030434782608695653
0 0.8704735376044568 0.25706521739130433 0.009052924791086351 0.035869565217391305
0 0.8997214484679665 0.21793478260869564 0.004874651810584958 0.020652173913043477
0 0.6462395543175488 0.575 0.04735376044568245 0.17173913043478262
0 0.9049442896935933 0.21141304347826087 0.003481894150417827 0.01847826086956522
0 0.9096448467966574 0.20597826086956522 0.0031337047353760445 0.016304347826086956
0 0.9129526462395543 0.20108695652173914 0.002785515320334262 0.015217391304347827
0 0.9153899721448467 0.19782608695652174 0.002785515320334262 0.013043478260869565
0 0.6002785515320335 0.24728260869565216 0.004874651810584958 0.02717391304347826
0 0.9174791086350975 0.19456521739130433 0.002785515320334262 0.013043478260869565
0 0.9192200557103064 0.1923913043478261 0.002785515320334262 0.010869565217391304
0 0.9206128133704735 0.1907608695652174 0.0020891364902506965 0.009782608695652175
4 0.8743036211699164 0.19021739130434784 0.0020891364902506965 0.010869565217391304
1 0.9218314763231198 0.18641304347826088 0.002437325905292479 0.016304347826086956