0 0.13936170212765958 0.5831081081081081 0.013829787234042552 0.021621621621621623
0 0.22526595744680852 0.575 0.01223404255319149 0.01756756756756757
0 0.25398936170212766 0.5712837837837837 0.009042553191489361 0.016891891891891893
0 0.2726063829787234 0.5635135135135135 0.007978723404255319 0.013513513513513514
0 0.28882978723404257 0.5594594594594594 0.006382978723404255 0.012162162162162163
0 0.28856382978723405 0.552027027027027 0.0047872340425531915 0.00945945945945946
0 0.30159574468085104 0.5560810810810811 0.005319148936170213 0.010810810810810811
0 0.3071808510638298 0.5530405405405405 0.0047872340425531915 0.008783783783783784
0 0.24813829787234043 0.5510135135135135 0.0047872340425531915 0.007432432432432433
0 0.19441489361702127 0.552027027027027 0.0047872340425531915 0.008108108108108109
0 0.13191489361702127 0.5543918918918919 0.005319148936170213 0.010135135135135136
0 0.08191489361702127 0.558445945945946 0.005319148936170213 0.008783783783783784
0 0.27606382978723404 0.5449324324324324 0.00425531914893617 0.008783783783783784
0 0.2789893617021277 0.5445945945945946 0.003723404255319149 0.008108108108108109
4 0.7643617021276595 0.7692567567567568 0.06808510638297872 0.11418918918918919
4 0.5167553191489361 0.6942567567567568 0.05159574468085106 0.07364864864864865
4 0.24521276595744682 0.6368243243243243 0.031914893617021274 0.04527027027027027
4 0.1896276595744681 0.5945945945945946 0.018617021276595744 0.02702702702702703
4 0.10585106382978723 0.6108108108108108 0.027659574468085105 0.03513513513513514
4 0.10638297872340426 0.6043918918918919 0.022340425531914895 0.030405405405405407
4 0.2922872340425532 0.5493243243243243 0.0047872340425531915 0.008108108108108109
4 0.31888297872340426 0.5797297297297297 0.01223404255319149 0.021621621621621623
4 0.37127659574468086 0.5716216216216217 0.011702127659574468 0.01891891891891892
4 0.3882978723404255 0.5675675675675675 0.010638297872340425 0.016216216216216217
4 0.39547872340425533 0.5614864864864865 0.007978723404255319 0.013513513513513514
4 0.3904255319148936 0.5581081081081081 0.006382978723404255 0.012162162162162163
4 0.3800531914893617 0.5543918918918919 0.005851063829787234 0.010135135135135136
4 0.3816489361702128 0.5523648648648649 0.005851063829787234 0.008783783783783784
4 0.35664893617021276 0.5506756756756757 0.0047872340425531915 0.008108108108108109
4 0.3324468085106383 0.5496621621621621 0.00425531914893617 0.008783783783783784
4 0.23803191489361702 0.5503378378378379 0.0047872340425531915 0.008783783783783784
4 0.16941489361702128 0.5516891891891892 0.0047872340425531915 0.008783783783783784
4 0.09148936170212765 0.5557432432432432 0.005319148936170213 0.008783783783783784