0 0.49175531914893617 0.47962962962962963 0.026063829787234042 0.06111111111111111
0 0.5715425531914894 0.4388888888888889 0.018617021276595744 0.044444444444444446
0 0.5845744680851064 0.41203703703703703 0.010638297872340425 0.02962962962962963
0 0.5478723404255319 0.40185185185185185 0.009574468085106383 0.025925925925925925
0 0.511968085106383 0.387037037037037 0.006914893617021276 0.018518518518518517
0 0.5212765957446809 0.39351851851851855 0.006382978723404255 0.022222222222222223
0 0.527127659574468 0.38055555555555554 0.006382978723404255 0.016666666666666666
0 0.5585106382978723 0.3726851851851852 0.005319148936170213 0.013888888888888888
0 0.5803191489361702 0.36666666666666664 0.00425531914893617 0.012962962962962963
0 0.5960106382978724 0.362962962962963 0.0047872340425531915 0.011111111111111112
0 0.6026595744680852 0.36157407407407405 0.00425531914893617 0.010185185185185186
4 0.611968085106383 0.38101851851851853 0.006914893617021276 0.017592592592592594
4 0.6279255319148936 0.38796296296296295 0.007978723404255319 0.020370370370370372
4 0.6545212765957447 0.3958333333333333 0.010106382978723405 0.025
4 0.6313829787234042 0.37222222222222223 0.006382978723404255 0.012962962962962963
4 0.6433510638297872 0.3675925925925926 0.005851063829787234 0.012962962962962963
4 0.6502659574468085 0.36342592592592593 0.0047872340425531915 0.012037037037037037
4 0.7257978723404256 0.4050925925925926 0.01223404255319149 0.028703703703703703
4 0.801063829787234 0.425 0.014893617021276596 0.037037037037037035
4 0.861436170212766 0.45092592592592595 0.022872340425531913 0.05