4 0.28847493036211697 0.34130434782608693 0.017061281337047353 0.06739130434782609
0 0.05954038997214485 0.2016304347826087 0.005571030640668524 0.020652173913043477
4 0.09488161559888579 0.2684782608695652 0.01288300835654596 0.04782608695652174
4 0.2056058495821727 0.3016304347826087 0.014972144846796657 0.05543478260869565
4 0.07416434540389973 0.21032608695652175 0.005571030640668524 0.025
0 0.11263927576601672 0.20652173913043478 0.005222841225626741 0.021739130434782608
4 0.3467966573816156 0.41195652173913044 0.02576601671309192 0.09347826086956522
4 0.729282729805014 0.28695652173913044 0.0031337047353760445 0.015217391304347827
4 0.31754874651810583 0.21739130434782608 0.002785515320334262 0.013043478260869565
0 0.22945682451253482 0.2125 0.003481894150417827 0.016304347826086956
0 0.32520891364902504 0.21630434782608696 0.002785515320334262 0.010869565217391304
4 0.8810933147632312 0.31521739130434784 0.004526462395543176 0.015217391304347827
4 0.36925487465181056 0.22445652173913044 0.002437325905292479 0.011956521739130435
0 0.1775766016713092 0.21032608695652175 0.004874651810584958 0.01847826086956522
0 0.3776114206128134 0.22445652173913044 0.002437325905292479 0.011956521739130435
0 0.8504526462395543 0.3065217391304348 0.0031337047353760445 0.013043478260869565
4 0.8231197771587744 0.3048913043478261 0.004178272980501393 0.016304347826086956
4 0.5840877437325905 0.2516304347826087 0.002437325905292479 0.011956521739130435
0 0.35863509749303624 0.22228260869565217 0.002785515320334262 0.011956521739130435
4 0.623433147632312 0.2592391304347826 0.002437325905292479 0.011956521739130435
4 0.6542479108635098 0.27065217391304347 0.003481894150417827 0.010869565217391304
4 0.49059888579387184 0.2375 0.002785515320334262 0.011956521739130435
4 0.298050139275766 0.2157608695652174 0.002785515320334262 0.011956521739130435
0 0.7444289693593314 0.2875 0.002785515320334262 0.014130434782608696
1 0.5729456824512534 0.6146739130434783 0.06998607242339833 0.30543478260869567
4 0.27559192200557103 0.22228260869565217 0.004526462395543176 0.016304347826086956
4 0.6446727019498607 0.2668478260869565 0.0031337047353760445 0.011956521739130435
4 0.9220055710306406 0.3239130434782609 0.004178272980501393 0.017391304347826087
0 0.22110027855153203 0.2125 0.004178272980501393 0.016304347826086956
4 0.4347144846796657 0.2326086956521739 0.002437325905292479 0.013043478260869565
1 0.665041782729805 0.683695652173913 0.0766016713091922 0.32608695652173914
0 0.9098189415041783 0.3184782608695652 0.003481894150417827 0.015217391304347827
4 0.5598885793871866 0.2467391304347826 0.0020891364902506965 0.010869565217391304
4 0.7741991643454039 0.2967391304347826 0.0031337047353760445 0.015217391304347827
0 0.6949860724233984 0.2766304347826087 0.0020891364902506965 0.011956521739130435
0 0.1532033426183844 0.20869565217391303 0.004178272980501393 0.017391304347826087
4 0.29369777158774374 0.22065217391304348 0.0031337047353760445 0.013043478260869565
4 0.5360376044568245 0.24347826086956523 0.002437325905292479 0.010869565217391304
0 0.7983983286908078 0.29782608695652174 0.003481894150417827 0.013043478260869565
0 0.5282033426183844 0.24130434782608695 0.001392757660167131 0.008695652173913044
0 0.4204387186629526 0.22717391304347825 0.0017409470752089136 0.010869565217391304
0 0.2618384401114206 0.20869565217391303 0.004178272980501393 0.013043478260869565
4 0.6095055710306406 0.25706521739130433 0.002437325905292479 0.011956521739130435
0 0.2057799442896936 0.21358695652173912 0.003481894150417827 0.01847826086956522
4 0.6359679665738162 0.2619565217391304 0.002437325905292479 0.013043478260869565
4 0.25052228412256267 0.22119565217391304 0.005222841225626741 0.01847826086956522
0 0.6807103064066853 0.27010869565217394 0.0020891364902506965 0.011956521739130435
4 0.2879526462395543 0.22119565217391304 0.003481894150417827 0.016304347826086956
4 0.6899373259052924 0.27880434782608693 0.0031337047353760445 0.011956521739130435
4 0.14972144846796656 0.21684782608695652 0.004874651810584958 0.02282608695652174
4 0.453516713091922 0.23315217391304346 0.002437325905292479 0.011956521739130435
0 0.2928272980501393 0.2141304347826087 0.003481894150417827 0.010869565217391304
0 0.23485376044568246 0.20815217391304347 0.00383008356545961 0.014130434782608696
0 0.39815459610027853 0.22445652173913044 0.002437325905292479 0.009782608695652175
0 0.6013231197771588 0.25380434782608696 0.0020891364902506965 0.009782608695652175
0 0.7228412256267409 0.2831521739130435 0.002785515320334262 0.014130434782608696
0 0.7710654596100278 0.29293478260869565 0.0031337047353760445 0.014130434782608696
0 0.7033426183844012 0.2777173913043478 0.002785515320334262 0.011956521739130435
4 0.39902506963788303 0.2298913043478261 0.0020891364902506965 0.011956521739130435
4 0.641016713091922 0.2657608695652174 0.002785515320334262 0.011956521739130435
0 0.6606894150417827 0.2657608695652174 0.002437325905292479 0.009782608695652175
4 0.2076949860724234 0.22010869565217392 0.005222841225626741 0.020652173913043477
0 0.4133008356545961 0.2266304347826087 0.0020891364902506965 0.011956521739130435
4 0.4632660167130919 0.23423913043478262 0.002437325905292479 0.011956521739130435
4 0.4724930362116992 0.23423913043478262 0.0020891364902506965 0.009782608695652175
0 0.49425487465181056 0.2358695652173913 0.0017409470752089136 0.010869565217391304
4 0.5118384401114207 0.24021739130434783 0.002785515320334262 0.010869565217391304
4 0.6096796657381616 0.7092391304347826 0.057103064066852366 0.20978260869565218
0 0.5652855153203342 0.24728260869565216 0.0017409470752089136 0.009782608695652175
0 0.6899373259052924 0.27445652173913043 0.002437325905292479 0.011956521739130435
0 0.6338788300835655 0.2597826086956522 0.002437325905292479 0.010869565217391304
0 0.22754178272980502 0.20923913043478262 0.0031337047353760445 0.014130434782608696
4 0.28934540389972147 0.21684782608695652 0.003481894150417827 0.016304347826086956