0 0.16063829787234044 0.44583333333333336 0.027659574468085105 0.05462962962962963
0 0.20638297872340425 0.5106481481481482 0.036170212765957444 0.08055555555555556
0 0.30638297872340425 0.36435185185185187 0.011702127659574468 0.012037037037037037
0 0.350531914893617 0.36898148148148147 0.011702127659574468 0.013888888888888888
0 0.3949468085106383 0.3726851851851852 0.01223404255319149 0.013888888888888888
0 0.502127659574468 0.3837962962962963 0.013829787234042552 0.017592592592592594
0 0.6172872340425531 0.4050925925925926 0.017553191489361703 0.019444444444444445
4 0.27180851063829786 0.4023148148148148 0.01702127659574468 0.03611111111111111
4 0.44920212765957446 0.4263888888888889 0.018617021276595744 0.04351851851851852
4 0.6058510638297873 0.48055555555555557 0.030851063829787233 0.06296296296296296
4 0.9074468085106383 0.6555555555555556 0.035106382978723406 0.14814814814814814