0 0.3410515320334262 0.5413043478260869 0.028203342618384402 0.10869565217391304
0 0.3790041782729805 0.45271739130434785 0.015668523676880222 0.0641304347826087
4 0.5891364902506964 0.42228260869565215 0.009749303621169917 0.04021739130434782
4 0.6267409470752089 0.46358695652173915 0.013927576601671309 0.057608695652173914
0 0.7735027855153204 0.40108695652173915 0.005919220055710306 0.02391304347826087
4 0.6149025069637883 0.391304347826087 0.005571030640668524 0.02391304347826087
4 0.9249651810584958 0.42282608695652174 0.004526462395543176 0.021739130434782608
4 0.7043871866295265 0.41956521739130437 0.009052924791086351 0.034782608695652174
0 0.939066852367688 0.4298913043478261 0.006963788300835654 0.025
0 0.791782729805014 0.4157608695652174 0.006963788300835654 0.029347826086956522
0 0.9032033426183844 0.4364130434782609 0.009749303621169917 0.035869565217391305
0 0.39519498607242337 0.39402173913043476 0.009052924791086351 0.03804347826086957
0 0.3762186629526462 0.3744565217391304 0.007311977715877437 0.029347826086956522
4 0.6462395543175488 0.4027173913043478 0.006963788300835654 0.029347826086956522
4 0.858983286908078 0.4092391304347826 0.005571030640668524 0.020652173913043477
4 0.5238509749303621 0.3673913043478261 0.004526462395543176 0.01956521739130435
0 0.4127785515320334 0.3581521739130435 0.005222841225626741 0.01847826086956522
4 0.9463788300835655 0.4625 0.009749303621169917 0.04673913043478261
4 0.6834958217270195 0.5233695652173913 0.022284122562674095 0.08369565217391305
4 0.8377437325905293 0.4092391304347826 0.004874651810584958 0.020652173913043477
0 0.8901462395543176 0.41358695652173916 0.004526462395543176 0.016304347826086956
0 0.7228412256267409 0.40108695652173915 0.006963788300835654 0.02391304347826087
4 0.79491643454039 0.39945652173913043 0.003481894150417827 0.01847826086956522
4 0.5607590529247911 0.3684782608695652 0.00383008356545961 0.017391304347826087
4 0.6855849582172702 0.3869565217391304 0.006267409470752089 0.021739130434782608
4 0.8039693593314763 0.4380434782608696 0.010445682451253482 0.041304347826086954
4 0.6530292479108635 0.37717391304347825 0.004526462395543176 0.017391304347826087
4 0.5276810584958217 0.4016304347826087 0.008704735376044569 0.03369565217391304
4 0.6337047353760445 0.3858695652173913 0.005571030640668524 0.021739130434782608
4 0.7204038997214485 0.3864130434782609 0.004178272980501393 0.01847826086956522
2 0.1693941504178273 0.32282608695652176 0.004526462395543176 0.017391304347826087
4 0.8260793871866295 0.6402173913043478 0.04213091922005571 0.13260869565217392
4 0.5955779944289693 0.3701086956521739 0.00383008356545961 0.016304347826086956
4 0.7604456824512534 0.39619565217391306 0.005571030640668524 0.020652173913043477
0 0.846274373259053 0.4141304347826087 0.006615598885793872 0.02391304347826087
0 0.6182103064066853 0.3684782608695652 0.00383008356545961 0.015217391304347827
2 0.1996866295264624 0.3222826086956522 0.00383008356545961 0.016304347826086956
0 0.8276462395543176 0.4032608695652174 0.004178272980501393 0.015217391304347827
0 0.5584958217270195 0.36195652173913045 0.003481894150417827 0.015217391304347827
0 0.7632311977715878 0.3923913043478261 0.0020891364902506965 0.015217391304347827
2 0.23903203342618384 0.3233695652173913 0.004526462395543176 0.014130434782608696
2 0.12029944289693593 0.32282608695652176 0.005919220055710306 0.01956521739130435
0 0.38091922005571033 0.3641304347826087 0.004874651810584958 0.02391304347826087
4 0.9096448467966574 0.4190217391304348 0.005222841225626741 0.01847826086956522