0 0.9077298050139275 0.3978260869565217 0.032729805013927575 0.11304347826086956
0 0.5144498607242339 0.633695652173913 0.06023676880222841 0.2217391304347826
3 0.7893454038997214 0.21141304347826087 0.008356545961002786 0.02717391304347826
3 0.7736768802228412 0.20326086956521738 0.005571030640668524 0.02391304347826087
3 0.6598189415041783 0.21739130434782608 0.00766016713091922 0.030434782608695653
3 0.6255222841225627 0.2108695652173913 0.006615598885793872 0.02608695652173913
3 0.520717270194986 0.23315217391304346 0.008008356545961003 0.03152173913043478
3 0.5130571030640668 0.22065217391304348 0.005919220055710306 0.02391304347826087
3 0.44707520891364905 0.22010869565217392 0.006963788300835654 0.025
3 0.4244428969359331 0.2326086956521739 0.00766016713091922 0.02826086956521739
3 0.38736072423398327 0.25869565217391305 0.010793871866295265 0.03695652173913044
3 0.37813370473537605 0.22010869565217392 0.004874651810584958 0.020652173913043477
3 0.3555013927576602 0.2326086956521739 0.005571030640668524 0.02608695652173913
3 0.3165041782729805 0.25217391304347825 0.009052924791086351 0.03260869565217391
3 0.27663649025069637 0.22934782608695653 0.005222841225626741 0.021739130434782608
3 0.24495125348189414 0.30380434782608695 0.014275766016713091 0.051086956521739134
3 0.21082869080779945 0.2543478260869565 0.008008356545961003 0.030434782608695653
3 0.056406685236768804 0.3972826086956522 0.01532033426183844 0.08152173913043478
3 0.07346796657381616 0.30380434782608695 0.013927576601671309 0.04673913043478261