4 0.2703690807799443 0.46195652173913043 0.03238161559888579 0.12173913043478261
4 0.05866991643454039 0.19945652173913042 0.004526462395543176 0.01847826086956522
4 0.12656685236768803 0.3798913043478261 0.023328690807799445 0.09021739130434783
4 0.4437674094707521 0.2418478260869565 0.00383008356545961 0.01847826086956522
4 0.100974930362117 0.20217391304347826 0.004178272980501393 0.017391304347826087
4 0.9192200557103064 0.3119565217391304 0.004178272980501393 0.01956521739130435
4 0.7397284122562674 0.2717391304347826 0.0031337047353760445 0.013043478260869565
0 0.3998955431754875 0.23315217391304346 0.00383008356545961 0.016304347826086956
4 0.6142061281337048 0.2532608695652174 0.002785515320334262 0.013043478260869565
4 0.19846796657381616 0.20923913043478262 0.004178272980501393 0.016304347826086956
4 0.8182451253481894 0.29239130434782606 0.003481894150417827 0.017391304347826087
0 0.07573119777158774 0.1967391304347826 0.00383008356545961 0.015217391304347827
4 0.7794220055710307 0.28043478260869564 0.0031337047353760445 0.013043478260869565
4 0.22928272980501394 0.2125 0.00383008356545961 0.016304347826086956
4 0.5724233983286908 0.24945652173913044 0.003481894150417827 0.014130434782608696
0 0.4982590529247911 0.24130434782608695 0.002785515320334262 0.015217391304347827
4 0.5290738161559888 0.24945652173913044 0.00383008356545961 0.016304347826086956
4 0.6436281337047354 0.2559782608695652 0.0031337047353760445 0.014130434782608696
4 0.8652506963788301 0.30217391304347824 0.004178272980501393 0.017391304347826087
4 0.1450208913649025 0.20434782608695654 0.00383008356545961 0.015217391304347827
4 0.3358286908077994 0.22826086956521738 0.00383008356545961 0.017391304347826087
0 0.9025069637883009 0.3048913043478261 0.004178272980501393 0.016304347826086956
0 0.3506267409470752 0.225 0.003481894150417827 0.015217391304347827
0 0.940633704735376 0.3119565217391304 0.004526462395543176 0.017391304347826087
0 0.48241643454038996 0.24021739130434783 0.0031337047353760445 0.015217391304347827
0 0.3763927576601671 0.22934782608695653 0.003481894150417827 0.015217391304347827
4 0.5537952646239555 0.25 0.0031337047353760445 0.015217391304347827
4 0.7945682451253482 0.28641304347826085 0.003481894150417827 0.014130434782608696
0 0.45908774373259054 0.23858695652173914 0.00383008356545961 0.016304347826086956
4 0.7087395543175488 0.266304347826087 0.002437325905292479 0.013043478260869565
4 0.3725626740947075 0.23423913043478262 0.003481894150417827 0.016304347826086956
4 0.7665389972144847 0.2777173913043478 0.0031337047353760445 0.014130434782608696
0 0.841225626740947 0.2907608695652174 0.003481894150417827 0.014130434782608696
0 0.8097144846796658 0.2826086956521739 0.00383008356545961 0.013043478260869565
4 0.26897632311977715 0.21793478260869564 0.004526462395543176 0.016304347826086956
0 0.2574860724233983 0.21195652173913043 0.00383008356545961 0.015217391304347827
4 0.6763579387186629 0.2614130434782609 0.0031337047353760445 0.014130434782608696
0 0.203516713091922 0.20652173913043478 0.00383008356545961 0.015217391304347827
0 0.8548050139275766 0.29456521739130437 0.003481894150417827 0.015217391304347827
0 0.43192896935933145 0.23641304347826086 0.00383008356545961 0.016304347826086956
0 0.14153899721448468 0.20108695652173914 0.0031337047353760445 0.015217391304347827
0 0.6288300835654597 0.2516304347826087 0.002785515320334262 0.011956521739130435
0 0.8715181058495822 0.29836956521739133 0.003481894150417827 0.016304347826086956
4 0.30571030640668523 0.22391304347826088 0.003481894150417827 0.017391304347826087
4 0.4939066852367688 0.24728260869565216 0.00383008356545961 0.016304347826086956
4 0.5898328690807799 0.2505434782608696 0.002785515320334262 0.011956521739130435
0 0.584958217270195 0.24728260869565216 0.002785515320334262 0.011956521739130435
0 0.7216225626740947 0.2657608695652174 0.002437325905292479 0.011956521739130435
0 0.5194986072423399 0.24130434782608695 0.002785515320334262 0.013043478260869565
0 0.5477019498607242 0.24293478260869567 0.002785515320334262 0.011956521739130435
4 0.5924442896935933 0.7032608695652174 0.05396935933147632 0.21956521739130436
0 0.3083217270194986 0.21956521739130436 0.0031337047353760445 0.015217391304347827
0 0.6749651810584958 0.25815217391304346 0.002437325905292479 0.011956521739130435
0 0.7661908077994429 0.27445652173913043 0.002437325905292479 0.014130434782608696