0 0.45073119777158777 0.551331615120275 0.027506963788300837 0.03823024054982818
0 0.23050139275766016 0.5554123711340206 0.02158774373259053 0.03436426116838488
0 0.20003481894150418 0.5057989690721649 0.008008356545961003 0.01331615120274914
0 0.47719359331476324 0.511168384879725 0.01149025069637883 0.02147766323024055
0 0.4274025069637883 0.5053694158075601 0.013579387186629526 0.01245704467353952
0 0.39658774373259054 0.5004295532646048 0.008356545961002786 0.015463917525773196
0 0.35376044568245124 0.5131013745704467 0.011142061281337047 0.019329896907216496
4 0.7524373259052924 0.836340206185567 0.1288300835654596 0.18642611683848798
4 0.6152506963788301 0.5682989690721649 0.03203342618384401 0.05154639175257732
4 0.26880222841225626 0.593213058419244 0.04108635097493036 0.05240549828178694
4 0.0604108635097493 0.572594501718213 0.023328690807799445 0.03608247422680412
4 0.19568245125348188 0.5440292096219931 0.0201949860724234 0.027061855670103094
4 0.2414693593314763 0.5266323024054983 0.008008356545961003 0.02147766323024055
4 0.2926532033426184 0.5354381443298969 0.01915041782729805 0.02620274914089347
4 0.5069637883008357 0.47680412371134023 0.009749303621169917 0.01718213058419244
4 0.34975626740947074 0.506872852233677 0.009401114206128134 0.01718213058419244
2 0.4268802228412256 0.530713058419244 0.019498607242339833 0.028780068728522335
2 0.07085654596100278 0.5197594501718213 0.01288300835654596 0.01718213058419244
2 0.22527855153203344 0.5362972508591065 0.020891364902506964 0.018470790378006873
2 0.19237465181058497 0.5148195876288659 0.01149025069637883 0.015893470790378006
2 0.45020891364902504 0.49677835051546393 0.008356545961002786 0.014175257731958763