4 0.8884052924791086 0.5168478260869566 0.017757660167130918 0.06195652173913044
0 0.5473537604456824 0.5766304347826087 0.029944289693593314 0.11413043478260869
0 0.6152506963788301 0.4331521739130435 0.009749303621169917 0.03369565217391304
4 0.8083217270194986 0.475 0.012186629526462395 0.04565217391304348
0 0.5936629526462396 0.41739130434782606 0.00766016713091922 0.02608695652173913
0 0.6497214484679665 0.45760869565217394 0.011838440111420613 0.043478260869565216
4 0.721100278551532 0.4385869565217391 0.00766016713091922 0.029347826086956522
0 0.6479805013927576 0.4951086956521739 0.018802228412256268 0.057608695652173914
4 0.8551532033426184 0.45 0.006963788300835654 0.02826086956521739
4 0.846274373259053 0.4407608695652174 0.006615598885793872 0.02717391304347826
4 0.8231197771587744 0.4298913043478261 0.005571030640668524 0.020652173913043477
4 0.7352019498607242 0.4326086956521739 0.005919220055710306 0.02391304347826087
4 0.7651462395543176 0.45706521739130435 0.009401114206128134 0.03369565217391304
4 0.8981545961002786 0.4657608695652174 0.008704735376044569 0.03369565217391304
0 0.6277855153203342 0.4146739130434783 0.005571030640668524 0.02282608695652174