0 0.6229108635097493 0.6129725085910653 0.04108635097493036 0.06013745704467354
0 0.725974930362117 0.5120274914089347 0.008356545961002786 0.013745704467353952
0 0.6693941504178273 0.5077319587628866 0.008008356545961003 0.012027491408934709
0 0.6518105849582173 0.5362972508591065 0.01532033426183844 0.023625429553264604
0 0.6222144846796658 0.5057989690721649 0.00766016713091922 0.010738831615120275
0 0.567374651810585 0.5030068728522337 0.006615598885793872 0.010309278350515464
0 0.49930362116991645 0.5032216494845361 0.006963788300835654 0.009879725085910653
0 0.4314066852367688 0.552405498281787 0.02158774373259053 0.03264604810996564
0 0.4180013927576602 0.5042955326460481 0.008008356545961003 0.012027491408934709
0 0.37029944289693595 0.5088058419243986 0.0100974930362117 0.01331615120274914
0 0.33391364902506965 0.5189003436426117 0.011838440111420613 0.01718213058419244
0 0.3245125348189415 0.5362972508591065 0.019498607242339833 0.024484536082474227
4 0.8217270194986073 0.5343642611683849 0.018105849582172703 0.024054982817869417
4 0.9456824512534819 0.5472508591065293 0.010445682451253482 0.028350515463917526
4 0.6361420612813371 0.5249140893470791 0.012534818941504178 0.018900343642611683
4 0.4792827298050139 0.5592783505154639 0.02541782729805014 0.03608247422680412
4 0.4395891364902507 0.5163230240549829 0.010793871866295265 0.01804123711340206
4 0.21918523676880222 0.5229810996563574 0.01288300835654596 0.019329896907216496
2 0.8354805013927576 0.6076030927835051 0.04352367688022284 0.05798969072164949
2 0.6429317548746518 0.554553264604811 0.02193593314763231 0.03350515463917526
2 0.528725626740947 0.5186855670103093 0.010793871866295265 0.01761168384879725
2 0.40459610027855153 0.5199742268041238 0.012534818941504178 0.01761168384879725
2 0.2075208913649025 0.5292096219931272 0.01532033426183844 0.022336769759450172
2 0.06093314763231198 0.5706615120274914 0.02437325905292479 0.041666666666666664