0 0.22475626740947074 0.3439189189189189 0.030292479108635098 0.062162162162162166
0 0.4724930362116992 0.5341216216216216 0.07033426183844012 0.16283783783783784
0 0.31807103064066855 0.4293918918918919 0.03934540389972145 0.10472972972972973
0 0.5966225626740947 0.3601351351351351 0.030292479108635098 0.08108108108108109
0 0.6467618384401114 0.29155405405405405 0.02541782729805014 0.05337837837837838
0 0.7010793871866295 0.2570945945945946 0.021239554317548745 0.04256756756756757
0 0.7252785515320335 0.23614864864864865 0.01532033426183844 0.03445945945945946
0 0.08635097493036212 0.7195945945945946 0.07520891364902507 0.2554054054054054
0 0.7386838440111421 0.22128378378378377 0.01149025069637883 0.027702702702702704
4 0.9413300835654597 0.20067567567567568 0.014972144846796657 0.031081081081081083
2 0.7447771587743732 0.21621621621621623 0.008356545961002786 0.02702702702702703