0 0.4556058495821727 0.5429347826086957 0.027506963788300837 0.11195652173913044
0 0.5779944289693594 0.40054347826086956 0.010445682451253482 0.04673913043478261
4 0.8405292479108635 0.4451086956521739 0.016713091922005572 0.0641304347826087
4 0.7573119777158774 0.4016304347826087 0.012534818941504178 0.04456521739130435
4 0.6572075208913649 0.375 0.008008356545961003 0.034782608695652174
0 0.49930362116991645 0.3766304347826087 0.008356545961002786 0.035869565217391305
0 0.5872214484679665 0.4385869565217391 0.014972144846796657 0.0641304347826087
0 0.39623955431754876 0.3472826086956522 0.006267409470752089 0.025
4 0.6173398328690808 0.34619565217391307 0.004874651810584958 0.020652173913043477
4 0.6774025069637883 0.35434782608695653 0.006615598885793872 0.02608695652173913
4 0.4881615598885794 0.3347826086956522 0.004178272980501393 0.01956521739130435
0 0.40598885793871864 0.3135869565217391 0.001392757660167131 0.011956521739130435
0 0.4397632311977716 0.3592391304347826 0.006963788300835654 0.029347826086956522
0 0.8779596100278552 0.36467391304347824 0.005919220055710306 0.02717391304347826
4 0.9155640668523677 0.39402173913043476 0.010793871866295265 0.03804347826086957
4 0.5085306406685237 0.328804347826087 0.0031337047353760445 0.016304347826086956
0 0.7021239554317549 0.3467391304347826 0.004526462395543176 0.021739130434782608
0 0.6960306406685237 0.3407608695652174 0.004178272980501393 0.01847826086956522
4 0.4415041782729805 0.3157608695652174 0.0020891364902506965 0.011956521739130435
4 0.6213440111420613 0.33858695652173915 0.00383008356545961 0.01847826086956522
0 0.44481197771587744 0.325 0.0031337047353760445 0.015217391304347827
0 0.6822771587743732 0.3282608695652174 0.002437325905292479 0.013043478260869565
4 0.4717966573816156 0.32119565217391305 0.002785515320334262 0.014130434782608696
0 0.4047701949860724 0.32065217391304346 0.002437325905292479 0.013043478260869565
4 0.5182799442896936 0.35054347826086957 0.006615598885793872 0.025
0 0.4228760445682451 0.32717391304347826 0.00383008356545961 0.017391304347826087
4 0.5482242339832869 0.31630434782608696 0.002437325905292479 0.010869565217391304
4 0.5071378830083565 0.3233695652173913 0.0017409470752089136 0.014130434782608696
4 0.6227367688022284 0.3239130434782609 0.002437325905292479 0.013043478260869565
4 0.7811629526462396 0.3695652173913043 0.008008356545961003 0.030434782608695653
0 0.3852715877437326 0.3168478260869565 0.0031337047353760445 0.014130434782608696
4 0.567200557103064 0.36032608695652174 0.006963788300835654 0.02717391304347826
0 0.3929317548746518 0.33804347826086956 0.0031337047353760445 0.021739130434782608
0 0.450383008356546 0.3130434782608696 0.002437325905292479 0.010869565217391304
4 0.5792130919220055 0.3184782608695652 0.002437325905292479 0.010869565217391304
0 0.4072075208913649 0.33152173913043476 0.004526462395543176 0.017391304347826087
4 0.44481197771587744 0.3179347826086957 0.00383008356545961 0.014130434782608696
4 0.4918175487465181 0.3418478260869565 0.005222841225626741 0.020652173913043477
4 0.6260445682451253 0.33260869565217394 0.003481894150417827 0.017391304347826087
4 0.6248259052924791 0.32554347826086955 0.002437325905292479 0.014130434782608696
0 0.6935933147632312 0.33315217391304347 0.002785515320334262 0.01847826086956522
0 0.6770543175487466 0.32554347826086955 0.0031337047353760445 0.014130434782608696
0 0.6610376044568245 0.3222826086956522 0.002437325905292479 0.011956521739130435
0 0.6357938718662952 0.3201086956521739 0.002785515320334262 0.011956521739130435
0 0.7832520891364902 0.35489130434782606 0.004526462395543176 0.025
4 0.9442896935933147 0.6114130434782609 0.013231197771587743 0.05326086956521739
0 0.9145194986072424 0.3451086956521739 0.005222841225626741 0.02282608695652174
0 0.8266016713091922 0.3347826086956522 0.004178272980501393 0.017391304347826087
4 0.6086350974930362 0.3201086956521739 0.002785515320334262 0.011956521739130435
0 0.6053272980501393 0.3157608695652174 0.002437325905292479 0.011956521739130435
0 0.5579735376044568 0.3135869565217391 0.002437325905292479 0.011956521739130435
4 0.469533426183844 0.3157608695652174 0.0017409470752089136 0.011956521739130435
4 0.5097493036211699 0.31630434782608696 0.0020891364902506965 0.008695652173913044