0 0.28934540389972147 0.5466065292096219 0.03064066852367688 0.040807560137457045
0 0.32729805013927576 0.5105240549828178 0.016713091922005572 0.024484536082474227
0 0.06772284122562675 0.47530068728522334 0.0100974930362117 0.01331615120274914
0 0.11977715877437325 0.45124570446735396 0.00766016713091922 0.010738831615120275
0 0.18454038997214484 0.4890463917525773 0.011838440111420613 0.018470790378006873
0 0.18976323119777158 0.47658934707903783 0.006267409470752089 0.01245704467353952
0 0.27123955431754876 0.5060137457044673 0.017409470752089137 0.024054982817869417
0 0.3826601671309192 0.4259020618556701 0.011838440111420613 0.02104810996563574
4 0.7157033426183844 0.6855670103092784 0.0685933147632312 0.0979381443298969
4 0.4672701949860724 0.5788230240549829 0.031337047353760444 0.05111683848797251
4 0.45473537604456826 0.540807560137457 0.020891364902506964 0.03436426116838488
4 0.2957869080779944 0.5936426116838488 0.03655988857938719 0.06099656357388316
4 0.1713091922005571 0.5197594501718213 0.02437325905292479 0.03178694158075601
4 0.09348885793871867 0.48109965635738833 0.01149025069637883 0.01632302405498282
4 0.23711699164345404 0.4735824742268041 0.00766016713091922 0.01245704467353952
4 0.2797701949860724 0.45511168384879724 0.006615598885793872 0.01331615120274914
4 0.3271239554317549 0.43105670103092786 0.009401114206128134 0.01675257731958763
2 0.5510097493036211 0.625 0.05745125348189415 0.05154639175257732
2 0.28064066852367686 0.49291237113402064 0.011142061281337047 0.018470790378006873