0 0.6979456824512534 0.8221649484536082 0.10271587743732591 0.16924398625429554
0 0.7036908077994429 0.5496134020618557 0.023676880222841225 0.0390893470790378
0 0.4228760445682451 0.5182560137457045 0.014972144846796657 0.02534364261168385
0 0.42896935933147634 0.4847508591065292 0.004874651810584958 0.010738831615120275
0 0.4648328690807799 0.4802405498281787 0.005571030640668524 0.009450171821305841
0 0.4557799442896936 0.47723367697594504 0.004874651810584958 0.007731958762886598
4 0.9375 0.6531357388316151 0.02681058495821727 0.0743127147766323
4 0.583217270194986 0.6288659793814433 0.0584958217270195 0.05326460481099656
4 0.4697075208913649 0.5414518900343642 0.02158774373259053 0.03565292096219931
4 0.3904944289693593 0.49763745704467355 0.009401114206128134 0.015893470790378006
4 0.43175487465181056 0.49355670103092786 0.00766016713091922 0.013745704467353952
4 0.4794568245125348 0.4884020618556701 0.006963788300835654 0.012027491408934709
2 0.06493732590529248 0.5650773195876289 0.03238161559888579 0.03565292096219931
2 0.5179317548746518 0.5195446735395189 0.014275766016713091 0.024484536082474227
2 0.641016713091922 0.5092353951890034 0.012534818941504178 0.02104810996563574
2 0.40651114206128136 0.5062285223367697 0.01149025069637883 0.019329896907216496
2 0.4925139275766017 0.4957044673539519 0.008704735376044569 0.014604810996563574
2 0.4918175487465181 0.4838917525773196 0.005222841225626741 0.010738831615120275