0 0.20630222841225626 0.7108695652173913 0.0504874651810585 0.19130434782608696
0 0.3737813370473538 0.4934782608695652 0.019846796657381614 0.08260869565217391
4 0.713266016713092 0.4766304347826087 0.02193593314763231 0.08152173913043478
4 0.8467966573816156 0.38804347826086955 0.011838440111420613 0.043478260869565216
0 0.5731197771587744 0.3918478260869565 0.009749303621169917 0.04021739130434782
0 0.46535515320334264 0.4206521739130435 0.01288300835654596 0.05217391304347826
0 0.6930710306406686 0.375 0.008704735376044569 0.034782608695652174
4 0.7345055710306406 0.4108695652173913 0.016364902506963788 0.05434782608695652
0 0.7933495821727019 0.3652173913043478 0.008704735376044569 0.03260869565217391
0 0.9437674094707521 0.3625 0.009401114206128134 0.03369565217391304
4 0.9338440111420613 0.7369565217391304 0.034818941504178275 0.21956521739130436