0 0.38643617021276594 0.5679054054054054 0.007978723404255319 0.01418918918918919
0 0.39813829787234045 0.5699324324324324 0.007978723404255319 0.015540540540540541
0 0.38563829787234044 0.5773648648648648 0.010638297872340425 0.018243243243243244
0 0.3699468085106383 0.5868243243243243 0.01223404255319149 0.0222972972972973
0 0.3550531914893617 0.5682432432432433 0.007978723404255319 0.013513513513513514
0 0.34122340425531916 0.6023648648648648 0.01648936170212766 0.029054054054054056
0 0.2898936170212766 0.6320945945945946 0.02446808510638298 0.04256756756756757
0 0.16542553191489362 0.7094594594594594 0.05531914893617021 0.07972972972972973
0 0.08696808510638297 0.5847972972972973 0.010106382978723405 0.016891891891891893
0 0.21728723404255318 0.5743243243243243 0.009042553191489361 0.016216216216216217
0 0.3194148936170213 0.5692567567567568 0.009042553191489361 0.01418918918918919
4 0.7239361702127659 0.7033783783783784 0.05425531914893617 0.08108108108108109
4 0.5973404255319149 0.6283783783783784 0.026595744680851064 0.043243243243243246
4 0.5571808510638298 0.5996621621621622 0.02074468085106383 0.029054054054054056
4 0.5382978723404256 0.5844594594594594 0.013829787234042552 0.02027027027027027
4 0.5268617021276596 0.575 0.009042553191489361 0.016216216216216217
4 0.5170212765957447 0.5685810810810811 0.007446808510638298 0.01418918918918919
4 0.502127659574468 0.5655405405405406 0.006382978723404255 0.012162162162162163
4 0.45904255319148934 0.5648648648648649 0.006382978723404255 0.012162162162162163
4 0.42127659574468085 0.5641891891891891 0.006382978723404255 0.010810810810810811
4 0.3659574468085106 0.5648648648648649 0.006382978723404255 0.012162162162162163
4 0.17074468085106384 0.5756756756756757 0.00851063829787234 0.013513513513513514
4 0.2691489361702128 0.5682432432432433 0.006382978723404255 0.013513513513513514
4 0.3148936170212766 0.5658783783783784 0.006382978723404255 0.012837837837837839