0 0.29874651810584957 0.3391304347826087 0.016016713091922007 0.06086956521739131
0 0.8161559888579387 0.38804347826086955 0.008356545961002786 0.034782608695652174
0 0.2860376044568245 0.3065217391304348 0.012186629526462395 0.04782608695652174
4 0.7533077994428969 0.3983695652173913 0.012186629526462395 0.04673913043478261
1 0.1958565459610028 0.36630434782608695 0.03864902506963788 0.14782608695652175
4 0.6511142061281338 0.3907608695652174 0.014623955431754874 0.05326086956521739
4 0.10759052924791086 0.2326086956521739 0.008356545961002786 0.03260869565217391
0 0.23015320334261838 0.3804347826086957 0.02437325905292479 0.08695652173913043
1 0.5069637883008357 0.41684782608695653 0.028551532033426183 0.14021739130434782
2 0.5645891364902507 0.31521739130434784 0.006615598885793872 0.02826086956521739
4 0.5619777158774373 0.4027173913043478 0.018802228412256268 0.06630434782608696
0 0.6749651810584958 0.36195652173913045 0.010793871866295265 0.0391304347826087
4 0.8741295264623955 0.4206521739130435 0.01288300835654596 0.043478260869565216
4 0.22858635097493035 0.25706521739130433 0.008704735376044569 0.03369565217391304
4 0.41608635097493035 0.3157608695652174 0.009052924791086351 0.042391304347826085
2 0.4737116991643454 0.296195652173913 0.006615598885793872 0.02717391304347826
2 0.4387186629526462 0.3076086956521739 0.008356545961002786 0.034782608695652174
1 0.25104456824512533 0.34945652173913044 0.03064066852367688 0.125
0 0.05623259052924791 0.23695652173913043 0.0100974930362117 0.03695652173913044
0 0.15581476323119778 0.25706521739130433 0.012186629526462395 0.03804347826086957
0 0.23485376044568246 0.28043478260869564 0.01149025069637883 0.0391304347826087
4 0.33373955431754876 0.2847826086956522 0.008704735376044569 0.03695652173913044
4 0.5107938718662952 0.6375 0.04805013927576602 0.17717391304347826
1 0.49495125348189417 0.45 0.03238161559888579 0.16956521739130434
2 0.49512534818941506 0.28858695652173916 0.005571030640668524 0.02282608695652174
0 0.5508356545961003 0.3451086956521739 0.010445682451253482 0.042391304347826085
2 0.5104456824512534 0.2831521739130435 0.004178272980501393 0.01847826086956522
2 0.5316852367688022 0.28804347826086957 0.004874651810584958 0.01956521739130435
2 0.5722493036211699 0.2967391304347826 0.004526462395543176 0.01956521739130435
2 0.5564066852367688 0.33369565217391306 0.008356545961002786 0.03695652173913044
2 0.5691155988857939 0.30380434782608695 0.005222841225626741 0.02282608695652174
2 0.5536211699164345 0.29239130434782606 0.004874651810584958 0.01956521739130435