0 0.2520891364902507 0.5204037800687286 0.012534818941504178 0.018470790378006873
0 0.2668871866295265 0.5122422680412371 0.009401114206128134 0.014175257731958763
0 0.30135793871866295 0.538659793814433 0.017061281337047353 0.02491408934707904
0 0.34314066852367686 0.5088058419243986 0.007311977715877437 0.011597938144329897
0 0.41834958217270196 0.5083762886597938 0.006615598885793872 0.010738831615120275
0 0.48502785515320335 0.5105240549828178 0.006963788300835654 0.010738831615120275
0 0.5005222841225627 0.5728092783505154 0.02402506963788301 0.037371134020618556
0 0.5466573816155988 0.5133161512027491 0.006963788300835654 0.011168384879725086
0 0.6229108635097493 0.5173969072164949 0.00766016713091922 0.01245704467353952
0 0.7809888579387186 0.5844072164948454 0.026462395543175487 0.04252577319587629
0 0.7634052924791086 0.5468213058419243 0.014275766016713091 0.024054982817869417
0 0.9284470752089137 0.5367268041237113 0.01288300835654596 0.01761168384879725
4 0.17844707520891365 0.5558419243986255 0.023328690807799445 0.03350515463917526
4 0.4268802228412256 0.5311426116838488 0.01532033426183844 0.02190721649484536
4 0.6575557103064067 0.5341494845360825 0.01288300835654596 0.020189003436426118
4 0.8457520891364902 0.538659793814433 0.013231197771587743 0.019759450171821305
4 0.8690807799442897 0.5867697594501718 0.027158774373259052 0.041237113402061855
2 0.24303621169916434 0.571520618556701 0.026462395543175487 0.03994845360824742
2 0.41347493036211697 0.5375859106529209 0.017757660167130918 0.023625429553264604
2 0.5217618384401114 0.5302835051546392 0.01149025069637883 0.019329896907216496
2 0.7376392757660167 0.7338917525773195 0.0644150417827298 0.1129725085910653
2 0.9127785515320335 0.5674398625429553 0.026114206128133706 0.03264604810996564