1 0.45403899721448465 0.2902173913043478 0.006267409470752089 0.034782608695652174
4 0.26897632311977715 0.40543478260869564 0.02193593314763231 0.08478260869565217
0 0.8840529247910863 0.37228260869565216 0.005571030640668524 0.02282608695652174
1 0.4270543175487465 0.29184782608695653 0.007311977715877437 0.03804347826086957
0 0.5210654596100278 0.30869565217391304 0.005222841225626741 0.021739130434782608
4 0.913474930362117 0.3875 0.008008356545961003 0.029347826086956522
0 0.7606197771587744 0.34945652173913044 0.005919220055710306 0.02282608695652174
4 0.14589136490250695 0.3135869565217391 0.01532033426183844 0.05543478260869565
4 0.41208217270194986 0.29347826086956524 0.005919220055710306 0.02608695652173913
4 0.7876044568245125 0.3641304347826087 0.006963788300835654 0.02826086956521739
4 0.5236768802228412 0.7255434782608695 0.060584958217270196 0.22065217391304348
0 0.09139972144846796 0.21467391304347827 0.004526462395543176 0.01847826086956522
4 0.17879526462395542 0.2418478260869565 0.004526462395543176 0.020652173913043477
0 0.3386142061281337 0.2728260869565217 0.00383008356545961 0.01956521739130435
4 0.12952646239554316 0.2298913043478261 0.004874651810584958 0.020652173913043477
4 0.35341225626740946 0.28043478260869564 0.005571030640668524 0.02391304347826087
4 0.07033426183844012 0.21630434782608696 0.005571030640668524 0.021739130434782608
4 0.6011490250696379 0.3353260869565217 0.005919220055710306 0.02717391304347826
0 0.3850974930362117 0.2831521739130435 0.004874651810584958 0.020652173913043477
0 0.5985376044568245 0.32282608695652176 0.003481894150417827 0.021739130434782608
4 0.6883704735376045 0.34891304347826085 0.006963788300835654 0.02608695652173913
0 0.28847493036211697 0.26358695652173914 0.0031337047353760445 0.01847826086956522
4 0.504700557103064 0.31521739130434784 0.005919220055710306 0.02608695652173913
0 0.43837047353760444 0.29347826086956524 0.004178272980501393 0.01956521739130435
0 0.16260445682451252 0.23152173913043478 0.004178272980501393 0.017391304347826087
4 0.23206824512534818 0.2543478260869565 0.005222841225626741 0.021739130434782608
0 0.689066852367688 0.3375 0.005571030640668524 0.02282608695652174
0 0.22945682451253482 0.24782608695652175 0.003481894150417827 0.017391304347826087
1 0.3971100278551532 0.28369565217391307 0.008008356545961003 0.0391304347826087
4 0.29108635097493035 0.266304347826087 0.006267409470752089 0.02391304347826087