0 0.09853760445682451 0.5498281786941581 0.026462395543175487 0.03350515463917526
0 0.2078690807799443 0.5045103092783505 0.009749303621169917 0.014175257731958763
0 0.3083217270194986 0.5066580756013745 0.008704735376044569 0.01331615120274914
0 0.3427924791086351 0.5 0.007311977715877437 0.011168384879725086
0 0.4401114206128134 0.5201890034364262 0.013927576601671309 0.019759450171821305
0 0.487116991643454 0.4950601374570447 0.006267409470752089 0.00902061855670103
0 0.5363857938718662 0.49763745704467355 0.005919220055710306 0.010738831615120275
0 0.5520543175487466 0.5103092783505154 0.009401114206128134 0.015463917525773196
0 0.6140320334261838 0.501073883161512 0.007311977715877437 0.011597938144329897
0 0.6136838440111421 0.507946735395189 0.008704735376044569 0.014175257731958763
0 0.6114206128133705 0.523840206185567 0.012534818941504178 0.02104810996563574
0 0.6798398328690808 0.509020618556701 0.009401114206128134 0.015463917525773196
0 0.733983286908078 0.5380154639175257 0.018105849582172703 0.027061855670103094
0 0.807799442896936 0.5246993127147767 0.014623955431754874 0.02104810996563574
0 0.3831824512534819 0.538659793814433 0.018454038997214484 0.027491408934707903
4 0.34697075208913647 0.7096219931271478 0.0706824512534819 0.10824742268041238
4 0.28185933147632314 0.5987972508591065 0.03795264623955432 0.054982817869415807
4 0.24930362116991645 0.5178264604810997 0.013927576601671309 0.020189003436426118
4 0.4051183844011142 0.5019329896907216 0.008704735376044569 0.01331615120274914
4 0.4101671309192201 0.49677835051546393 0.006267409470752089 0.010738831615120275
4 0.42513927576601673 0.49398625429553267 0.006267409470752089 0.009450171821305841
4 0.4437674094707521 0.507946735395189 0.0100974930362117 0.015893470790378006
4 0.5431754874651811 0.49398625429553267 0.004874651810584958 0.00859106529209622
4 0.591225626740947 0.49699312714776633 0.006267409470752089 0.010309278350515464
4 0.6034122562674095 0.5027920962199313 0.00766016713091922 0.01245704467353952
4 0.6460654596100278 0.5032216494845361 0.008008356545961003 0.01331615120274914
4 0.7489554317548747 0.5158934707903781 0.011838440111420613 0.01804123711340206
4 0.9434192200557103 0.5642182130584192 0.014972144846796657 0.03651202749140894
2 0.4979108635097493 0.49785223367697595 0.006963788300835654 0.011168384879725086
2 0.5214136490250696 0.49312714776632305 0.005222841225626741 0.007731958762886598
2 0.5362116991643454 0.5057989690721649 0.009052924791086351 0.01331615120274914
2 0.5405640668523677 0.5017182130584192 0.007311977715877437 0.012027491408934709
2 0.5584958217270195 0.5122422680412371 0.011142061281337047 0.015893470790378006
2 0.6035863509749304 0.49785223367697595 0.006615598885793872 0.011168384879725086
2 0.6338788300835655 0.538659793814433 0.01915041782729805 0.027491408934707903
2 0.6836699164345403 0.521692439862543 0.012186629526462395 0.019329896907216496
2 0.7322423398328691 0.5083762886597938 0.009052924791086351 0.014175257731958763
2 0.8062325905292479 0.5734536082474226 0.029596100278551533 0.04209621993127148
2 0.9329735376044568 0.5208333333333334 0.01288300835654596 0.018470790378006873