0 0.13936170212765958 0.3851851851851852 0.011702127659574468 0.02962962962962963
0 0.20957446808510638 0.5587962962962963 0.036170212765957444 0.0824074074074074
0 0.8446808510638298 0.38981481481481484 0.014893617021276596 0.03148148148148148
0 0.19574468085106383 0.4023148148148148 0.013829787234042552 0.028703703703703703
0 0.23829787234042554 0.4689814814814815 0.02446808510638298 0.05462962962962963
0 0.7 0.37592592592592594 0.009574468085106383 0.022222222222222223
0 0.22952127659574467 0.4263888888888889 0.014361702127659574 0.03611111111111111
0 0.6013297872340425 0.3699074074074074 0.009042553191489361 0.019444444444444445
0 0.08058510638297872 0.38564814814814813 0.011170212765957447 0.023148148148148147
0 0.42154255319148937 0.362962962962963 0.006914893617021276 0.014814814814814815
0 0.498936170212766 0.3648148148148148 0.007446808510638298 0.018518518518518517
0 0.16436170212765958 0.3574074074074074 0.006382978723404255 0.012962962962962963
0 0.37207446808510636 0.36018518518518516 0.005851063829787234 0.014814814814814815
0 0.30851063829787234 0.35833333333333334 0.005319148936170213 0.014814814814814815
4 0.7888297872340425 0.41435185185185186 0.018085106382978722 0.03981481481481482
4 0.32845744680851063 0.38981481481481484 0.011170212765957447 0.025925925925925925
4 0.4720744680851064 0.41898148148148145 0.01648936170212766 0.03796296296296296
4 0.6731382978723405 0.39305555555555555 0.013297872340425532 0.028703703703703703
4 0.6162234042553192 0.38287037037037036 0.011170212765957447 0.021296296296296296
4 0.5452127659574468 0.4546296296296296 0.023404255319148935 0.05185185185185185
4 0.4098404255319149 0.40324074074074073 0.01223404255319149 0.028703703703703703
4 0.4526595744680851 0.36712962962962964 0.00851063829787234 0.017592592592592594
4 0.5412234042553191 0.3773148148148148 0.010106382978723405 0.025
4 0.6797872340425531 0.524537037037037 0.04042553191489362 0.08055555555555556
4 0.125531914893617 0.3726851851851852 0.007446808510638298 0.019444444444444445
4 0.24521276595744682 0.3787037037037037 0.009574468085106383 0.024074074074074074
4 0.2957446808510638 0.36203703703703705 0.007446808510638298 0.016666666666666666
4 0.0898936170212766 0.3648148148148148 0.005319148936170213 0.016666666666666666
4 0.10106382978723404 0.36435185185185187 0.006382978723404255 0.013888888888888888
4 0.13936170212765958 0.36157407407407405 0.005319148936170213 0.012037037037037037
4 0.1952127659574468 0.3763888888888889 0.00851063829787234 0.019444444444444445
4 0.36622340425531913 0.36574074074074076 0.0047872340425531915 0.014814814814814815