0 0.1615598885793872 0.617053264604811 0.04247910863509749 0.06486254295532647
0 0.1333565459610028 0.5167525773195877 0.013231197771587743 0.018900343642611683
0 0.2733286908077994 0.5197594501718213 0.011838440111420613 0.01804123711340206
0 0.2888231197771588 0.5105240549828178 0.008704735376044569 0.014175257731958763
0 0.4333217270194986 0.5049398625429553 0.005919220055710306 0.009879725085910653
0 0.5005222841225627 0.5088058419243986 0.007311977715877437 0.011597938144329897
0 0.5792130919220055 0.5255584192439863 0.012186629526462395 0.01761168384879725
0 0.599233983286908 0.5137457044673539 0.00766016713091922 0.01288659793814433
0 0.6263927576601671 0.5221219931271478 0.009749303621169917 0.015893470790378006
0 0.6998607242339833 0.5234106529209622 0.010445682451253482 0.015893470790378006
0 0.7150069637883009 0.5435996563573883 0.016364902506963788 0.024484536082474227
0 0.8884052924791086 0.5425257731958762 0.015668523676880222 0.02147766323024055
0 0.9049442896935933 0.561426116838488 0.02298050139275766 0.03006872852233677
0 0.5410863509749304 0.5747422680412371 0.027158774373259052 0.03951890034364261
0 0.5073119777158774 0.540807560137457 0.017409470752089137 0.02491408934707904
4 0.2503481894150418 0.5390893470790378 0.022284122562674095 0.028350515463917526
4 0.35863509749303624 0.5064432989690721 0.00766016713091922 0.01288659793814433
4 0.36159470752089135 0.5030068728522337 0.005919220055710306 0.011168384879725086
4 0.3770891364902507 0.5139604810996563 0.009749303621169917 0.015893470790378006
4 0.453516713091922 0.5223367697594502 0.01149025069637883 0.018900343642611683
4 0.4883356545961003 0.5036512027491409 0.005919220055710306 0.009879725085910653
4 0.5532729805013927 0.5081615120274914 0.006267409470752089 0.011168384879725086
4 0.5941852367688022 0.5154639175257731 0.008008356545961003 0.013745704467353952
4 0.6406685236768802 0.5165378006872853 0.008356545961002786 0.014175257731958763
4 0.79491643454039 0.531786941580756 0.011142061281337047 0.019759450171821305
4 0.8981545961002786 0.7414089347079038 0.09227019498607242 0.11941580756013746
2 0.46309192200557103 0.5023625429553265 0.005571030640668524 0.009879725085910653
2 0.45891364902506965 0.509020618556701 0.006963788300835654 0.012027491408934709
2 0.5219359331476323 0.5139604810996563 0.008356545961002786 0.01331615120274914
2 0.5342966573816156 0.5186855670103093 0.009401114206128134 0.015034364261168385
2 0.5710306406685237 0.5094501718213058 0.006963788300835654 0.011168384879725086
2 0.5954038997214485 0.5283505154639175 0.011838440111420613 0.01804123711340206
2 0.7439066852367688 0.5223367697594502 0.009401114206128134 0.014604810996563574
2 0.7630571030640668 0.5399484536082474 0.014275766016713091 0.020618556701030927
2 0.8246866295264624 0.5652920962199313 0.02402506963788301 0.03264604810996564