0 0.11873259052924791 0.5734536082474226 0.0201949860724234 0.027491408934707903
0 0.25069637883008355 0.6297250859106529 0.0403899721448468 0.05412371134020619
0 0.4190459610027855 0.5541237113402062 0.01288300835654596 0.018900343642611683
0 0.429491643454039 0.5414518900343642 0.009401114206128134 0.014175257731958763
0 0.4623955431754875 0.5339347079037801 0.00766016713091922 0.011168384879725086
0 0.49651810584958217 0.5629295532646048 0.016016713091922007 0.023625429553264604
0 0.5053969359331476 0.5298539518900344 0.006615598885793872 0.009879725085910653
0 0.5813022284122563 0.5281357388316151 0.005919220055710306 0.00902061855670103
0 0.6013231197771588 0.5934278350515464 0.025069637883008356 0.0390893470790378
0 0.6438022284122563 0.5274914089347079 0.006267409470752089 0.009450171821305841
0 0.6941155988857939 0.5287800687285223 0.007311977715877437 0.010309278350515464
0 0.6868036211699164 0.5521907216494846 0.012186629526462395 0.020189003436426118
0 0.737116991643454 0.5304982817869416 0.00766016713091922 0.011168384879725086
0 0.7855153203342619 0.5332903780068728 0.008356545961002786 0.01245704467353952
0 0.790041782729805 0.6531357388316151 0.04387186629526462 0.06915807560137457
4 0.1814066852367688 0.5558419243986255 0.01532033426183844 0.020618556701030927
4 0.3360027855153203 0.5448883161512027 0.010445682451253482 0.015893470790378006
4 0.528899721448468 0.5665807560137457 0.018105849582172703 0.02577319587628866
4 0.5186281337047354 0.5393041237113402 0.0100974930362117 0.015034364261168385
4 0.6857590529247911 0.5444587628865979 0.01149025069637883 0.01761168384879725
4 0.8419220055710307 0.5496134020618557 0.016016713091922007 0.020189003436426118
4 0.9425487465181058 0.5582044673539519 0.016713091922005572 0.02534364261168385
2 0.2381615598885794 0.5723797250859106 0.018105849582172703 0.027920962199312716
2 0.3279944289693593 0.5493986254295533 0.011142061281337047 0.01718213058419244
2 0.48729108635097496 0.541881443298969 0.009401114206128134 0.015034364261168385
2 0.5952298050139275 0.5403780068728522 0.0100974930362117 0.014604810996563574
2 0.6594707520891365 0.5640034364261168 0.016713091922005572 0.02663230240549828
2 0.7552228412256268 0.5925687285223368 0.02924791086350975 0.03994845360824742