0 0.7582446808510638 0.42962962962962964 0.022872340425531913 0.024074074074074074
0 0.5914893617021276 0.4078703703703704 0.014893617021276596 0.017592592592592594
0 0.5156914893617022 0.39814814814814814 0.01223404255319149 0.014814814814814815
0 0.4728723404255319 0.3888888888888889 0.010638297872340425 0.012962962962962963
0 0.39441489361702126 0.37962962962962965 0.007978723404255319 0.009259259259259259
4 0.27632978723404256 0.48703703703703705 0.02925531914893617 0.05925925925925926
4 0.474468085106383 0.5310185185185186 0.036170212765957444 0.0824074074074074
4 0.13164893617021275 0.45787037037037037 0.021808510638297873 0.04722222222222222
4 0.08670212765957447 0.37777777777777777 0.00851063829787234 0.020370370370370372
4 0.9061170212765958 0.6944444444444444 0.03776595744680851 0.1685185185185185
2 0.09228723404255319 0.4009259259259259 0.014361702127659574 0.020370370370370372
2 0.15345744680851064 0.37546296296296294 0.009042553191489361 0.012037037037037037
2 0.16382978723404254 0.3726851851851852 0.010638297872340425 0.013888888888888888