0 0.25922701949860727 0.49728260869565216 0.021239554317548745 0.08804347826086957
0 0.283600278551532 0.42336956521739133 0.01288300835654596 0.05326086956521739
0 0.3266016713091922 0.7271739130434782 0.059192200557103065 0.20217391304347826
0 0.89258356545961 0.425 0.012186629526462395 0.04565217391304348
4 0.6006267409470752 0.3739130434782609 0.006267409470752089 0.02608695652173913
4 0.7881267409470752 0.45217391304347826 0.015668523676880222 0.058695652173913045
4 0.7068245125348189 0.4201086956521739 0.012534818941504178 0.04456521739130435
4 0.9394150417827298 0.4 0.008356545961002786 0.02826086956521739
0 0.5308147632311978 0.3630434782608696 0.005919220055710306 0.021739130434782608
4 0.7552228412256268 0.595108695652174 0.03899721448467967 0.13152173913043477
4 0.7237116991643454 0.4016304347826087 0.010793871866295265 0.035869565217391305
0 0.5933147632311978 0.36195652173913045 0.004874651810584958 0.01956521739130435
0 0.8763927576601671 0.38804347826086955 0.006963788300835654 0.02391304347826087
4 0.5478760445682451 0.37717391304347825 0.007311977715877437 0.02826086956521739
4 0.8306058495821727 0.3875 0.007311977715877437 0.02717391304347826
2 0.18192896935933148 0.3358695652173913 0.004526462395543176 0.017391304347826087
0 0.6730501392757661 0.36630434782608695 0.005571030640668524 0.01956521739130435
0 0.31963788300835655 0.391304347826087 0.009749303621169917 0.0391304347826087
0 0.3849233983286908 0.3744565217391304 0.007311977715877437 0.029347826086956522
2 0.06006267409470752 0.3423913043478261 0.006615598885793872 0.02391304347826087
2 0.11821030640668524 0.3375 0.005222841225626741 0.020652173913043477
0 0.7672353760445683 0.375 0.005919220055710306 0.02391304347826087
4 0.7954387186629527 0.39456521739130435 0.008704735376044569 0.03260869565217391
4 0.6472841225626741 0.37228260869565216 0.006963788300835654 0.025
4 0.7305013927576601 0.37880434782608696 0.006267409470752089 0.025
4 0.5658077994428969 0.48586956521739133 0.02298050139275766 0.0782608695652174
4 0.9075557103064067 0.40108695652173915 0.009401114206128134 0.03260869565217391