0 0.2026595744680851 0.500462962962963 0.03297872340425532 0.06759259259259259
0 0.7446808510638298 0.3851851851851852 0.009574468085106383 0.020370370370370372
0 0.35452127659574467 0.4476851851851852 0.018617021276595744 0.04537037037037037
0 0.8659574468085106 0.38935185185185184 0.009574468085106383 0.019444444444444445
0 0.3170212765957447 0.39861111111111114 0.00851063829787234 0.023148148148148147
0 0.40345744680851064 0.40046296296296297 0.009042553191489361 0.026851851851851852
0 0.21569148936170213 0.39490740740740743 0.007978723404255319 0.019444444444444445
0 0.6545212765957447 0.38287037037037036 0.007978723404255319 0.019444444444444445
0 0.5912234042553192 0.3814814814814815 0.005851063829787234 0.016666666666666666
0 0.5430851063829787 0.3800925925925926 0.007446808510638298 0.017592592592592594
0 0.43936170212765957 0.4217592592592593 0.014893617021276596 0.03425925925925926
0 0.4476063829787234 0.40879629629629627 0.01223404255319149 0.028703703703703703
4 0.8702127659574468 0.4597222222222222 0.02553191489361702 0.05092592592592592
4 0.6053191489361702 0.38981481481481484 0.010638297872340425 0.024074074074074074
4 0.5704787234042553 0.3939814814814815 0.010106382978723405 0.023148148148148147
4 0.7776595744680851 0.399537037037037 0.011702127659574468 0.025
4 0.6534574468085106 0.44166666666666665 0.017553191489361703 0.044444444444444446
4 0.8074468085106383 0.4273148148148148 0.01702127659574468 0.03611111111111111
4 0.6832446808510638 0.46944444444444444 0.023936170212765957 0.05925925925925926
4 0.8712765957446809 0.5893518518518519 0.059574468085106386 0.11388888888888889
4 0.688031914893617 0.3925925925925926 0.007978723404255319 0.024074074074074074
4 0.6946808510638298 0.42592592592592593 0.01276595744680851 0.03518518518518519
4 0.5148936170212766 0.3912037037037037 0.007446808510638298 0.023148148148148147
4 0.37553191489361704 0.3875 0.00851063829787234 0.023148148148148147
4 0.6473404255319148 0.4 0.011702127659574468 0.025925925925925925
4 0.8029255319148936 0.4083333333333333 0.01223404255319149 0.027777777777777776
4 0.7007978723404256 0.4125 0.009042553191489361 0.026851851851851852
4 0.5202127659574468 0.3888888888888889 0.006382978723404255 0.020370370370370372
4 0.43696808510638296 0.3902777777777778 0.010106382978723405 0.023148148148148147
4 0.46117021276595743 0.3837962962962963 0.010638297872340425 0.019444444444444445