4 0.903725626740947 0.7701086956521739 0.03447075208913649 0.1532608695652174
0 0.20403899721448468 0.7630434782608696 0.033426183844011144 0.1673913043478261
0 0.3763927576601671 0.5163043478260869 0.02576601671309192 0.09782608695652174
0 0.42009052924791085 0.43967391304347825 0.018454038997214484 0.06195652173913044
0 0.4451601671309192 0.40217391304347827 0.01149025069637883 0.043478260869565216
0 0.45769498607242337 0.38206521739130433 0.008704735376044569 0.03369565217391304
0 0.46831476323119775 0.36630434782608695 0.006963788300835654 0.02608695652173913
0 0.4735376044568245 0.35706521739130437 0.005571030640668524 0.02282608695652174
4 0.6873259052924791 0.5304347826086957 0.026462395543175487 0.10434782608695652
4 0.6183844011142061 0.4483695652173913 0.016713091922005572 0.0641304347826087
4 0.5823467966573816 0.4043478260869565 0.010793871866295265 0.043478260869565216
4 0.5651114206128134 0.3826086956521739 0.008356545961002786 0.034782608695652174
4 0.5530988857938719 0.36684782608695654 0.006615598885793872 0.02717391304347826
4 0.5440459610027855 0.35706521739130437 0.005222841225626741 0.02282608695652174
4 0.538474930362117 0.34945652173913044 0.004526462395543176 0.01847826086956522
0 0.24512534818941503 0.43043478260869567 0.01532033426183844 0.058695652173913045
0 0.27681058495821725 0.3967391304347826 0.011142061281337047 0.043478260869565216
0 0.06267409470752089 0.47934782608695653 0.027158774373259052 0.08260869565217391
0 0.31737465181058494 0.358695652173913 0.005919220055710306 0.02391304347826087
0 0.3870125348189415 0.35434782608695653 0.005222841225626741 0.021739130434782608
4 0.5269846796657381 0.3451086956521739 0.00383008356545961 0.016304347826086956
4 0.5027855153203342 0.3418478260869565 0.004178272980501393 0.016304347826086956
0 0.25470055710306405 0.3766304347826087 0.008008356545961003 0.03152173913043478
4 0.09993036211699165 0.38858695652173914 0.012534818941504178 0.04021739130434782
4 0.11420612813370473 0.3695652173913043 0.009749303621169917 0.03260869565217391
4 0.13178969359331477 0.3592391304347826 0.007311977715877437 0.02717391304347826
4 0.21413649025069637 0.35543478260869565 0.006963788300835654 0.02391304347826087
4 0.29126044568245124 0.3516304347826087 0.005919220055710306 0.02282608695652174
4 0.33548050139275765 0.3483695652173913 0.005222841225626741 0.020652173913043477
4 0.4933844011142061 0.3391304347826087 0.003481894150417827 0.015217391304347827
0 0.41643454038997213 0.35 0.004874651810584958 0.01956521739130435
0 0.4129526462395543 0.34402173913043477 0.003481894150417827 0.016304347826086956
0 0.46291782729805014 0.3456521739130435 0.00383008356545961 0.015217391304347827
0 0.47197075208913647 0.35 0.0031337047353760445 0.017391304347826087
4 0.31702646239554316 0.33804347826086956 0.004526462395543176 0.015217391304347827
4 0.31197771587743733 0.33369565217391306 0.004178272980501393 0.015217391304347827
0 0.3831824512534819 0.34130434782608693 0.00383008356545961 0.015217391304347827
0 0.4505571030640669 0.3423913043478261 0.003481894150417827 0.015217391304347827