4 0.570508356545961 0.38206521739130433 0.017061281337047353 0.06195652173913044
0 0.8614206128133705 0.375 0.009052924791086351 0.03695652173913044
0 0.2578342618384401 0.36032608695652174 0.019846796657381614 0.07282608695652174
0 0.7047353760445683 0.3467391304347826 0.009052924791086351 0.034782608695652174
0 0.423050139275766 0.33260869565217394 0.011838440111420613 0.04782608695652174
4 0.4881615598885794 0.4206521739130435 0.023676880222841225 0.08478260869565217
0 0.5661559888579387 0.33260869565217394 0.009052924791086351 0.041304347826086954
4 0.45107938718662954 0.5505434782608696 0.03586350974930362 0.14673913043478262
4 0.7783774373259053 0.3826086956521739 0.012186629526462395 0.04565217391304348
4 0.6695682451253482 0.3744565217391304 0.013927576601671309 0.04891304347826087
4 0.9113857938718662 0.4048913043478261 0.01288300835654596 0.04456521739130435
2 0.8457520891364902 0.35108695652173916 0.00766016713091922 0.02826086956521739
2 0.9173050139275766 0.36032608695652174 0.008008356545961003 0.02717391304347826
2 0.929491643454039 0.37880434782608696 0.010793871866295265 0.03369565217391304
3 0.8274721448467967 0.3358695652173913 0.004526462395543176 0.02391304347826087
3 0.778899721448468 0.3282608695652174 0.008356545961002786 0.02608695652173913
3 0.7183147632311978 0.3070652173913043 0.005571030640668524 0.020652173913043477
3 0.6934192200557103 0.3076086956521739 0.005222841225626741 0.02391304347826087
3 0.596100278551532 0.28858695652173916 0.004178272980501393 0.016304347826086956
3 0.5919220055710307 0.2831521739130435 0.003481894150417827 0.01847826086956522
3 0.5090529247910863 0.2766304347826087 0.004178272980501393 0.02282608695652174
3 0.48746518105849584 0.266304347826087 0.004178272980501393 0.017391304347826087
3 0.4138231197771588 0.2657608695652174 0.005222841225626741 0.020652173913043477
3 0.40685933147632314 0.25815217391304346 0.004526462395543176 0.01847826086956522
3 0.35724233983286907 0.24891304347826088 0.003481894150417827 0.017391304347826087
3 0.344533426183844 0.2516304347826087 0.005222841225626741 0.020652173913043477
3 0.3286908077994429 0.26032608695652176 0.004178272980501393 0.02282608695652174
3 0.272458217270195 0.24728260869565216 0.004526462395543176 0.02282608695652174
3 0.29091225626740946 0.2418478260869565 0.0031337047353760445 0.020652173913043477
3 0.3018802228412256 0.23641304347826086 0.003481894150417827 0.01847826086956522
3 0.2552228412256267 0.2625 0.00766016713091922 0.029347826086956522
3 0.19690111420612813 0.2766304347826087 0.009401114206128134 0.035869565217391305
3 0.2214484679665738 0.22717391304347825 0.004178272980501393 0.017391304347826087
3 0.18697771587743733 0.2326086956521739 0.004874651810584958 0.021739130434782608
3 0.12761142061281336 0.2407608695652174 0.006615598885793872 0.02717391304347826