0 0.11368384401114207 0.5143900343642611 0.0100974930362117 0.015034364261168385
0 0.1758356545961003 0.5607817869415808 0.017409470752089137 0.03479381443298969
0 0.19307103064066852 0.5201890034364262 0.008008356545961003 0.01632302405498282
0 0.31337047353760444 0.5463917525773195 0.016713091922005572 0.027491408934707903
0 0.3178969359331476 0.5279209621993127 0.009749303621169917 0.018900343642611683
0 0.4347144846796657 0.5476804123711341 0.018454038997214484 0.02663230240549828
0 0.29143454038997213 0.6398195876288659 0.04387186629526462 0.06915807560137457
0 0.7379874651810585 0.5981529209621993 0.03307799442896936 0.0468213058419244
0 0.8081476323119777 0.7652491408934707 0.08844011142061281 0.13015463917525774
4 0.2137883008356546 0.511168384879725 0.009052924791086351 0.013745704467353952
4 0.28290389972144847 0.5180412371134021 0.0100974930362117 0.015463917525773196
4 0.29717966573816157 0.5326460481099656 0.014275766016713091 0.02147766323024055
4 0.3696030640668524 0.532860824742268 0.013579387186629526 0.02190721649484536
4 0.5766016713091922 0.5674398625429553 0.02158774373259053 0.03436426116838488
2 0.12273676880222842 0.521692439862543 0.014275766016713091 0.018470790378006873
2 0.18610724233983286 0.5685137457044673 0.029596100278551533 0.03823024054982818
2 0.16678272980501394 0.5416666666666666 0.0201949860724234 0.02577319587628866
2 0.18871866295264625 0.530713058419244 0.01532033426183844 0.02190721649484536
2 0.17931754874651812 0.510094501718213 0.009052924791086351 0.01331615120274914
2 0.30275069637883006 0.5201890034364262 0.008008356545961003 0.015463917525773196
2 0.516016713091922 0.5433848797250859 0.016016713091922007 0.024054982817869417
2 0.47736768802228413 0.6024484536082474 0.029944289693593314 0.048539518900343644
2 0.8516713091922006 0.5657216494845361 0.022284122562674095 0.03006872852233677