0 0.22928272980501394 0.5442439862542955 0.013579387186629526 0.019759450171821305
0 0.3165041782729805 0.6516323024054983 0.04596100278551532 0.070446735395189
0 0.395891364902507 0.561426116838488 0.018802228412256268 0.029209621993127148
0 0.4275766016713092 0.5274914089347079 0.009052924791086351 0.014604810996563574
0 0.421483286908078 0.5197594501718213 0.007311977715877437 0.011168384879725086
0 0.4411559888579387 0.5139604810996563 0.006267409470752089 0.009879725085910653
0 0.4738857938718663 0.5103092783505154 0.005571030640668524 0.00859106529209622
0 0.4958217270194986 0.530713058419244 0.010445682451253482 0.01675257731958763
0 0.5370821727019499 0.5073024054982818 0.004526462395543176 0.007731958762886598
0 0.591225626740947 0.5055841924398625 0.004874651810584958 0.007731958762886598
0 0.6331824512534819 0.5057989690721649 0.004526462395543176 0.00816151202749141
0 0.6681754874651811 0.506872852233677 0.004874651810584958 0.00859106529209622
0 0.7063022284122563 0.5077319587628866 0.005919220055710306 0.009450171821305841
0 0.838091922005571 0.5156786941580757 0.011142061281337047 0.015034364261168385
0 0.8870125348189415 0.5358676975945017 0.017757660167130918 0.024484536082474227
0 0.8824860724233984 0.635094501718213 0.05536211699164345 0.06829896907216494
0 0.6803621169916435 0.5562714776632303 0.0201949860724234 0.030927835051546393
0 0.6284818941504178 0.5212628865979382 0.009052924791086351 0.014175257731958763
0 0.5797353760445683 0.5416666666666666 0.01532033426183844 0.023195876288659795
0 0.5840877437325905 0.7199312714776632 0.06580779944289694 0.10481099656357389
4 0.24181754874651812 0.5339347079037801 0.0100974930362117 0.015463917525773196
4 0.3492339832869081 0.5240549828178694 0.008356545961002786 0.01288659793814433
4 0.3450557103064067 0.5867697594501718 0.025069637883008356 0.041237113402061855
4 0.4937325905292479 0.5158934707903781 0.00766016713091922 0.012027491408934709
4 0.5212395543175488 0.5320017182130584 0.011838440111420613 0.01761168384879725
4 0.7399025069637883 0.5167525773195877 0.011142061281337047 0.015463917525773196
4 0.8010097493036211 0.5201890034364262 0.012186629526462395 0.01718213058419244
4 0.6272632311977716 0.5165378006872853 0.008704735376044569 0.01331615120274914
2 0.07103064066852367 0.6539948453608248 0.04456824512534819 0.06743986254295532
2 0.15581476323119778 0.5670103092783505 0.022632311977715876 0.028350515463917526
2 0.31754874651810583 0.5405927835051546 0.013231197771587743 0.019329896907216496
2 0.3492339832869081 0.5270618556701031 0.009052924791086351 0.01288659793814433
2 0.47040389972144847 0.5186855670103093 0.00766016713091922 0.01245704467353952
2 0.5557103064066853 0.5156786941580757 0.006963788300835654 0.011597938144329897
2 0.8264275766016713 0.6101804123711341 0.04213091922005571 0.05713058419243986
2 0.6704387186629527 0.5382302405498282 0.016364902506963788 0.023195876288659795
2 0.6105501392757661 0.5277061855670103 0.010793871866295265 0.01761168384879725
2 0.5503133704735376 0.5702319587628866 0.02402506963788301 0.033934707903780066