4 0.2849930362116992 0.3673913043478261 0.02193593314763231 0.07608695652173914
0 0.9030292479108635 0.3684782608695652 0.009401114206128134 0.034782608695652174
4 0.8816155988857939 0.38913043478260867 0.011838440111420613 0.04565217391304348
0 0.786908077994429 0.3347826086956522 0.008356545961002786 0.02826086956521739
0 0.6812325905292479 0.3076086956521739 0.006615598885793872 0.02826086956521739
0 0.3629874651810585 0.25815217391304346 0.006615598885793872 0.02717391304347826
4 0.49425487465181056 0.4326086956521739 0.02541782729805014 0.09347826086956522
4 0.924791086350975 0.42336956521739133 0.016016713091922007 0.05543478260869565
4 0.4032033426183844 0.2728260869565217 0.00766016713091922 0.030434782608695653
4 0.7614902506963789 0.47119565217391307 0.025069637883008356 0.08804347826086957
2 0.1469359331476323 0.22717391304347825 0.006267409470752089 0.02608695652173913
0 0.4556058495821727 0.6510869565217391 0.05118384401114206 0.19782608695652174
4 0.9049442896935933 0.45760869565217394 0.0201949860724234 0.07173913043478261
4 0.26096796657381616 0.275 0.010793871866295265 0.03695652173913044
4 0.32764623955431754 0.27010869565217394 0.008356545961002786 0.03369565217391304
4 0.6551183844011143 0.3135869565217391 0.007311977715877437 0.029347826086956522
4 0.8126740947075209 0.358695652173913 0.009749303621169917 0.03695652173913044
0 0.469533426183844 0.2717391304347826 0.006615598885793872 0.02608695652173913
4 0.48624651810584957 0.2826086956521739 0.007311977715877437 0.030434782608695653
1 0.219533426183844 0.3070652173913043 0.022632311977715876 0.10108695652173913
0 0.16591225626740946 0.2532608695652174 0.008704735376044569 0.034782608695652174
1 0.20456128133704735 0.29184782608695653 0.017061281337047353 0.09021739130434783
2 0.05501392757660167 0.20869565217391303 0.006267409470752089 0.02391304347826087
4 0.20734679665738162 0.3168478260869565 0.013579387186629526 0.06195652173913044
2 0.1392757660167131 0.21684782608695652 0.005571030640668524 0.02282608695652174
2 0.06093314763231198 0.2016304347826087 0.004874651810584958 0.020652173913043477
0 0.2618384401114206 0.25271739130434784 0.008356545961002786 0.03152173913043478
0 0.5764275766016713 0.28858695652173916 0.005222841225626741 0.025
4 0.5715529247910863 0.2967391304347826 0.006615598885793872 0.02826086956521739
2 0.11176880222841226 0.20597826086956522 0.004178272980501393 0.020652173913043477
4 0.733983286908078 0.33369565217391306 0.008356545961002786 0.03260869565217391
4 0.21448467966573817 0.28695652173913044 0.010445682451253482 0.05217391304347826
2 0.0868732590529248 0.20380434782608695 0.004526462395543176 0.020652173913043477
2 0.15807799442896936 0.2440217391304348 0.008356545961002786 0.03152173913043478
2 0.13248607242339833 0.20978260869565218 0.004526462395543176 0.01956521739130435