0 0.2358983286908078 0.8509450171821306 0.1208217270194986 0.17697594501718214
0 0.14397632311977715 0.5178264604810997 0.0100974930362117 0.015034364261168385
0 0.2479108635097493 0.5165378006872853 0.008356545961002786 0.014175257731958763
0 0.32886490250696376 0.5193298969072165 0.008704735376044569 0.014604810996563574
0 0.40006963788300837 0.523840206185567 0.009749303621169917 0.015034364261168385
0 0.4869428969359331 0.529639175257732 0.0100974930362117 0.01632302405498282
0 0.5757311977715878 0.5957903780068728 0.03377437325905292 0.04639175257731959
0 0.8838788300835655 0.5622852233676976 0.01915041782729805 0.027491408934707903
4 0.0665041782729805 0.5573453608247423 0.026462395543175487 0.03479381443298969
4 0.4543871866295265 0.5616408934707904 0.018802228412256268 0.0313573883161512
4 0.7527855153203342 0.5689432989690721 0.020891364902506964 0.03307560137457045
2 0.24965181058495822 0.5536941580756014 0.020891364902506964 0.03006872852233677
2 0.8234679665738162 0.6862113402061856 0.06894150417827298 0.08805841924398626