0 0.7827127659574468 0.43287037037037035 0.02074468085106383 0.041666666666666664
0 0.3901595744680851 0.49722222222222223 0.03138297872340425 0.07222222222222222
0 0.11117021276595744 0.39351851851851855 0.015957446808510637 0.037037037037037035
0 0.3561170212765957 0.4449074074074074 0.021808510638297873 0.05092592592592592
0 0.2574468085106383 0.4097222222222222 0.01702127659574468 0.03611111111111111
0 0.2327127659574468 0.6925925925925925 0.09095744680851064 0.17592592592592593
4 0.39574468085106385 0.39305555555555555 0.014893617021276596 0.030555555555555555
4 0.5279255319148937 0.4185185185185185 0.017553191489361703 0.03888888888888889
4 0.2175531914893617 0.37777777777777777 0.013829787234042552 0.025925925925925925
2 0.6382978723404256 0.35324074074074074 0.00851063829787234 0.017592592592592594
2 0.7353723404255319 0.4125 0.01648936170212766 0.03425925925925926
2 0.5598404255319149 0.4027777777777778 0.014361702127659574 0.03333333333333333
2 0.6632978723404256 0.35324074074074074 0.00851063829787234 0.019444444444444445
2 0.7082446808510638 0.37083333333333335 0.009042553191489361 0.023148148148148147
2 0.5710106382978724 0.38287037037037036 0.011170212765957447 0.028703703703703703
2 0.5805851063829788 0.3680555555555556 0.009042553191489361 0.025
2 0.5872340425531914 0.35694444444444445 0.006382978723404255 0.021296296296296296
2 0.5920212765957447 0.35185185185185186 0.005319148936170213 0.020370370370370372
2 0.613563829787234 0.35138888888888886 0.006914893617021276 0.019444444444444445
2 0.6851063829787234 0.3527777777777778 0.005319148936170213 0.020370370370370372
2 0.6946808510638298 0.3597222222222222 0.006382978723404255 0.025
2 0.7218085106382979 0.38796296296296295 0.011702127659574468 0.03518518518518519
1 0.3316489361702128 0.5634259259259259 0.06436170212765957 0.18796296296296297