0 0.1288300835654596 0.7746621621621622 0.12256267409470752 0.26013513513513514
0 0.7587047353760445 0.27668918918918917 0.022284122562674095 0.04256756756756757
0 0.5111420612813371 0.28547297297297297 0.017409470752089137 0.038513513513513516
0 0.3763927576601671 0.2827702702702703 0.01532033426183844 0.03445945945945946
0 0.25 0.27668918918918917 0.01532033426183844 0.03175675675675676
4 0.10776462395543175 0.35371621621621624 0.030988857938718663 0.06283783783783783
4 0.3556754874651811 0.36317567567567566 0.030988857938718663 0.06824324324324324
4 0.40163649025069637 0.34662162162162163 0.028899721448467967 0.060810810810810814
4 0.7668871866295265 0.40304054054054056 0.04700557103064067 0.09932432432432432
4 0.193941504178273 0.33006756756756755 0.02576601671309192 0.05337837837837838
4 0.7677576601671309 0.35405405405405405 0.034818941504178275 0.07567567567567568
4 0.05692896935933148 0.3108108108108108 0.016364902506963788 0.04594594594594595
2 0.23520194986072424 0.2756756756756757 0.014972144846796657 0.031081081081081083