0 0.4452127659574468 0.5797297297297297 0.009574468085106383 0.01891891891891892
0 0.2771276595744681 0.6543918918918918 0.035106382978723406 0.057432432432432436
0 0.149468085106383 0.5722972972972973 0.00851063829787234 0.01756756756756757
0 0.36356382978723406 0.5753378378378379 0.009042553191489361 0.016891891891891893
0 0.5848404255319148 0.6087837837837838 0.014361702127659574 0.024324324324324326
0 0.4946808510638298 0.5851351351351352 0.010638297872340425 0.01756756756756757
0 0.45797872340425533 0.6287162162162162 0.022340425531914895 0.038513513513513516
0 0.7835106382978724 0.5787162162162162 0.00851063829787234 0.012837837837837839
0 0.2531914893617021 0.572972972972973 0.00851063829787234 0.016216216216216217
0 0.5577127659574468 0.6182432432432432 0.018617021276595744 0.02972972972972973
0 0.32978723404255317 0.5631756756756757 0.005319148936170213 0.010135135135135136
0 0.5476063829787234 0.5956081081081082 0.01223404255319149 0.020945945945945947
0 0.5906914893617021 0.5702702702702702 0.0047872340425531915 0.010810810810810811
0 0.6776595744680851 0.5743243243243243 0.006382978723404255 0.010810810810810811
0 0.5210106382978723 0.5689189189189189 0.005851063829787234 0.012162162162162163
0 0.4151595744680851 0.5652027027027027 0.005851063829787234 0.010135135135135136
0 0.2473404255319149 0.5618243243243243 0.005319148936170213 0.011486486486486487
4 0.902127659574468 0.6385135135135135 0.026595744680851064 0.03648648648648649
4 0.7861702127659574 0.6057432432432432 0.01702127659574468 0.02364864864864865
4 0.6529255319148937 0.5746621621621621 0.007978723404255319 0.01418918918918919
4 0.6683510638297873 0.5881756756756756 0.010106382978723405 0.016891891891891893
4 0.27420212765957447 0.5645270270270271 0.005851063829787234 0.011486486486486487
4 0.7428191489361702 0.5780405405405405 0.007978723404255319 0.015540540540540541
4 0.5609042553191489 0.5766891891891892 0.010106382978723405 0.016891891891891893
4 0.3752659574468085 0.5672297297297297 0.007978723404255319 0.015540540540540541
4 0.8704787234042554 0.6229729729729729 0.022872340425531913 0.02837837837837838
4 0.4702127659574468 0.5699324324324324 0.00851063829787234 0.01418918918918919
4 0.22154255319148936 0.5614864864864865 0.006914893617021276 0.012162162162162163
4 0.2978723404255319 0.5631756756756757 0.00425531914893617 0.007432432432432433
4 0.899468085106383 0.5864864864864865 0.011702127659574468 0.01756756756756757
4 0.5784574468085106 0.5726351351351351 0.0047872340425531915 0.01418918918918919
4 0.4978723404255319 0.5692567567567568 0.005319148936170213 0.011486486486486487
4 0.39441489361702126 0.5658783783783784 0.006914893617021276 0.012837837837837839
4 0.16356382978723405 0.5618243243243243 0.007978723404255319 0.015540540540540541