0 0.7242021276595745 0.39537037037037037 0.013297872340425532 0.03333333333333333
0 0.8922872340425532 0.38425925925925924 0.013297872340425532 0.025925925925925925
0 0.09920212765957447 0.4162037037037037 0.017553191489361703 0.03981481481481482
0 0.5816489361702127 0.4152777777777778 0.014361702127659574 0.03796296296296296
0 0.22792553191489362 0.44166666666666665 0.02074468085106383 0.046296296296296294
0 0.26595744680851063 0.5935185185185186 0.047872340425531915 0.1111111111111111
4 0.761968085106383 0.4324074074074074 0.018617021276595744 0.046296296296296294
4 0.7888297872340425 0.5851851851851851 0.04893617021276596 0.11481481481481481
4 0.8643617021276596 0.4115740740740741 0.015957446808510637 0.03796296296296296
4 0.7066489361702127 0.4777777777777778 0.025 0.07037037037037037
4 0.3715425531914894 0.41388888888888886 0.01648936170212766 0.03888888888888889
4 0.23324468085106384 0.3976851851851852 0.013297872340425532 0.03611111111111111
2 0.42446808510638295 0.35509259259259257 0.007446808510638298 0.01574074074074074
2 0.5263297872340426 0.3837962962962963 0.009042553191489361 0.023148148148148147
2 0.3928191489361702 0.4023148148148148 0.011170212765957447 0.032407407407407406
2 0.4454787234042553 0.35462962962962963 0.006914893617021276 0.018518518518518517
2 0.4678191489361702 0.35462962962962963 0.007978723404255319 0.018518518518518517
2 0.4875 0.3537037037037037 0.006914893617021276 0.018518518518518517
2 0.49813829787234043 0.3592592592592593 0.005851063829787234 0.018518518518518517
2 0.511436170212766 0.36898148148148147 0.007978723404255319 0.023148148148148147
2 0.5422872340425532 0.399537037037037 0.010106382978723405 0.03611111111111111
1 0.17180851063829788 0.6402777777777777 0.10319148936170212 0.24537037037037038
1 0.8922872340425532 0.6273148148148148 0.06542553191489361 0.22685185185185186
1 0.7305851063829787 0.5027777777777778 0.05585106382978723 0.13148148148148148
1 0.29414893617021276 0.5162037037037037 0.052127659574468084 0.14166666666666666