0 0.19080779944289694 0.6610824742268041 0.056406685236768804 0.08075601374570447
0 0.06615598885793872 0.5655068728522337 0.03203342618384401 0.03565292096219931
0 0.15146239554317548 0.5173969072164949 0.009749303621169917 0.015034364261168385
0 0.19428969359331477 0.5332903780068728 0.017409470752089137 0.014175257731958763
0 0.33373955431754876 0.5347938144329897 0.014275766016713091 0.02147766323024055
0 0.34940807799442897 0.5120274914089347 0.007311977715877437 0.01288659793814433
0 0.46692200557103064 0.5017182130584192 0.005571030640668524 0.009450171821305841
0 0.4885097493036212 0.5070876288659794 0.006267409470752089 0.011597938144329897
0 0.5339484679665738 0.5240549828178694 0.015668523676880222 0.01288659793814433
0 0.8459261838440112 0.5753865979381443 0.027506963788300837 0.04338487972508591
4 0.056406685236768804 0.5354381443298969 0.01532033426183844 0.023625429553264604
4 0.1875 0.5472508591065293 0.017061281337047353 0.024054982817869417
4 0.25713788300835655 0.5766752577319587 0.03238161559888579 0.040807560137457045
4 0.2931754874651811 0.5500429553264605 0.02437325905292479 0.019329896907216496
4 0.24634401114206128 0.5195446735395189 0.010793871866295265 0.015034364261168385
4 0.3450557103064067 0.5242697594501718 0.011142061281337047 0.01675257731958763
4 0.45282033426183843 0.5051546391752577 0.006615598885793872 0.010309278350515464
4 0.4843314763231198 0.5135309278350515 0.008356545961002786 0.014175257731958763
4 0.5362116991643454 0.5141752577319587 0.009052924791086351 0.014604810996563574
4 0.6211699164345403 0.5384450171821306 0.019498607242339833 0.019329896907216496
2 0.5903551532033426 0.555627147766323 0.02054317548746518 0.024484536082474227