0 0.09348885793871867 0.5620704467353952 0.02541782729805014 0.03307560137457045
0 0.217966573816156 0.5161082474226805 0.009749303621169917 0.01331615120274914
0 0.2957869080779944 0.5186855670103093 0.009401114206128134 0.015034364261168385
0 0.29874651810584957 0.5390893470790378 0.01532033426183844 0.023195876288659795
0 0.4556058495821727 0.5919243986254296 0.03377437325905292 0.048109965635738834
0 0.44446378830083566 0.5517611683848798 0.02402506963788301 0.03049828178694158
0 0.37795961002785516 0.5107388316151202 0.008008356545961003 0.012027491408934709
0 0.5113161559888579 0.5274914089347079 0.012186629526462395 0.019759450171821305
0 0.567374651810585 0.5045103092783505 0.006615598885793872 0.010738831615120275
0 0.6008008356545961 0.5083762886597938 0.008008356545961003 0.01245704467353952
0 0.615424791086351 0.523840206185567 0.014275766016713091 0.018470790378006873
0 0.6660863509749304 0.5137457044673539 0.009052924791086351 0.015463917525773196
0 0.6916782729805014 0.5270618556701031 0.014972144846796657 0.020618556701030927
0 0.7592270194986073 0.5650773195876289 0.02402506963788301 0.03823024054982818
4 0.15059192200557103 0.5315721649484536 0.014275766016713091 0.020189003436426118
4 0.45873955431754876 0.751073883161512 0.06928969359331476 0.12328178694158076
4 0.40041782729805014 0.5221219931271478 0.012534818941504178 0.018470790378006873
4 0.4152158774373259 0.5143900343642611 0.009401114206128134 0.014175257731958763
4 0.46309192200557103 0.5073024054982818 0.00766016713091922 0.012027491408934709
4 0.504874651810585 0.5036512027491409 0.006267409470752089 0.010738831615120275
4 0.6413649025069638 0.5163230240549829 0.011142061281337047 0.01632302405498282
4 0.6422353760445683 0.5023625429553265 0.007311977715877437 0.010738831615120275
4 0.674791086350975 0.5073024054982818 0.00766016713091922 0.01288659793814433
4 0.6904596100278552 0.5171821305841925 0.011838440111420613 0.01718213058419244
4 0.7383356545961003 0.5423109965635738 0.019846796657381614 0.028780068728522335
2 0.3020543175487465 0.5818298969072165 0.02681058495821727 0.04338487972508591
2 0.5 0.5300687285223368 0.013927576601671309 0.020618556701030927
2 0.5405640668523677 0.5193298969072165 0.010793871866295265 0.01632302405498282
2 0.5564066852367688 0.5083762886597938 0.00766016713091922 0.01245704467353952
2 0.5760793871866295 0.5139604810996563 0.009401114206128134 0.015034364261168385
2 0.5840877437325905 0.5515463917525774 0.02193593314763231 0.029209621993127148
2 0.6192548746518106 0.502147766323024 0.006615598885793872 0.009450171821305841
2 0.6819289693593314 0.5088058419243986 0.008008356545961003 0.01331615120274914
2 0.7795961002785515 0.5266323024054983 0.014623955431754874 0.02147766323024055