0 0.8086699164345403 0.41141304347826085 0.012186629526462395 0.04673913043478261
0 0.48119777158774374 0.5 0.025069637883008356 0.09565217391304348
0 0.8165041782729805 0.3923913043478261 0.009052924791086351 0.03695652173913044
4 0.7184888579387186 0.32771739130434785 0.002437325905292479 0.011956521739130435
0 0.6979456824512534 0.4429347826086957 0.015668523676880222 0.06195652173913044
4 0.908600278551532 0.3809782608695652 0.008704735376044569 0.03152173913043478
0 0.7569637883008357 0.3739130434782609 0.00766016713091922 0.030434782608695653
4 0.8967618384401114 0.35108695652173916 0.005222841225626741 0.01956521739130435
4 0.887708913649025 0.35706521739130437 0.005919220055710306 0.020652173913043477
0 0.6735724233983287 0.35108695652173916 0.005222841225626741 0.021739130434782608
4 0.7477367688022284 0.33260869565217394 0.0031337047353760445 0.013043478260869565
0 0.7094359331476323 0.36086956521739133 0.006615598885793872 0.02608695652173913
0 0.6845403899721448 0.3402173913043478 0.004178272980501393 0.015217391304347827
4 0.9488161559888579 0.3673913043478261 0.004178272980501393 0.02608695652173913
0 0.7285863509749304 0.325 0.0031337047353760445 0.010869565217391304
0 0.11507660167130919 0.7478260869565218 0.0665041782729805 0.2
0 0.6657381615598886 0.32717391304347826 0.002785515320334262 0.013043478260869565
4 0.7620125348189415 0.3516304347826087 0.00383008356545961 0.016304347826086956
4 0.8643802228412256 0.33152173913043476 0.002437325905292479 0.010869565217391304
4 0.8272980501392758 0.3657608695652174 0.006267409470752089 0.025
0 0.6991643454038997 0.33695652173913043 0.004178272980501393 0.015217391304347827
4 0.9075557103064067 0.3472826086956522 0.004526462395543176 0.016304347826086956
4 0.9409818941504178 0.6032608695652174 0.02054317548746518 0.13260869565217392
0 0.6713091922005571 0.34456521739130436 0.003481894150417827 0.01956521739130435
0 0.7200557103064067 0.3347826086956522 0.003481894150417827 0.015217391304347827
4 0.7221448467966574 0.3293478260869565 0.002785515320334262 0.013043478260869565
4 0.7834261838440112 0.35706521739130437 0.005571030640668524 0.020652173913043477