0 0.1579787234042553 0.3814814814814815 0.009574468085106383 0.022222222222222223
0 0.23191489361702128 0.38287037037037036 0.009574468085106383 0.021296296296296296
0 0.32553191489361705 0.4828703703703704 0.027659574468085105 0.06574074074074074
0 0.33085106382978724 0.3921296296296296 0.010638297872340425 0.025
0 0.37686170212765957 0.39861111111111114 0.011170212765957447 0.028703703703703703
0 0.4263297872340426 0.40370370370370373 0.01223404255319149 0.02962962962962963
0 0.42473404255319147 0.42916666666666664 0.017553191489361703 0.03981481481481482
0 0.4473404255319149 0.4125 0.015957446808510637 0.03425925925925926
4 0.0797872340425532 0.3699074074074074 0.009574468085106383 0.021296296296296296
4 0.2125 0.3736111111111111 0.007978723404255319 0.021296296296296296
4 0.3026595744680851 0.3763888888888889 0.009574468085106383 0.021296296296296296
4 0.39920212765957447 0.3819444444444444 0.009042553191489361 0.025
4 0.49069148936170215 0.3912037037037037 0.011170212765957447 0.025
4 0.5906914893617021 0.4041666666666667 0.01223404255319149 0.026851851851851852
4 0.6726063829787234 0.41574074074074074 0.015425531914893617 0.03333333333333333
4 0.7265957446808511 0.43703703703703706 0.02021276595744681 0.044444444444444446
4 0.813031914893617 0.49722222222222223 0.03563829787234043 0.07222222222222222
4 0.9093085106382979 0.7236111111111111 0.03138297872340425 0.16944444444444445
2 0.12154255319148936 0.3912037037037037 0.026063829787234042 0.025
2 0.7779255319148937 0.40925925925925927 0.01648936170212766 0.025925925925925925
2 0.7888297872340425 0.41944444444444445 0.02021276595744681 0.025925925925925925