4 0.2620125348189415 0.24347826086956523 0.004526462395543176 0.01956521739130435
4 0.9394150417827298 0.3309782608695652 0.004178272980501393 0.016304347826086956
4 0.8779596100278552 0.3222826086956522 0.004526462395543176 0.014130434782608696
4 0.5978412256267409 0.7119565217391305 0.05988857938718663 0.21739130434782608
4 0.18036211699164345 0.2451086956521739 0.005571030640668524 0.025
4 0.23276462395543177 0.2440217391304348 0.005222841225626741 0.02282608695652174
4 0.2741991643454039 0.2407608695652174 0.00383008356545961 0.01847826086956522
4 0.27924791086350975 0.2391304347826087 0.003481894150417827 0.015217391304347827
4 0.30170612813370473 0.23423913043478262 0.0031337047353760445 0.014130434782608696
4 0.36142061281337046 0.24021739130434783 0.002785515320334262 0.015217391304347827
4 0.3950208913649025 0.2440217391304348 0.002437325905292479 0.014130434782608696
4 0.4338440111420613 0.24728260869565216 0.002785515320334262 0.014130434782608696
4 0.45247214484679665 0.2483695652173913 0.002437325905292479 0.011956521739130435
4 0.46918523676880225 0.24728260869565216 0.002437325905292479 0.011956521739130435
4 0.4608286908077994 0.24728260869565216 0.002437325905292479 0.011956521739130435
4 0.6817548746518106 0.2858695652173913 0.003481894150417827 0.013043478260869565
4 0.7268454038997214 0.2956521739130435 0.004526462395543176 0.015217391304347827
4 0.7743732590529248 0.30434782608695654 0.003481894150417827 0.015217391304347827
4 0.825208913649025 0.3125 0.003481894150417827 0.016304347826086956
4 0.2681058495821727 0.4967391304347826 0.03690807799442897 0.13478260869565217
0 0.10759052924791086 0.2298913043478261 0.004874651810584958 0.02282608695652174
0 0.05188022284122563 0.22771739130434782 0.005571030640668524 0.02717391304347826
0 0.13753481894150418 0.23097826086956522 0.006267409470752089 0.020652173913043477
0 0.17287604456824512 0.23152173913043478 0.005222841225626741 0.01956521739130435
0 0.19063370473537605 0.23097826086956522 0.005222841225626741 0.01847826086956522
0 0.19899025069637882 0.22934782608695653 0.00383008356545961 0.017391304347826087
0 0.34575208913649025 0.23641304347826086 0.003481894150417827 0.011956521739130435
0 0.3671657381615599 0.23804347826086958 0.0031337047353760445 0.013043478260869565
0 0.30762534818941506 0.23152173913043478 0.0031337047353760445 0.013043478260869565
0 0.4051183844011142 0.2407608695652174 0.002437325905292479 0.011956521739130435
0 0.41225626740947074 0.24130434782608695 0.002785515320334262 0.010869565217391304
0 0.6967270194986073 0.28152173913043477 0.0020891364902506965 0.010869565217391304
0 0.7120473537604457 0.28641304347826085 0.0020891364902506965 0.011956521739130435
0 0.7209261838440112 0.2891304347826087 0.002437325905292479 0.013043478260869565
0 0.7327646239554317 0.29239130434782606 0.0031337047353760445 0.013043478260869565
0 0.7564415041782729 0.2967391304347826 0.0031337047353760445 0.013043478260869565
0 0.7822075208913649 0.30217391304347824 0.0031337047353760445 0.015217391304347827
0 0.8119777158774373 0.3070652173913043 0.003481894150417827 0.014130434782608696
0 0.8410515320334262 0.3125 0.0031337047353760445 0.014130434782608696
0 0.8951949860724234 0.32065217391304346 0.003481894150417827 0.013043478260869565
4 0.10358635097493037 0.24293478260869567 0.008704735376044569 0.029347826086956522
0 0.20334261838440112 0.22282608695652173 0.002785515320334262 0.013043478260869565
0 0.19672701949860724 0.22717391304347825 0.0020891364902506965 0.015217391304347827
0 0.23433147632311976 0.2233695652173913 0.002785515320334262 0.011956521739130435
4 0.2707172701949861 0.2358695652173913 0.0031337047353760445 0.013043478260869565
0 0.39032033426183843 0.23967391304347826 0.0020891364902506965 0.011956521739130435
0 0.4258356545961003 0.2407608695652174 0.0020891364902506965 0.009782608695652175
4 0.6674791086350975 0.28152173913043477 0.002785515320334262 0.013043478260869565
4 0.6601671309192201 0.27880434782608693 0.002785515320334262 0.011956521739130435
4 0.6504178272980501 0.27554347826086956 0.002785515320334262 0.011956521739130435
4 0.6338788300835655 0.27119565217391306 0.002437325905292479 0.011956521739130435
4 0.6173398328690808 0.26793478260869563 0.0020891364902506965 0.009782608695652175
4 0.5879178272980501 0.26304347826086955 0.002437325905292479 0.010869565217391304
4 0.560933147632312 0.25869565217391305 0.0020891364902506965 0.010869565217391304
4 0.5353412256267409 0.2548913043478261 0.0017409470752089136 0.009782608695652175
4 0.5094011142061281 0.2516304347826087 0.0020891364902506965 0.011956521739130435
4 0.48746518105849584 0.24891304347826088 0.0020891364902506965 0.010869565217391304
0 0.4557799442896936 0.2440217391304348 0.0020891364902506965 0.009782608695652175
0 0.5241991643454039 0.2510869565217391 0.0017409470752089136 0.008695652173913044
0 0.5638927576601671 0.2576086956521739 0.0017409470752089136 0.008695652173913044
0 0.6030640668523677 0.26413043478260867 0.0020891364902506965 0.008695652173913044
0 0.6401462395543176 0.27065217391304347 0.002437325905292479 0.008695652173913044
0 0.6720055710306406 0.2766304347826087 0.0020891364902506965 0.009782608695652175