0 0.5268105849582173 0.3347826086956522 0.016016713091922007 0.06086956521739131
0 0.8257311977715878 0.2717391304347826 0.01288300835654596 0.05217391304347826
0 0.19881615598885793 0.34456521739130436 0.011142061281337047 0.043478260869565216
0 0.31720055710306405 0.3282608695652174 0.011142061281337047 0.04565217391304348
0 0.6185584958217271 0.3766304347826087 0.021239554317548745 0.08804347826086957
0 0.4268802228412256 0.3239130434782609 0.013231197771587743 0.05
0 0.9446378830083565 0.2407608695652174 0.012534818941504178 0.04673913043478261
2 0.7545264623955432 0.23423913043478262 0.008356545961002786 0.03152173913043478
4 0.520891364902507 0.28804347826086957 0.010445682451253482 0.041304347826086954
4 0.2402506963788301 0.3173913043478261 0.009052924791086351 0.034782608695652174
2 0.7957869080779945 0.2565217391304348 0.012186629526462395 0.043478260869565216
4 0.06424094707520892 0.3521739130434783 0.0100974930362117 0.03695652173913044
2 0.7305013927576601 0.22228260869565217 0.005571030640668524 0.025
4 0.38074512534818944 0.29782608695652174 0.010793871866295265 0.03695652173913044
2 0.6491991643454039 0.24782608695652175 0.007311977715877437 0.03260869565217391
4 0.6542479108635098 0.29130434782608694 0.011838440111420613 0.05
2 0.7139623955431755 0.21467391304347827 0.005222841225626741 0.020652173913043477
1 0.6700905292479109 0.4266304347826087 0.03934540389972145 0.20326086956521738
1 0.6848885793871866 0.5054347826086957 0.05153203342618384 0.2673913043478261
2 0.6928969359331476 0.21684782608695652 0.004874651810584958 0.020652173913043477
2 0.6514623955431755 0.27391304347826084 0.009749303621169917 0.041304347826086954
2 0.6688718662952646 0.22010869565217392 0.004874651810584958 0.020652173913043477
2 0.6451949860724234 0.22282608695652173 0.004874651810584958 0.021739130434782608
2 0.6465877437325905 0.23315217391304346 0.005571030640668524 0.025
0 0.05118384401114206 0.37771739130434784 0.004874651810584958 0.03804347826086957
0 0.5966225626740947 0.7777173913043478 0.017757660167130918 0.051086956521739134