0 0.13004874651810586 0.5285652920962199 0.014972144846796657 0.02276632302405498
0 0.3071030640668524 0.5075171821305842 0.00766016713091922 0.011597938144329897
0 0.31737465181058494 0.5023625429553265 0.007311977715877437 0.009879725085910653
0 0.3295612813370474 0.5161082474226805 0.0100974930362117 0.015034364261168385
0 0.3462743732590529 0.4993556701030928 0.005919220055710306 0.00816151202749141
0 0.4077298050139276 0.4993556701030928 0.004874651810584958 0.00816151202749141
0 0.41243036211699163 0.5214776632302406 0.0100974930362117 0.01718213058419244
0 0.46152506963788303 0.4995704467353952 0.004526462395543176 0.00859106529209622
0 0.3668175487465181 0.5509020618556701 0.019846796657381614 0.0313573883161512
0 0.5045264623955432 0.5017182130584192 0.004874651810584958 0.00859106529209622
0 0.540041782729805 0.5038659793814433 0.004874651810584958 0.007731958762886598
0 0.5804317548746518 0.5066580756013745 0.006267409470752089 0.00902061855670103
0 0.5219359331476323 0.5354381443298969 0.01532033426183844 0.02276632302405498
0 0.5306406685236769 0.5167525773195877 0.006267409470752089 0.014604810996563574
0 0.47475626740947074 0.6449742268041238 0.05327298050139276 0.07345360824742268
0 0.6438022284122563 0.5509020618556701 0.018105849582172703 0.028780068728522335
0 0.7148328690807799 0.5182560137457045 0.009052924791086351 0.01331615120274914
0 0.7839484679665738 0.5371563573883161 0.01288300835654596 0.020189003436426118
0 0.8608983286908078 0.5294243986254296 0.010793871866295265 0.01675257731958763
0 0.8812674094707521 0.5577749140893471 0.019498607242339833 0.027920962199312716
0 0.9110376044568245 0.6144759450171822 0.044916434540389974 0.054553264604811
0 0.8125 0.6836340206185567 0.06162952646239554 0.08719931271477663
4 0.1209958217270195 0.5169673539518901 0.01288300835654596 0.018470790378006873
4 0.2318941504178273 0.5096649484536082 0.009052924791086351 0.014175257731958763
4 0.38178969359331477 0.506872852233677 0.007311977715877437 0.012027491408934709
4 0.4418523676880223 0.523840206185567 0.010445682451253482 0.01761168384879725
4 0.36768802228412256 0.5779639175257731 0.03064066852367688 0.04252577319587629
4 0.5191504178272981 0.5124570446735395 0.00766016713091922 0.01288659793814433
4 0.6300487465181058 0.5163230240549829 0.009401114206128134 0.013745704467353952
4 0.6901114206128134 0.5214776632302406 0.009749303621169917 0.015463917525773196
2 0.08565459610027855 0.5543384879725086 0.026462395543175487 0.03479381443298969
2 0.2336350974930362 0.5270618556701031 0.013231197771587743 0.020618556701030927
2 0.23868384401114207 0.5124570446735395 0.008704735376044569 0.014604810996563574
2 0.360550139275766 0.5085910652920962 0.007311977715877437 0.012027491408934709
2 0.17827298050139276 0.6576460481099656 0.05988857938718663 0.08075601374570447
2 0.443941504178273 0.5085910652920962 0.006963788300835654 0.011168384879725086
2 0.5271587743732591 0.5225515463917526 0.008356545961002786 0.01675257731958763
2 0.541782729805014 0.5625 0.022284122562674095 0.033934707903780066
2 0.604108635097493 0.5343642611683849 0.014623955431754874 0.02147766323024055
2 0.8403551532033426 0.5970790378006873 0.029596100278551533 0.04639175257731959