4 0.19864206128133705 0.33315217391304347 0.016364902506963788 0.06630434782608696
4 0.05832172701949861 0.28858695652173916 0.014275766016713091 0.057608695652173914
0 0.07799442896935933 0.20706521739130435 0.004874651810584958 0.02282608695652174
4 0.3137186629526462 0.38913043478260867 0.0201949860724234 0.08043478260869565
4 0.8225974930362117 0.3048913043478261 0.0031337047353760445 0.014130434782608696
4 0.3527158774373259 0.225 0.002785515320334262 0.013043478260869565
4 0.42409470752089135 0.5092391304347826 0.033426183844011144 0.13369565217391305
4 0.23015320334261838 0.2233695652173913 0.004874651810584958 0.01847826086956522
0 0.3400069637883008 0.2217391304347826 0.0031337047353760445 0.013043478260869565
4 0.727541782729805 0.28858695652173916 0.0031337047353760445 0.014130434782608696
4 0.8803969359331476 0.31521739130434784 0.0031337047353760445 0.015217391304347827
0 0.30571030640668523 0.21739130434782608 0.002785515320334262 0.013043478260869565
0 0.15006963788300837 0.2108695652173913 0.004178272980501393 0.01956521739130435
4 0.2982242339832869 0.2184782608695652 0.0031337047353760445 0.013043478260869565
0 0.19690111420612813 0.21304347826086956 0.00383008356545961 0.015217391304347827
4 0.6371866295264624 0.2673913043478261 0.002785515320334262 0.013043478260869565
0 0.181058495821727 0.2125 0.004178272980501393 0.01847826086956522
4 0.2785515320334262 0.21521739130434783 0.002785515320334262 0.013043478260869565
0 0.12378133704735376 0.21032608695652175 0.004526462395543176 0.02282608695652174
0 0.23868384401114207 0.20815217391304347 0.0031337047353760445 0.011956521739130435
0 0.5877437325905293 0.25217391304347825 0.0020891364902506965 0.008695652173913044
4 0.2566155988857939 0.22391304347826088 0.004178272980501393 0.017391304347826087
0 0.740424791086351 0.2875 0.0031337047353760445 0.014130434782608696
0 0.8469707520891365 0.3059782608695652 0.0031337047353760445 0.011956521739130435
4 0.9213091922005571 0.32282608695652176 0.004178272980501393 0.017391304347826087
0 0.6819289693593314 0.2728260869565217 0.002437325905292479 0.010869565217391304
4 0.612291086350975 0.25869565217391305 0.002437325905292479 0.010869565217391304
0 0.2056058495821727 0.2125 0.0031337047353760445 0.014130434782608696
4 0.18401810584958217 0.2217391304347826 0.005222841225626741 0.021739130434782608
0 0.7181406685236769 0.2831521739130435 0.0031337047353760445 0.014130434782608696
4 0.4758008356545961 0.2358695652173913 0.002437325905292479 0.010869565217391304
4 0.6324860724233984 0.26413043478260867 0.002437325905292479 0.010869565217391304
0 0.9056406685236769 0.31630434782608696 0.003481894150417827 0.013043478260869565
4 0.2748955431754875 0.22010869565217392 0.0031337047353760445 0.014130434782608696
4 0.4206128133704735 0.23369565217391305 0.0020891364902506965 0.013043478260869565
0 0.6883704735376045 0.275 0.0020891364902506965 0.010869565217391304
4 0.5980153203342619 0.2554347826086957 0.002437325905292479 0.010869565217391304
4 0.7736768802228412 0.29728260869565215 0.004178272980501393 0.014130434782608696
4 0.45769498607242337 0.23369565217391305 0.002437325905292479 0.010869565217391304
4 0.6260445682451253 0.2619565217391304 0.002785515320334262 0.010869565217391304
0 0.6975974930362117 0.27880434782608693 0.0031337047353760445 0.011956521739130435
0 0.5134052924791086 0.23967391304347826 0.002437325905292479 0.009782608695652175
4 0.12047353760445682 0.21956521739130436 0.006267409470752089 0.02391304347826087
0 0.7679317548746518 0.29293478260869565 0.0031337047353760445 0.014130434782608696
0 0.3603760445682451 0.22391304347826088 0.002785515320334262 0.013043478260869565
0 0.6711350974930362 0.27119565217391306 0.002437325905292479 0.009782608695652175
4 0.4392409470752089 0.23478260869565218 0.002437325905292479 0.013043478260869565
4 0.2694986072423398 0.22228260869565217 0.003481894150417827 0.016304347826086956
4 0.5710306406685237 0.25 0.0020891364902506965 0.010869565217391304
0 0.7954387186629527 0.29728260869565215 0.00383008356545961 0.014130434782608696
0 0.40442200557103064 0.22771739130434782 0.0031337047353760445 0.009782608695652175
0 0.272458217270195 0.21195652173913043 0.0031337047353760445 0.013043478260869565
4 0.44864206128133705 0.23369565217391305 0.002437325905292479 0.010869565217391304
0 0.6500696378830083 0.26413043478260867 0.0020891364902506965 0.010869565217391304
0 0.21048050139275767 0.2076086956521739 0.00383008356545961 0.013043478260869565
4 0.6476323119777159 0.2717391304347826 0.002785515320334262 0.010869565217391304
0 0.6215181058495822 0.25869565217391305 0.0020891364902506965 0.008695652173913044
0 0.38213788300835655 0.22608695652173913 0.002437325905292479 0.013043478260869565
4 0.5215877437325905 0.24239130434782608 0.002785515320334262 0.010869565217391304
4 0.4972144846796657 0.2391304347826087 0.002785515320334262 0.010869565217391304
0 0.3969359331476323 0.22717391304347825 0.002785515320334262 0.010869565217391304
4 0.5459610027855153 0.24619565217391304 0.002785515320334262 0.009782608695652175
4 0.38353064066852366 0.2298913043478261 0.002437325905292479 0.011956521739130435
0 0.41852367688022285 0.22826086956521738 0.0020891364902506965 0.010869565217391304
4 0.6861072423398329 0.2793478260869565 0.0031337047353760445 0.013043478260869565
0 0.20334261838440112 0.20978260869565218 0.002785515320334262 0.015217391304347827
4 0.26880222841225626 0.21684782608695652 0.004178272980501393 0.016304347826086956
0 0.4474233983286908 0.23097826086956522 0.0020891364902506965 0.011956521739130435