0 0.7721100278551533 0.37119565217391304 0.009401114206128134 0.035869565217391305
0 0.9315807799442897 0.4048913043478261 0.01149025069637883 0.03804347826086957
4 0.7087395543175488 0.38532608695652176 0.012186629526462395 0.04673913043478261
0 0.16591225626740946 0.3923913043478261 0.028899721448467967 0.09565217391304348
4 0.516016713091922 0.4016304347826087 0.018802228412256268 0.07065217391304347
4 0.6035863509749304 0.3826086956521739 0.014972144846796657 0.05434782608695652
0 0.33756963788300837 0.34456521739130436 0.014275766016713091 0.06086956521739131
0 0.4829387186629526 0.3353260869565217 0.011142061281337047 0.04456521739130435
0 0.6267409470752089 0.3472826086956522 0.009052924791086351 0.03804347826086957
2 0.12813370473537605 0.33804347826086956 0.019498607242339833 0.07173913043478261
4 0.8290389972144847 0.40217391304347827 0.011838440111420613 0.043478260869565216
4 0.4575208913649025 0.4722826086956522 0.025069637883008356 0.10543478260869565
2 0.08426183844011143 0.27445652173913043 0.012534818941504178 0.04891304347826087
2 0.06197771587743733 0.24293478260869567 0.009749303621169917 0.035869565217391305
4 0.5170612813370473 0.7282608695652174 0.057103064066852366 0.2217391304347826