0 0.10212765957446808 0.4083333333333333 0.019148936170212766 0.03888888888888889
0 0.7388297872340426 0.3476851851851852 0.009574468085106383 0.017592592592592594
0 0.4207446808510638 0.3851851851851852 0.011702127659574468 0.03148148148148148
0 0.6247340425531915 0.4115740740740741 0.01648936170212766 0.041666666666666664
0 0.10824468085106383 0.35694444444444445 0.007978723404255319 0.019444444444444445
0 0.2797872340425532 0.39861111111111114 0.015957446808510637 0.03611111111111111
0 0.3553191489361702 0.35833333333333334 0.00851063829787234 0.018518518518518517
0 0.27047872340425533 0.35648148148148145 0.006914893617021276 0.018518518518518517
0 0.4622340425531915 0.3768518518518518 0.009574468085106383 0.022222222222222223
0 0.5640957446808511 0.36018518518518516 0.005851063829787234 0.016666666666666666
0 0.4172872340425532 0.3638888888888889 0.006914893617021276 0.020370370370370372
0 0.8518617021276595 0.34444444444444444 0.006914893617021276 0.016666666666666666
0 0.6422872340425532 0.3527777777777778 0.006914893617021276 0.016666666666666666
4 0.7686170212765957 0.35138888888888886 0.010638297872340425 0.021296296296296296
4 0.6111702127659574 0.3814814814814815 0.011702127659574468 0.02962962962962963
4 0.7265957446808511 0.3921296296296296 0.015957446808510637 0.03611111111111111
4 0.39095744680851063 0.412962962962963 0.015957446808510637 0.044444444444444446
4 0.6300531914893617 0.36157407407407405 0.007978723404255319 0.019444444444444445
4 0.6909574468085107 0.35555555555555557 0.00851063829787234 0.020370370370370372
4 0.09095744680851064 0.35138888888888886 0.00851063829787234 0.021296296296296296
4 0.46861702127659577 0.3587962962962963 0.006382978723404255 0.017592592592592594
4 0.5728723404255319 0.37777777777777777 0.007446808510638298 0.020370370370370372
4 0.5859042553191489 0.36898148148148147 0.006914893617021276 0.021296296296296296
4 0.39813829787234045 0.35462962962962963 0.005851063829787234 0.016666666666666666
4 0.8593085106382978 0.3490740740740741 0.006914893617021276 0.018518518518518517
2 0.6856382978723404 0.45694444444444443 0.030851063829787233 0.06574074074074074
2 0.3359042553191489 0.4550925925925926 0.026063829787234042 0.062037037037037036
2 0.5518617021276596 0.3560185185185185 0.005851063829787234 0.01574074074074074
2 0.5470744680851064 0.34953703703703703 0.0047872340425531915 0.013888888888888888
2 0.5428191489361702 0.3439814814814815 0.0047872340425531915 0.012037037037037037
2 0.5372340425531915 0.3388888888888889 0.00425531914893617 0.012962962962962963
2 0.5319148936170213 0.3375 0.00425531914893617 0.012037037037037037
2 0.5186170212765957 0.3365740740740741 0.00425531914893617 0.012037037037037037
2 0.5034574468085107 0.337037037037037 0.003723404255319149 0.011111111111111112
2 0.4888297872340426 0.337037037037037 0.00425531914893617 0.011111111111111112
2 0.47579787234042553 0.35648148148148145 0.0047872340425531915 0.014814814814814815
2 0.4752659574468085 0.35 0.0047872340425531915 0.011111111111111112
1 0.4542553191489362 0.37175925925925923 0.01276595744680851 0.03981481481481482
1 0.4632978723404255 0.36666666666666664 0.009574468085106383 0.03518518518518519
1 0.5805851063829788 0.3712962962962963 0.010106382978723405 0.03888888888888889
1 0.573404255319149 0.36574074074074076 0.00851063829787234 0.03518518518518519