0 0.1305851063829787 0.7675675675675676 0.06329787234042553 0.10675675675675676
0 0.11356382978723405 0.65 0.02925531914893617 0.0472972972972973
0 0.11675531914893617 0.6138513513513514 0.018617021276595744 0.029054054054054056
0 0.12367021276595745 0.595945945945946 0.010106382978723405 0.02027027027027027
0 0.11728723404255319 0.5861486486486487 0.009042553191489361 0.018243243243243244
4 0.775 0.731418918918919 0.07234042553191489 0.09256756756756757
4 0.6218085106382979 0.6655405405405406 0.04468085106382979 0.060810810810810814
4 0.4526595744680851 0.6165540540540541 0.023404255319148935 0.037162162162162164
4 0.3675531914893617 0.5993243243243244 0.01702127659574468 0.02702702702702703
4 0.28962765957446807 0.5858108108108108 0.013297872340425532 0.02027027027027027
4 0.263563829787234 0.5783783783783784 0.011170212765957447 0.01756756756756757
4 0.1976063829787234 0.5743243243243243 0.009042553191489361 0.014864864864864866
4 0.14414893617021277 0.5733108108108108 0.00851063829787234 0.01418918918918919