0 0.4611768802228412 0.2592391304347826 0.007311977715877437 0.02717391304347826
0 0.09018105849582173 0.26032608695652176 0.012534818941504178 0.04456521739130435
1 0.2075208913649025 0.39021739130434785 0.04526462395543175 0.17391304347826086
1 0.29491643454038996 0.4277173913043478 0.04944289693593315 0.19891304347826086
0 0.6857590529247911 0.2907608695652174 0.007311977715877437 0.029347826086956522
4 0.7569637883008357 0.31956521739130433 0.009052924791086351 0.034782608695652174
4 0.1530292479108635 0.3027173913043478 0.017061281337047353 0.059782608695652176
4 0.38770891364902504 0.2668478260869565 0.009401114206128134 0.035869565217391305
4 0.1373607242339833 0.3516304347826087 0.022632311977715876 0.08369565217391305
4 0.9228760445682451 0.5614130434782608 0.045612813370473536 0.13152173913043477
0 0.3427924791086351 0.25217391304347825 0.007311977715877437 0.030434782608695653
4 0.21674791086350975 0.2793478260869565 0.01288300835654596 0.04565217391304348
4 0.24338440111420612 0.44021739130434784 0.034122562674094706 0.11521739130434783
0 0.8062325905292479 0.3157608695652174 0.008704735376044569 0.03152173913043478
4 0.5604108635097493 0.5440217391304348 0.03307799442896936 0.14673913043478262
4 0.4813718662952646 0.2722826086956522 0.008704735376044569 0.03369565217391304
4 0.6627785515320335 0.29836956521739133 0.008704735376044569 0.03369565217391304
4 0.29752785515320335 0.26793478260869563 0.01149025069637883 0.04021739130434782
4 0.8530640668523677 0.34619565217391307 0.011142061281337047 0.042391304347826085
0 0.21866295264623956 0.2505434782608696 0.009052924791086351 0.035869565217391305
4 0.9469011142061281 0.38369565217391305 0.008704735376044569 0.05
4 0.5732938718662952 0.28206521739130436 0.008704735376044569 0.03369565217391304
0 0.5736420612813371 0.2717391304347826 0.006615598885793872 0.02826086956521739
0 0.9460306406685237 0.3527173913043478 0.010445682451253482 0.04021739130434782