4 0.7416434540389972 0.5695652173913044 0.027855153203342618 0.10652173913043478
0 0.2888231197771588 0.6516304347826087 0.04073816155988858 0.15760869565217392
0 0.3360027855153203 0.48478260869565215 0.0201949860724234 0.07391304347826087
0 0.34383704735376047 0.4043478260869565 0.0100974930362117 0.0391304347826087
4 0.6176880222841226 0.4826086956521739 0.019498607242339833 0.07391304347826087
4 0.5141016713091922 0.4076086956521739 0.009401114206128134 0.03695652173913044
0 0.33391364902506965 0.4418478260869565 0.013927576601671309 0.05326086956521739
0 0.41190807799442897 0.3918478260869565 0.00766016713091922 0.03152173913043478
0 0.9331476323119777 0.40869565217391307 0.008356545961002786 0.034782608695652174
4 0.6730501392757661 0.40054347826086956 0.008356545961002786 0.03152173913043478
4 0.849233983286908 0.41847826086956524 0.010445682451253482 0.03695652173913044
0 0.8337395543175488 0.3923913043478261 0.006615598885793872 0.02826086956521739
0 0.6182103064066853 0.38369565217391305 0.005919220055710306 0.02608695652173913
2 0.6796657381615598 0.3565217391304348 0.002785515320334262 0.010869565217391304
4 0.23537604456824512 0.34130434782608693 0.001392757660167131 0.010869565217391304
0 0.48259052924791085 0.3858695652173913 0.006963788300835654 0.02826086956521739
0 0.5482242339832869 0.3826086956521739 0.006615598885793872 0.02608695652173913
2 0.3763927576601671 0.35108695652173916 0.002785515320334262 0.015217391304347827
2 0.45247214484679665 0.35054347826086957 0.002437325905292479 0.011956521739130435
4 0.7606197771587744 0.40543478260869564 0.008008356545961003 0.030434782608695653
2 0.7054317548746518 0.3581521739130435 0.002785515320334262 0.011956521739130435
2 0.4256615598885794 0.3516304347826087 0.0031337047353760445 0.014130434782608696
4 0.5866991643454039 0.39891304347826084 0.00766016713091922 0.03260869565217391
4 0.31197771587743733 0.3358695652173913 0.001392757660167131 0.006521739130434782
2 0.6547701949860725 0.35706521739130437 0.0031337047353760445 0.014130434782608696
0 0.2696727019498607 0.3418478260869565 0.002437325905292479 0.009782608695652175
2 0.34174791086350975 0.3516304347826087 0.00383008356545961 0.016304347826086956
0 0.24669220055710306 0.33967391304347827 0.002437325905292479 0.009782608695652175
4 0.2801183844011142 0.33641304347826084 0.0017409470752089136 0.009782608695652175
0 0.2618384401114206 0.3391304347826087 0.001392757660167131 0.008695652173913044
2 0.6288300835654597 0.35434782608695653 0.002785515320334262 0.013043478260869565
4 0.5360376044568245 0.43532608695652175 0.013579387186629526 0.04891304347826087
0 0.7017757660167131 0.3858695652173913 0.006615598885793872 0.02826086956521739
0 0.30379526462395545 0.34130434782608693 0.002437325905292479 0.010869565217391304
3 0.3018802228412256 0.34347826086956523 0.002785515320334262 0.010869565217391304
2 0.3514972144846797 0.34293478260869564 0.0031337047353760445 0.011956521739130435
0 0.36925487465181056 0.3391304347826087 0.0017409470752089136 0.010869565217391304
0 0.3709958217270195 0.33858695652173915 0.0017409470752089136 0.011956521739130435
0 0.3852715877437326 0.3423913043478261 0.002437325905292479 0.010869565217391304
2 0.26532033426183843 0.34293478260869564 0.0020891364902506965 0.009782608695652175
0 0.3243384401114206 0.33695652173913043 0.0017409470752089136 0.008695652173913044
2 0.40285515320334264 0.3521739130434783 0.0020891364902506965 0.010869565217391304
4 0.3889275766016713 0.3391304347826087 0.0020891364902506965 0.010869565217391304