0 0.1473404255319149 0.38981481481481484 0.01276595744680851 0.03148148148148148
0 0.21117021276595746 0.40370370370370373 0.014893617021276596 0.03333333333333333
0 0.2553191489361702 0.4361111111111111 0.02021276595744681 0.046296296296296294
0 0.1896276595744681 0.49722222222222223 0.034574468085106384 0.07407407407407407
0 0.38643617021276594 0.3787037037037037 0.011170212765957447 0.012962962962962963
0 0.3079787234042553 0.36712962962962964 0.009574468085106383 0.012037037037037037
0 0.21835106382978722 0.3597222222222222 0.010106382978723405 0.012037037037037037
0 0.17579787234042554 0.3578703703703704 0.011170212765957447 0.012037037037037037
0 0.12898936170212766 0.35555555555555557 0.009042553191489361 0.011111111111111112
4 0.16542553191489362 0.37546296296296294 0.009574468085106383 0.023148148148148147
4 0.2890957446808511 0.38425925925925924 0.010106382978723405 0.024074074074074074
4 0.37420212765957445 0.3990740740740741 0.011170212765957447 0.027777777777777776
4 0.44840425531914896 0.4162037037037037 0.013829787234042552 0.03425925925925926
4 0.4946808510638298 0.4462962962962963 0.02021276595744681 0.04814814814814815
4 0.6436170212765957 0.537962962962963 0.043617021276595745 0.08888888888888889