0 0.9063370473537604 0.6591494845360825 0.0745125348189415 0.09321305841924399
0 0.4697075208913649 0.5210481099656358 0.013231197771587743 0.02147766323024055
0 0.5349930362116991 0.5066580756013745 0.009401114206128134 0.01675257731958763
0 0.7738509749303621 0.5094501718213058 0.014275766016713091 0.022336769759450172
0 0.7856894150417827 0.48109965635738833 0.00383008356545961 0.010309278350515464
0 0.8260793871866295 0.47530068728522334 0.006615598885793872 0.009879725085910653
0 0.817200557103064 0.4727233676975945 0.005571030640668524 0.00816151202749141
4 0.8899721448467967 0.5844072164948454 0.05222841225626741 0.040807560137457045
4 0.8118036211699164 0.5259879725085911 0.024721448467966575 0.0313573883161512
4 0.3492339832869081 0.5648625429553265 0.022284122562674095 0.03178694158075601
4 0.7461699164345403 0.49377147766323026 0.009052924791086351 0.015034364261168385
4 0.8393105849582173 0.48260309278350516 0.008008356545961003 0.01245704467353952
4 0.7877785515320335 0.4890463917525773 0.008704735376044569 0.01331615120274914
2 0.5109679665738162 0.5420962199312714 0.019846796657381614 0.02491408934707904
2 0.7606197771587744 0.5006443298969072 0.01149025069637883 0.01761168384879725
2 0.8680362116991643 0.5085910652920962 0.017409470752089137 0.023195876288659795
2 0.8516713091922006 0.4890463917525773 0.009749303621169917 0.014175257731958763
2 0.8546309192200557 0.47744845360824745 0.006615598885793872 0.011597938144329897