0 0.6105501392757661 0.2728260869565217 0.007311977715877437 0.02826086956521739
0 0.8321727019498607 0.3342391304347826 0.012534818941504178 0.042391304347826085
4 0.575208913649025 0.45 0.028551532033426183 0.10869565217391304
4 0.10149721448467966 0.24565217391304348 0.01149025069637883 0.0391304347826087
0 0.2867339832869081 0.2326086956521739 0.006615598885793872 0.02608695652173913
4 0.6361420612813371 0.2956521739130435 0.009749303621169917 0.03695652173913044
4 0.7331128133704735 0.40380434782608693 0.019846796657381614 0.07934782608695652
4 0.5597144846796658 0.2766304347826087 0.008008356545961003 0.03152173913043478
4 0.3022284122562674 0.24456521739130435 0.008356545961002786 0.03260869565217391
4 0.7472144846796658 0.35706521739130437 0.013231197771587743 0.05543478260869565
4 0.4766713091922006 0.2608695652173913 0.00766016713091922 0.030434782608695653
0 0.504700557103064 0.25380434782608696 0.005919220055710306 0.02717391304347826
0 0.16086350974930363 0.22934782608695653 0.00766016713091922 0.02826086956521739
0 0.9469011142061281 0.39021739130434785 0.008008356545961003 0.05652173913043478
4 0.2036908077994429 0.2418478260869565 0.009052924791086351 0.03369565217391304
4 0.2517409470752089 0.45271739130434785 0.03203342618384401 0.12282608695652174
0 0.7188370473537604 0.29782608695652174 0.008704735376044569 0.03260869565217391
4 0.7026462395543176 0.3217391304347826 0.011142061281337047 0.04565217391304348
0 0.3993732590529248 0.24130434782608695 0.006267409470752089 0.02608695652173913
3 0.7924791086350975 0.29293478260869565 0.005571030640668524 0.02282608695652174
4 0.39240947075208915 0.2510869565217391 0.00766016713091922 0.030434782608695653
3 0.8969359331476323 0.29891304347826086 0.005571030640668524 0.021739130434782608
3 0.9160863509749304 0.3119565217391304 0.005571030640668524 0.02608695652173913
3 0.0908774373259053 0.1983695652173913 0.002785515320334262 0.011956521739130435
3 0.7696727019498607 0.2793478260869565 0.002437325905292479 0.021739130434782608