0 0.1814066852367688 0.511168384879725 0.00766016713091922 0.013745704467353952
0 0.22510445682451252 0.5509020618556701 0.013579387186629526 0.03049828178694158
0 0.2503481894150418 0.5165378006872853 0.009052924791086351 0.015893470790378006
0 0.35184540389972147 0.5405927835051546 0.015668523676880222 0.02534364261168385
0 0.36124651810584957 0.523840206185567 0.01149025069637883 0.01761168384879725
0 0.4632660167130919 0.5423109965635738 0.017061281337047353 0.024484536082474227
0 0.30153203342618384 0.6136168384879725 0.03899721448467967 0.05798969072164949
0 0.7245821727019499 0.5891323024054983 0.03203342618384401 0.044243986254295535
0 0.6810584958217271 0.7152061855670103 0.0745125348189415 0.1056701030927835
4 0.08373955431754875 0.510094501718213 0.0100974930362117 0.015034364261168385
4 0.2717618384401114 0.5088058419243986 0.008704735376044569 0.01245704467353952
4 0.34209610027855153 0.5279209621993127 0.013579387186629526 0.020618556701030927
4 0.3344359331476323 0.5152491408934707 0.009401114206128134 0.015034364261168385
4 0.4087743732590529 0.5287800687285223 0.012534818941504178 0.020618556701030927
4 0.588091922005571 0.5607817869415808 0.022284122562674095 0.03307560137457045
2 0.1876740947075209 0.5176116838487973 0.011142061281337047 0.01632302405498282
2 0.23137186629526463 0.5573453608247423 0.023328690807799445 0.03307560137457045
2 0.22092618384401114 0.5350085910652921 0.013579387186629526 0.023625429553264604
2 0.24442896935933148 0.5257731958762887 0.013927576601671309 0.019759450171821305
2 0.24112116991643454 0.5075171821305842 0.008008356545961003 0.01245704467353952
2 0.3501044568245125 0.5169673539518901 0.0100974930362117 0.015034364261168385
2 0.5436977715877437 0.5384450171821306 0.014275766016713091 0.02276632302405498
2 0.4780640668523677 0.5887027491408935 0.02924791086350975 0.04338487972508591
2 0.8650766016713092 0.5631443298969072 0.02402506963788301 0.03006872852233677
2 0.2985724233983287 0.7974656357388317 0.10271587743732591 0.1559278350515464