0 0.4300139275766017 0.35434782608695653 0.016713091922005572 0.06086956521739131
4 0.753133704735376 0.3391304347826087 0.019498607242339833 0.07608695652173914
0 0.08635097493036212 0.37119565217391304 0.013927576601671309 0.04456521739130435
0 0.1972493036211699 0.3521739130434783 0.01288300835654596 0.04565217391304348
0 0.5443941504178273 0.5565217391304348 0.03725626740947075 0.15869565217391304
0 0.320508356545961 0.34293478260869564 0.013579387186629526 0.051086956521739134
0 0.5132311977715878 0.40054347826086956 0.02298050139275766 0.08804347826086957
4 0.5799094707520891 0.30543478260869567 0.015668523676880222 0.05217391304347826
4 0.1349233983286908 0.3423913043478261 0.01149025069637883 0.03695652173913044
4 0.41974233983286907 0.3032608695652174 0.010793871866295265 0.041304347826086954
4 0.26357938718662954 0.31956521739130433 0.009749303621169917 0.03695652173913044