2 0.6792553191489362 0.5388888888888889 0.036170212765957444 0.07592592592592592
2 0.2401595744680851 0.5509259259259259 0.038829787234042554 0.07962962962962963
2 0.6021276595744681 0.4847222222222222 0.02446808510638298 0.05277777777777778
2 0.5625 0.4587962962962963 0.017553191489361703 0.041666666666666664
2 0.3292553191489362 0.4638888888888889 0.01702127659574468 0.040740740740740744
2 0.5390957446808511 0.4388888888888889 0.013297872340425532 0.03333333333333333
2 0.30425531914893617 0.49166666666666664 0.022340425531914895 0.05185185185185185
2 0.35186170212765955 0.44166666666666665 0.013297872340425532 0.03333333333333333
2 0.9005319148936171 0.7032407407407407 0.04893617021276596 0.1527777777777778
2 0.3670212765957447 0.42777777777777776 0.010638297872340425 0.027777777777777776
2 0.5257978723404255 0.42592592592592593 0.011170212765957447 0.027777777777777776
1 0.44122340425531914 0.4083333333333333 0.01223404255319149 0.040740740740740744
1 0.4734042553191489 0.4074074074074074 0.011702127659574468 0.03888888888888889
1 0.4098404255319149 0.40879629629629627 0.011170212765957447 0.03981481481481482
1 0.5085106382978724 0.4078703703703704 0.013829787234042552 0.03981481481481482
1 0.37553191489361704 0.4101851851851852 0.010638297872340425 0.040740740740740744