0 0.32503481894150416 0.631872852233677 0.047701949860724235 0.06872852233676977
0 0.34731894150417825 0.5120274914089347 0.009401114206128134 0.014604810996563574
0 0.4314066852367688 0.5509020618556701 0.02158774373259053 0.0313573883161512
0 0.46935933147632314 0.5236254295532646 0.012534818941504178 0.019759450171821305
0 0.49442896935933145 0.5062285223367697 0.006963788300835654 0.011597938144329897
0 0.49077298050139273 0.5008591065292096 0.005919220055710306 0.009450171821305841
0 0.5076601671309192 0.49699312714776633 0.004874651810584958 0.00859106529209622
0 0.536908077994429 0.4952749140893471 0.004178272980501393 0.007731958762886598
0 0.546483286908078 0.5092353951890034 0.008008356545961003 0.01331615120274914
0 0.5936629526462396 0.4948453608247423 0.004178272980501393 0.006872852233676976
0 0.6566852367688022 0.506872852233677 0.006963788300835654 0.012027491408934709
0 0.6592966573816156 0.5262027491408935 0.01288300835654596 0.020618556701030927
0 0.6415389972144847 0.4946305841924399 0.00383008356545961 0.006443298969072165
0 0.6789693593314763 0.4959192439862543 0.004178272980501393 0.007302405498281787
0 0.7078690807799443 0.49763745704467355 0.004178272980501393 0.00816151202749141
0 0.7395543175487466 0.4995704467353952 0.005571030640668524 0.00859106529209622
0 0.8335654596100278 0.5083762886597938 0.00766016713091922 0.01245704467353952
0 0.8325208913649025 0.5214776632302406 0.011142061281337047 0.01718213058419244
0 0.8495821727019499 0.5339347079037801 0.016713091922005572 0.023195876288659795
0 0.7090877437325905 0.555627147766323 0.02193593314763231 0.03307560137457045
0 0.5414345403899722 0.5672250859106529 0.027158774373259052 0.0390893470790378
0 0.6018454038997214 0.5173969072164949 0.010793871866295265 0.01675257731958763
4 0.3400069637883008 0.5867697594501718 0.03307799442896936 0.048109965635738834
4 0.3502785515320334 0.5066580756013745 0.006963788300835654 0.01245704467353952
4 0.45003481894150416 0.6125429553264605 0.04073816155988858 0.059278350515463915
4 0.4392409470752089 0.5330756013745704 0.014275766016713091 0.024054982817869417
4 0.4314066852367688 0.502147766323024 0.006963788300835654 0.011168384879725086
4 0.5508356545961003 0.5 0.006267409470752089 0.010309278350515464
4 0.5647632311977716 0.5107388316151202 0.008356545961002786 0.014604810996563574
4 0.6613857938718662 0.5038659793814433 0.007311977715877437 0.011168384879725086
4 0.7506963788300836 0.5066580756013745 0.009052924791086351 0.01245704467353952
4 0.7938718662952646 0.510094501718213 0.009749303621169917 0.014175257731958763
2 0.3138927576601671 0.5483247422680413 0.02193593314763231 0.029639175257731958
2 0.3111072423398329 0.5225515463917526 0.012186629526462395 0.018470790378006873
2 0.4117339832869081 0.5122422680412371 0.008704735376044569 0.014175257731958763
2 0.43192896935933145 0.5045103092783505 0.006615598885793872 0.010738831615120275
2 0.5308147632311978 0.5012886597938144 0.005919220055710306 0.010309278350515464
2 0.6027158774373259 0.501073883161512 0.005571030640668524 0.009879725085910653
2 0.6354456824512534 0.510094501718213 0.009052924791086351 0.014175257731958763
2 0.6690459610027855 0.5173969072164949 0.01149025069637883 0.01675257731958763
2 0.7505222841225627 0.6821305841924399 0.05675487465181058 0.08934707903780069
2 0.7560933147632312 0.5979381443298969 0.03307799442896936 0.04982817869415808
2 0.6996866295264624 0.5483247422680413 0.01915041782729805 0.029639175257731958
2 0.567374651810585 0.5304982817869416 0.013579387186629526 0.02147766323024055