0 0.18488857938718664 0.6108247422680413 0.04805013927576602 0.06443298969072164
0 0.3647284122562674 0.5173969072164949 0.013579387186629526 0.02190721649484536
0 0.5510097493036211 0.5214776632302406 0.013579387186629526 0.023195876288659795
0 0.7634052924791086 0.5234106529209622 0.014275766016713091 0.02276632302405498
4 0.20525766016713093 0.523840206185567 0.017061281337047353 0.02534364261168385
4 0.2978760445682451 0.5453178694158075 0.02402506963788301 0.03565292096219931
4 0.4171309192200557 0.5060137457044673 0.009749303621169917 0.01718213058419244
4 0.5846100278551533 0.5118127147766323 0.011142061281337047 0.019329896907216496
4 0.8018802228412256 0.5294243986254296 0.016713091922005572 0.02534364261168385
4 0.8537604456824512 0.5255584192439863 0.01532033426183844 0.023625429553264604
4 0.6049791086350975 0.5936426116838488 0.03377437325905292 0.054982817869415807
2 0.3713440111420613 0.5064432989690721 0.0100974930362117 0.01718213058419244
2 0.49442896935933145 0.5287800687285223 0.01532033426183844 0.02663230240549828
2 0.6317896935933147 0.5137457044673539 0.01149025069637883 0.019759450171821305
2 0.6981197771587744 0.5367268041237113 0.018105849582172703 0.027920962199312716
2 0.8516713091922006 0.553479381443299 0.023676880222841225 0.03307560137457045