0 0.47231894150417825 0.7914518900343642 0.08948467966573816 0.15420962199312716
0 0.2397284122562674 0.5036512027491409 0.010793871866295265 0.01675257731958763
0 0.35619777158774374 0.5268470790378007 0.018802228412256268 0.02620274914089347
0 0.3588091922005571 0.49763745704467355 0.009401114206128134 0.014175257731958763
0 0.47597493036211697 0.5045103092783505 0.009052924791086351 0.014175257731958763
0 0.512883008356546 0.49140893470790376 0.004874651810584958 0.00859106529209622
0 0.5647632311977716 0.4952749140893471 0.005571030640668524 0.009450171821305841
0 0.5696378830083565 0.5027920962199313 0.008356545961002786 0.01245704467353952
0 0.6208217270194986 0.4946305841924399 0.004874651810584958 0.00816151202749141
0 0.6465877437325905 0.510094501718213 0.010445682451253482 0.015034364261168385
0 0.6394498607242339 0.5176116838487973 0.010793871866295265 0.01804123711340206
0 0.6305710306406686 0.5378006872852233 0.018802228412256268 0.027491408934707903
0 0.700208913649025 0.5060137457044673 0.008356545961002786 0.01288659793814433
0 0.7052576601671309 0.5745274914089347 0.03168523676880223 0.04338487972508591
0 0.7733286908077994 0.5085910652920962 0.00766016713091922 0.01288659793814433
0 0.7703690807799443 0.49871134020618557 0.004526462395543176 0.00859106529209622
0 0.7896935933147632 0.5017182130584192 0.006267409470752089 0.009450171821305841
0 0.799791086350975 0.5231958762886598 0.012534818941504178 0.018900343642611683
0 0.8175487465181058 0.5120274914089347 0.00766016713091922 0.013745704467353952
0 0.8279944289693594 0.5064432989690721 0.006963788300835654 0.011168384879725086
4 0.09993036211699165 0.6265034364261168 0.06615598885793872 0.0820446735395189
4 0.16643454038997216 0.5360824742268041 0.02437325905292479 0.03264604810996564
4 0.26131615598885793 0.5118127147766323 0.014275766016713091 0.02190721649484536
4 0.3321727019498607 0.5064432989690721 0.011142061281337047 0.01804123711340206
4 0.48346100278551535 0.4957044673539519 0.007311977715877437 0.012027491408934709
4 0.6319637883008357 0.4995704467353952 0.006963788300835654 0.012027491408934709
4 0.645717270194986 0.49699312714776633 0.005919220055710306 0.010309278350515464
4 0.6850626740947076 0.4954896907216495 0.005222841225626741 0.00902061855670103
4 0.6159470752089137 0.5313573883161512 0.01532033426183844 0.02577319587628866
4 0.7219707520891365 0.4961340206185567 0.004526462395543176 0.00859106529209622
4 0.8050139275766016 0.506872852233677 0.008356545961002786 0.012027491408934709
4 0.8227715877437326 0.5184707903780069 0.010445682451253482 0.01718213058419244
4 0.8377437325905293 0.5092353951890034 0.00766016713091922 0.01245704467353952
4 0.8370473537604457 0.501073883161512 0.004874651810584958 0.00902061855670103
4 0.8514972144846796 0.5047250859106529 0.004526462395543176 0.010309278350515464
2 0.3151114206128134 0.6292955326460481 0.05153203342618384 0.07646048109965636
2 0.5076601671309192 0.521692439862543 0.013927576601671309 0.02190721649484536
2 0.5759052924791086 0.5124570446735395 0.010445682451253482 0.01804123711340206
2 0.6908077994428969 0.5066580756013745 0.00766016713091922 0.01331615120274914
2 0.7285863509749304 0.5045103092783505 0.007311977715877437 0.011597938144329897
2 0.7216225626740947 0.5152491408934707 0.010793871866295265 0.015893470790378006
2 0.754874651810585 0.5004295532646048 0.006267409470752089 0.009450171821305841
2 0.7611420612813371 0.5034364261168385 0.006963788300835654 0.011168384879725086
2 0.8189415041782729 0.4997852233676976 0.005571030640668524 0.00816151202749141
2 0.8546309192200557 0.5055841924398625 0.007311977715877437 0.010309278350515464
2 0.8819637883008357 0.5158934707903781 0.009749303621169917 0.014604810996563574
2 0.9227019498607242 0.5500429553264605 0.019498607242339833 0.029639175257731958