0 0.37412952646239556 0.2592391304347826 0.006615598885793872 0.02717391304347826
0 0.7153551532033426 0.30869565217391304 0.007311977715877437 0.030434782608695653
0 0.133008356545961 0.24021739130434783 0.008356545961002786 0.03260869565217391
0 0.596274373259053 0.29347826086956524 0.007311977715877437 0.030434782608695653
4 0.10236768802228412 0.38913043478260867 0.027158774373259052 0.09782608695652174
0 0.8339136490250696 0.3168478260869565 0.006267409470752089 0.025
0 0.25678969359331477 0.24782608695652175 0.005919220055710306 0.02826086956521739
0 0.6472841225626741 0.3005434782608696 0.00766016713091922 0.03152173913043478
4 0.14554317548746518 0.25815217391304346 0.011142061281337047 0.03804347826086957
0 0.7682799442896936 0.3135869565217391 0.007311977715877437 0.029347826086956522
4 0.32486072423398327 0.4951086956521739 0.035515320334261836 0.13804347826086957
0 0.48363509749303624 0.275 0.006963788300835654 0.030434782608695653
4 0.8010097493036211 0.3418478260869565 0.009401114206128134 0.03804347826086957
4 0.8884052924791086 0.34945652173913044 0.010793871866295265 0.03804347826086957
4 0.6888927576601671 0.3282608695652174 0.0100974930362117 0.041304347826086954
4 0.44707520891364905 0.2858695652173913 0.009052924791086351 0.03695652173913044
4 0.3610724233983287 0.27445652173913043 0.010445682451253482 0.035869565217391305
0 0.8431406685236769 0.3076086956521739 0.005222841225626741 0.021739130434782608
4 0.9463788300835655 0.34945652173913044 0.009749303621169917 0.03369565217391304
0 0.9157381615598886 0.3092391304347826 0.005571030640668524 0.01847826086956522
0 0.7977019498607242 0.3141304347826087 0.005571030640668524 0.02608695652173913
4 0.5887883008356546 0.3130434782608696 0.011142061281337047 0.0391304347826087
0 0.8501044568245125 0.31521739130434784 0.006615598885793872 0.02391304347826087
0 0.8689066852367688 0.3016304347826087 0.004526462395543176 0.01847826086956522
4 0.26079387186629527 0.26521739130434785 0.011142061281337047 0.03695652173913044
4 0.6930710306406686 0.7559782608695652 0.042827298050139274 0.1815217391304348
4 0.9446378830083565 0.3244565217391304 0.004178272980501393 0.02282608695652174
4 0.9481197771587744 0.3201086956521739 0.003481894150417827 0.02282608695652174
0 0.854282729805014 0.3125 0.00383008356545961 0.025
0 0.8386142061281338 0.3005434782608696 0.004526462395543176 0.020652173913043477