0 0.763563829787234 0.4398148148148148 0.017553191489361703 0.04259259259259259
0 0.7864361702127659 0.4726851851851852 0.021808510638297873 0.05462962962962963
0 0.6827127659574468 0.41898148148148145 0.013297872340425532 0.032407407407407406
0 0.7598404255319149 0.5328703703703703 0.040957446808510635 0.07685185185185185
0 0.7813829787234042 0.39490740740740743 0.009574468085106383 0.023148148148148147
0 0.7026595744680851 0.3972222222222222 0.009574468085106383 0.024074074074074074
0 0.8611702127659574 0.3921296296296296 0.00851063829787234 0.023148148148148147
0 0.6545212765957447 0.4041666666666667 0.011170212765957447 0.025
4 0.8087765957446809 0.4111111111111111 0.01223404255319149 0.02962962962962963
4 0.8377659574468085 0.4064814814814815 0.01276595744680851 0.025925925925925925
4 0.8691489361702127 0.42268518518518516 0.01702127659574468 0.03425925925925926
4 0.8914893617021277 0.40185185185185185 0.011702127659574468 0.024074074074074074
2 0.35345744680851066 0.3648148148148148 0.006914893617021276 0.014814814814814815
2 0.20372340425531915 0.3675925925925926 0.009574468085106383 0.016666666666666666
2 0.4601063829787234 0.36898148148148147 0.007446808510638298 0.013888888888888888
2 0.5829787234042553 0.3726851851851852 0.006382978723404255 0.013888888888888888
2 0.11409574468085107 0.3675925925925926 0.006914893617021276 0.012962962962962963