0 0.09468085106382979 0.43148148148148147 0.02021276595744681 0.04259259259259259
0 0.32632978723404255 0.5615740740740741 0.05159574468085106 0.10462962962962963
0 0.43696808510638296 0.4337962962962963 0.019680851063829788 0.041666666666666664
0 0.27101063829787236 0.4212962962962963 0.018617021276595744 0.037037037037037035
0 0.45797872340425533 0.4842592592592593 0.031914893617021274 0.06666666666666667
0 0.08537234042553192 0.38796296296296295 0.011170212765957447 0.016666666666666666
0 0.27925531914893614 0.38657407407407407 0.009574468085106383 0.01574074074074074
0 0.43936170212765957 0.3814814814814815 0.010638297872340425 0.014814814814814815
0 0.551595744680851 0.3763888888888889 0.00851063829787234 0.013888888888888888
0 0.6696808510638298 0.37407407407407406 0.009574468085106383 0.012962962962962963
0 0.7555851063829787 0.38287037037037036 0.01223404255319149 0.013888888888888888
0 0.8303191489361702 0.3888888888888889 0.013829787234042552 0.016666666666666666
4 0.7640957446808511 0.4337962962962963 0.02074468085106383 0.041666666666666664
4 0.20957446808510638 0.4 0.014893617021276596 0.03148148148148148
4 0.8965425531914893 0.4949074074074074 0.036702127659574466 0.0712962962962963
4 0.6242021276595745 0.4152777777777778 0.017553191489361703 0.03611111111111111
4 0.4976063829787234 0.4046296296296296 0.014361702127659574 0.03148148148148148
4 0.36569148936170215 0.39675925925925926 0.013297872340425532 0.028703703703703703