0 0.5041782729805014 0.26358695652173914 0.005571030640668524 0.025
0 0.8819637883008357 0.32282608695652176 0.006267409470752089 0.02608695652173913
0 0.5872214484679665 0.27391304347826084 0.005919220055710306 0.02608695652173913
0 0.42513927576601673 0.2576086956521739 0.006267409470752089 0.02608695652173913
4 0.2630571030640669 0.32771739130434785 0.017061281337047353 0.06630434782608696
4 0.459958217270195 0.27608695652173915 0.008356545961002786 0.034782608695652174
4 0.3165041782729805 0.47282608695652173 0.033426183844011144 0.12608695652173912
0 0.1673050139275766 0.24945652173913044 0.009401114206128134 0.03804347826086957
0 0.76758356545961 0.3016304347826087 0.006615598885793872 0.025
0 0.6723537604456824 0.2858695652173913 0.005571030640668524 0.02391304347826087
0 0.05658077994428969 0.2592391304347826 0.013579387186629526 0.04891304347826087
0 0.31162952646239556 0.2516304347826087 0.00766016713091922 0.03152173913043478
4 0.34035515320334264 0.28206521739130436 0.0100974930362117 0.04456521739130435
4 0.9136490250696379 0.34402173913043477 0.009052924791086351 0.03369565217391304
4 0.5969707520891365 0.28858695652173916 0.007311977715877437 0.03152173913043478
4 0.2945682451253482 0.20923913043478262 0.0020891364902506965 0.009782608695652175
4 0.6004526462395543 0.23641304347826086 0.002437325905292479 0.009782608695652175
4 0.33008356545961004 0.21358695652173912 0.002785515320334262 0.011956521739130435
4 0.7534818941504178 0.3141304347826087 0.00766016713091922 0.03260869565217391
4 0.32520891364902504 0.21032608695652175 0.002785515320334262 0.009782608695652175
4 0.2743732590529248 0.2125 0.002785515320334262 0.011956521739130435
4 0.30797353760445684 0.1983695652173913 0.0017409470752089136 0.007608695652173913
4 0.3593314763231198 0.21195652173913043 0.002785515320334262 0.010869565217391304
0 0.2764623955431755 0.20108695652173914 0.001392757660167131 0.006521739130434782
4 0.3729108635097493 0.20597826086956522 0.001392757660167131 0.007608695652173913
0 0.37552228412256267 0.20869565217391303 0.0017409470752089136 0.006521739130434782
4 0.6286559888579387 0.22934782608695653 0.0017409470752089136 0.008695652173913044
4 0.6011490250696379 0.22826086956521738 0.0017409470752089136 0.008695652173913044
4 0.3786559888579387 0.21684782608695652 0.002437325905292479 0.011956521739130435
4 0.554491643454039 0.2375 0.002437325905292479 0.009782608695652175
4 0.5722493036211699 0.22717391304347825 0.0017409470752089136 0.008695652173913044
4 0.3286908077994429 0.20054347826086957 0.001392757660167131 0.007608695652173913
0 0.32346796657381616 0.20217391304347826 0.001392757660167131 0.006521739130434782
0 0.3514972144846797 0.2048913043478261 0.0017409470752089136 0.007608695652173913
0 0.6239554317548747 0.22554347826086957 0.001392757660167131 0.007608695652173913
0 0.30275069637883006 0.20054347826086957 0.0017409470752089136 0.007608695652173913
4 0.34540389972144847 0.20326086956521738 0.001392757660167131 0.006521739130434782