0 0.24574468085106382 0.4625 0.02021276595744681 0.04537037037037037
0 0.7601063829787233 0.49583333333333335 0.027659574468085105 0.06574074074074074
0 0.6186170212765958 0.40185185185185185 0.007446808510638298 0.018518518518518517
0 0.09654255319148936 0.399537037037037 0.007978723404255319 0.017592592592592594
0 0.8228723404255319 0.3861111111111111 0.007446808510638298 0.018518518518518517
0 0.4444148936170213 0.43703703703703706 0.015425531914893617 0.03888888888888889
0 0.375 0.40324074074074073 0.00851063829787234 0.023148148148148147
0 0.44601063829787235 0.4064814814814815 0.009042553191489361 0.020370370370370372
0 0.49813829787234043 0.42453703703703705 0.010106382978723405 0.028703703703703703
0 0.7090425531914893 0.39305555555555555 0.006382978723404255 0.019444444444444445
4 0.6986702127659574 0.44027777777777777 0.015425531914893617 0.04351851851851852
4 0.8829787234042553 0.45787037037037037 0.02553191489361702 0.05092592592592592
4 0.8643617021276596 0.3921296296296296 0.009574468085106383 0.021296296296296296
4 0.39122340425531915 0.4962962962962963 0.026063829787234042 0.06481481481481481
4 0.3098404255319149 0.3921296296296296 0.011170212765957447 0.01574074074074074
4 0.425531914893617 0.39490740740740743 0.009574468085106383 0.021296296296296296
4 0.5061170212765957 0.4013888888888889 0.006914893617021276 0.021296296296296296
4 0.6396276595744681 0.4236111111111111 0.011170212765957447 0.03611111111111111
4 0.7 0.4046296296296296 0.009574468085106383 0.024074074074074074
4 0.7707446808510638 0.3972222222222222 0.00851063829787234 0.025925925925925925
4 0.08297872340425531 0.3912037037037037 0.00851063829787234 0.025
2 0.2377659574468085 0.6273148148148148 0.06063829787234042 0.13425925925925927
2 0.5438829787234043 0.37453703703703706 0.0047872340425531915 0.012037037037037037
2 0.5281914893617021 0.37546296296296294 0.005319148936170213 0.010185185185185186
2 0.5601063829787234 0.375 0.005319148936170213 0.011111111111111112
2 0.574468085106383 0.37407407407407406 0.00425531914893617 0.012962962962962963
2 0.5811170212765957 0.3773148148148148 0.003723404255319149 0.012037037037037037
2 0.589095744680851 0.3824074074074074 0.0047872340425531915 0.014814814814814815
2 0.5946808510638298 0.3902777777777778 0.005319148936170213 0.01574074074074074
2 0.6015957446808511 0.3976851851851852 0.006382978723404255 0.017592592592592594
2 0.513563829787234 0.3976851851851852 0.006914893617021276 0.017592592592592594
1 0.488031914893617 0.4199074074074074 0.015425531914893617 0.049074074074074076
1 0.49920212765957445 0.41435185185185186 0.010106382978723405 0.04537037037037037
1 0.6382978723404256 0.41388888888888886 0.01276595744680851 0.04814814814814815
1 0.6513297872340426 0.41944444444444445 0.017553191489361703 0.05