0 0.5345744680851063 0.6158783783783783 0.018085106382978722 0.03310810810810811
0 0.17393617021276594 0.5692567567567568 0.00851063829787234 0.015540540540540541
0 0.38590425531914896 0.6293918918918919 0.026063829787234042 0.046621621621621624
0 0.1148936170212766 0.5709459459459459 0.00851063829787234 0.01756756756756757
0 0.3390957446808511 0.5692567567567568 0.009042553191489361 0.015540540540540541
0 0.24521276595744682 0.5675675675675675 0.006382978723404255 0.014864864864864866
0 0.5210106382978723 0.5780405405405405 0.009042553191489361 0.016891891891891893
0 0.6268617021276596 0.610472972972973 0.015425531914893617 0.026351351351351353
0 0.4428191489361702 0.5722972972972973 0.009042553191489361 0.016216216216216217
0 0.5691489361702128 0.5831081081081081 0.00851063829787234 0.01756756756756757
0 0.6202127659574468 0.5922297297297298 0.010638297872340425 0.019594594594594596
0 0.7571808510638298 0.5743243243243243 0.0047872340425531915 0.012162162162162163
0 0.6550531914893617 0.6037162162162162 0.013297872340425532 0.02364864864864865
0 0.4077127659574468 0.5604729729729729 0.005851063829787234 0.011486486486486487
0 0.6672872340425532 0.5712837837837837 0.005851063829787234 0.011486486486486487
0 0.5968085106382979 0.5685810810810811 0.00425531914893617 0.010135135135135136
0 0.8675531914893617 0.5797297297297297 0.007446808510638298 0.013513513513513514
0 0.4909574468085106 0.5648648648648649 0.005319148936170213 0.010810810810810811
0 0.32872340425531915 0.5594594594594594 0.005319148936170213 0.010810810810810811
4 0.8587765957446809 0.6040540540540541 0.014361702127659574 0.021621621621621623
4 0.7412234042553192 0.5878378378378378 0.011170212765957447 0.016216216216216217
4 0.6348404255319149 0.5756756756756757 0.009042553191489361 0.016216216216216217
4 0.7308510638297873 0.5736486486486486 0.006382978723404255 0.010810810810810811
4 0.823404255319149 0.5780405405405405 0.00851063829787234 0.015540540540540541
4 0.35638297872340424 0.5614864864864865 0.007446808510638298 0.012162162162162163
4 0.4529255319148936 0.5645270270270271 0.006914893617021276 0.01418918918918919
4 0.14627659574468085 0.5597972972972973 0.00851063829787234 0.01418918918918919
4 0.5452127659574468 0.5685810810810811 0.006382978723404255 0.01418918918918919
4 0.6539893617021276 0.5722972972972973 0.006914893617021276 0.013513513513513514
4 0.573404255319149 0.5692567567567568 0.006382978723404255 0.011486486486486487
4 0.3776595744680851 0.5614864864864865 0.006382978723404255 0.013513513513513514
4 0.30611702127659574 0.5601351351351351 0.006914893617021276 0.013513513513513514
4 0.2550531914893617 0.5601351351351351 0.007978723404255319 0.013513513513513514
4 0.21728723404255318 0.5577702702702703 0.006914893617021276 0.012837837837837839