0 0.29148936170212764 0.5462962962962963 0.043617021276595745 0.08703703703703704
0 0.4742021276595745 0.4601851851851852 0.018617021276595744 0.05185185185185185
0 0.5050531914893617 0.4199074074074074 0.013297872340425532 0.03425925925925926
0 0.5132978723404256 0.4 0.009574468085106383 0.024074074074074074
0 0.5803191489361702 0.38796296296296295 0.00851063829787234 0.020370370370370372
0 0.6861702127659575 0.3787037037037037 0.007446808510638298 0.018518518518518517
0 0.7316489361702128 0.375 0.006914893617021276 0.016666666666666666
0 0.776595744680851 0.362962962962963 0.00425531914893617 0.011111111111111112
0 0.8422872340425532 0.35694444444444445 0.0047872340425531915 0.010185185185185186
0 0.8784574468085107 0.3541666666666667 0.003723404255319149 0.010185185185185186
0 0.7593085106382979 0.3712962962962963 0.005851063829787234 0.014814814814814815
0 0.7539893617021277 0.3675925925925926 0.0047872340425531915 0.012962962962962963
4 0.3257978723404255 0.37222222222222223 0.006914893617021276 0.018518518518518517
4 0.3327127659574468 0.37083333333333335 0.005851063829787234 0.01574074074074074
4 0.7502659574468085 0.4615740740740741 0.028191489361702127 0.05648148148148148
4 0.7002659574468085 0.41712962962962963 0.014361702127659574 0.032407407407407406
4 0.6970744680851064 0.40324074074074073 0.010106382978723405 0.026851851851851852
4 0.7058510638297872 0.3925925925925926 0.00851063829787234 0.024074074074074074
4 0.7837765957446808 0.38657407407407407 0.009042553191489361 0.021296296296296296
4 0.8356382978723405 0.38055555555555554 0.007446808510638298 0.020370370370370372
4 0.8571808510638298 0.37777777777777777 0.006914893617021276 0.016666666666666666
4 0.8547872340425532 0.37175925925925923 0.00425531914893617 0.01574074074074074
4 0.8327127659574468 0.3685185185185185 0.005851063829787234 0.016666666666666666
4 0.836968085106383 0.36435185185185187 0.003723404255319149 0.010185185185185186
4 0.8686170212765958 0.36064814814814816 0.00425531914893617 0.012037037037037037
4 0.8941489361702127 0.35833333333333334 0.00425531914893617 0.011111111111111112