0 0.8098885793871866 0.296195652173913 0.01532033426183844 0.059782608695652176
0 0.8447075208913649 0.24728260869565216 0.009749303621169917 0.042391304347826085
1 0.8619428969359332 0.21304347826086956 0.0100974930362117 0.05217391304347826
0 0.7160515320334262 0.4260869565217391 0.03168523676880223 0.11956521739130435
2 0.8831824512534819 0.19619565217391305 0.005919220055710306 0.02282608695652174
2 0.8887534818941504 0.18804347826086956 0.004526462395543176 0.01956521739130435
2 0.8753481894150418 0.20597826086956522 0.006963788300835654 0.025
2 0.8929317548746518 0.18206521739130435 0.00383008356545961 0.016304347826086956
1 0.8661211699164345 0.20978260869565218 0.009401114206128134 0.05217391304347826
2 0.8960654596100278 0.17771739130434783 0.00383008356545961 0.016304347826086956
2 0.8988509749303621 0.17445652173913043 0.002437325905292479 0.014130434782608696
2 0.9014623955431755 0.17065217391304346 0.002785515320334262 0.013043478260869565
2 0.9035515320334262 0.16902173913043478 0.0020891364902506965 0.011956521739130435