0 0.7686170212765957 0.375 0.009574468085106383 0.024074074074074074
0 0.6247340425531915 0.39861111111111114 0.011170212765957447 0.028703703703703703
0 0.19228723404255318 0.549537037037037 0.05053191489361702 0.08981481481481482
0 0.7861702127659574 0.3638888888888889 0.00851063829787234 0.020370370370370372
0 0.7109042553191489 0.3837962962962963 0.011170212765957447 0.026851851851851852
0 0.1829787234042553 0.37824074074074077 0.00851063829787234 0.019444444444444445
0 0.4101063829787234 0.4675925925925926 0.02446808510638298 0.053703703703703705
0 0.5180851063829788 0.425 0.01702127659574468 0.03518518518518519
0 0.5351063829787234 0.36342592592592593 0.007446808510638298 0.017592592592592594
0 0.30957446808510636 0.37453703703703706 0.009574468085106383 0.019444444444444445
0 0.43351063829787234 0.3680555555555556 0.007446808510638298 0.017592592592592594
0 0.6356382978723404 0.3592592592592593 0.007446808510638298 0.018518518518518517
0 0.7093085106382979 0.3578703703703704 0.007978723404255319 0.019444444444444445
0 0.8441489361702128 0.34074074074074073 0.007446808510638298 0.011111111111111112
0 0.725 0.34305555555555556 0.006382978723404255 0.012037037037037037
4 0.8800531914893617 0.600925925925926 0.06648936170212766 0.12037037037037036
4 0.3398936170212766 0.36342592592592593 0.009574468085106383 0.019444444444444445
4 0.8734042553191489 0.4046296296296296 0.015957446808510637 0.03333333333333333
4 0.7728723404255319 0.4773148148148148 0.029787234042553193 0.06018518518518518
4 0.24202127659574468 0.36574074074074076 0.00851063829787234 0.016666666666666666
4 0.6819148936170213 0.3490740740740741 0.00851063829787234 0.018518518518518517
4 0.44361702127659575 0.3587962962962963 0.00851063829787234 0.017592592592592594
4 0.850531914893617 0.3537037037037037 0.009574468085106383 0.018518518518518517
4 0.5311170212765958 0.35462962962962963 0.006914893617021276 0.016666666666666666
4 0.601063829787234 0.35185185185185186 0.006382978723404255 0.016666666666666666
4 0.7702127659574468 0.3490740740740741 0.00851063829787234 0.018518518518518517
4 0.9212765957446809 0.3597222222222222 0.007446808510638298 0.021296296296296296
4 0.7712765957446809 0.43148148148148147 0.02021276595744681 0.04259259259259259
4 0.14335106382978724 0.36712962962962964 0.007978723404255319 0.017592592592592594
2 0.11010638297872341 0.4148148148148148 0.027659574468085105 0.027777777777777776
2 0.14441489361702128 0.3611111111111111 0.01648936170212766 0.014814814814814815