0 0.13803191489361702 0.43287037037037035 0.017553191489361703 0.04351851851851852
0 0.7691489361702127 0.3921296296296296 0.011702127659574468 0.026851851851851852
0 0.16037234042553192 0.46064814814814814 0.027127659574468086 0.05462962962962963
0 0.39813829787234045 0.36898148148148147 0.006914893617021276 0.017592592592592594
0 0.15425531914893617 0.3837962962962963 0.010638297872340425 0.023148148148148147
0 0.5776595744680851 0.3768518518518518 0.00851063829787234 0.018518518518518517
0 0.12234042553191489 0.5652777777777778 0.047872340425531915 0.09907407407407408
0 0.21170212765957447 0.3768518518518518 0.007446808510638298 0.016666666666666666
0 0.11303191489361702 0.41712962962962963 0.013297872340425532 0.032407407407407406
0 0.4853723404255319 0.37175925925925923 0.007978723404255319 0.01574074074074074
0 0.10425531914893617 0.4050925925925926 0.009574468085106383 0.026851851851851852
0 0.11436170212765957 0.39537037037037037 0.00851063829787234 0.022222222222222223
0 0.3127659574468085 0.37175925925925923 0.006382978723404255 0.017592592592592594
0 0.6752659574468085 0.3824074074074074 0.007978723404255319 0.020370370370370372
4 0.4162234042553192 0.4361111111111111 0.019680851063829788 0.04814814814814815
4 0.5531914893617021 0.387037037037037 0.011702127659574468 0.025925925925925925
4 0.8736702127659575 0.4152777777777778 0.018617021276595744 0.03981481481481482
4 0.47579787234042553 0.37777777777777777 0.007978723404255319 0.016666666666666666
4 0.41648936170212764 0.3731481481481482 0.00851063829787234 0.020370370370370372
4 0.3574468085106383 0.4148148148148148 0.018085106382978722 0.03888888888888889
4 0.5875 0.5101851851851852 0.03563829787234043 0.08333333333333333
4 0.6704787234042553 0.3972222222222222 0.013297872340425532 0.027777777777777776
4 0.28643617021276596 0.3990740740740741 0.011170212765957447 0.027777777777777776
4 0.35558510638297874 0.3768518518518518 0.007978723404255319 0.022222222222222223
4 0.2752659574468085 0.38425925925925924 0.010106382978723405 0.022222222222222223
4 0.3047872340425532 0.3787037037037037 0.007446808510638298 0.018518518518518517