0 0.1023936170212766 0.7300675675675675 0.05585106382978723 0.08716216216216216
0 0.275531914893617 0.6385135135135135 0.02872340425531915 0.0445945945945946
0 0.33537234042553193 0.6047297297297297 0.017553191489361703 0.031081081081081083
0 0.36861702127659574 0.5871621621621622 0.013829787234042552 0.022972972972972974
0 0.3550531914893617 0.5824324324324325 0.01223404255319149 0.021621621621621623
0 0.3098404255319149 0.5820945945945946 0.011170212765957447 0.020945945945945947
0 0.2566489361702128 0.5834459459459459 0.011170212765957447 0.020945945945945947
0 0.08670212765957447 0.5932432432432433 0.014893617021276596 0.024324324324324326
4 0.411968085106383 0.572972972972973 0.010106382978723405 0.016216216216216217
4 0.7239361702127659 0.7307432432432432 0.06489361702127659 0.08986486486486486
4 0.6146276595744681 0.6364864864864865 0.02925531914893617 0.04594594594594595
4 0.5728723404255319 0.6027027027027027 0.01702127659574468 0.031081081081081083
4 0.55 0.5861486486486487 0.01276595744680851 0.0222972972972973
4 0.5247340425531914 0.5790540540540541 0.010106382978723405 0.01891891891891892
4 0.4627659574468085 0.5746621621621621 0.010638297872340425 0.018243243243243244
4 0.3359042553191489 0.5736486486486486 0.010106382978723405 0.016216216216216217
4 0.26382978723404255 0.5746621621621621 0.010638297872340425 0.016891891891891893
4 0.19680851063829788 0.5790540540540541 0.010638297872340425 0.01891891891891892