0 0.6138297872340426 0.5259259259259259 0.03723404255319149 0.07962962962962963
0 0.8957446808510638 0.4824074074074074 0.026595744680851064 0.06111111111111111
0 0.45797872340425533 0.3875 0.01276595744680851 0.03425925925925926
4 0.8265957446808511 0.3907407407407407 0.013829787234042552 0.014814814814814815
4 0.7031914893617022 0.3824074074074074 0.007446808510638298 0.018518518518518517
4 0.6053191489361702 0.3773148148148148 0.007446808510638298 0.017592592592592594
4 0.586968085106383 0.3768518518518518 0.006914893617021276 0.014814814814814815
4 0.5731382978723404 0.37546296296296294 0.005851063829787234 0.01574074074074074
4 0.5590425531914893 0.37453703703703706 0.005319148936170213 0.013888888888888888
4 0.5476063829787234 0.37453703703703706 0.0047872340425531915 0.012037037037037037
4 0.5348404255319149 0.3726851851851852 0.0047872340425531915 0.013888888888888888
4 0.5236702127659575 0.37222222222222223 0.0047872340425531915 0.012962962962962963