2 0.31928969359331477 0.5646739130434782 0.04735376044568245 0.17065217391304346
2 0.18297353760445684 0.33804347826086956 0.019846796657381614 0.07173913043478261
2 0.13962395543175488 0.27608695652173915 0.012534818941504178 0.04782608695652174
2 0.10027855153203342 0.21358695652173912 0.006267409470752089 0.025
2 0.11873259052924791 0.2440217391304348 0.009052924791086351 0.03804347826086957
2 0.10724233983286909 0.2266304347826087 0.00766016713091922 0.029347826086956522
2 0.12639275766016714 0.2554347826086957 0.010445682451253482 0.041304347826086954
2 0.0927924791086351 0.20543478260869566 0.004526462395543176 0.01956521739130435
2 0.08965877437325906 0.1983695652173913 0.00383008356545961 0.01847826086956522
2 0.08617688022284123 0.19293478260869565 0.00383008356545961 0.016304347826086956
2 0.1368384401114206 0.2559782608695652 0.009052924791086351 0.04021739130434782
2 0.08408774373259052 0.1891304347826087 0.0031337047353760445 0.015217391304347827
2 0.08252089136490251 0.18695652173913044 0.002785515320334262 0.013043478260869565