0 0.2590529247910863 0.5655068728522337 0.02437325905292479 0.03823024054982818
0 0.21431058495821728 0.5322164948453608 0.014275766016713091 0.024054982817869417
0 0.3793523676880223 0.5122422680412371 0.008704735376044569 0.014175257731958763
0 0.491991643454039 0.5173969072164949 0.009052924791086351 0.015034364261168385
0 0.6427576601671309 0.5229810996563574 0.010445682451253482 0.01675257731958763
0 0.7405988857938719 0.5373711340206185 0.013231197771587743 0.02147766323024055
0 0.7440807799442897 0.5493986254295533 0.016016713091922007 0.02577319587628866
0 0.8262534818941504 0.5367268041237113 0.012534818941504178 0.020189003436426118
0 0.8978064066852368 0.6058848797250859 0.03377437325905292 0.05025773195876289
4 0.5057451253481894 0.7012457044673539 0.05675487465181058 0.1018041237113402
4 0.27663649025069637 0.5113831615120275 0.009401114206128134 0.015893470790378006
4 0.3020543175487465 0.5197594501718213 0.01149025069637883 0.018900343642611683
4 0.38875348189415043 0.5367268041237113 0.014972144846796657 0.02534364261168385
4 0.435933147632312 0.507946735395189 0.006963788300835654 0.01245704467353952
4 0.5428272980501393 0.5141752577319587 0.00766016713091922 0.014604810996563574
4 0.5927924791086351 0.5551975945017182 0.018454038997214484 0.03221649484536082
4 0.6528551532033426 0.5264175257731959 0.010445682451253482 0.01761168384879725
4 0.7080431754874652 0.5259879725085911 0.009401114206128134 0.01761168384879725
2 0.40198467966573814 0.5070876288659794 0.007311977715877437 0.01245704467353952
2 0.44063370473537605 0.5193298969072165 0.010793871866295265 0.01718213058419244
2 0.557799442896936 0.5266323024054983 0.012534818941504178 0.018900343642611683
2 0.5729456824512534 0.5158934707903781 0.008008356545961003 0.014604810996563574
2 0.616991643454039 0.5362972508591065 0.013231197771587743 0.02190721649484536
2 0.7898676880222841 0.5539089347079038 0.017061281337047353 0.027920962199312716
2 0.8483635097493036 0.5322164948453608 0.01149025069637883 0.018900343642611683