0 0.4071808510638298 0.41805555555555557 0.01223404255319149 0.032407407407407406
0 0.3574468085106383 0.4597222222222222 0.02127659574468085 0.049074074074074076
0 0.43164893617021277 0.39537037037037037 0.009042553191489361 0.022222222222222223
0 0.1675531914893617 0.6282407407407408 0.0627659574468085 0.13055555555555556
0 0.44388297872340426 0.38425925925925924 0.005851063829787234 0.016666666666666666
0 0.4523936170212766 0.3768518518518518 0.0047872340425531915 0.012962962962962963
0 0.45797872340425533 0.37222222222222223 0.0031914893617021275 0.011111111111111112
0 0.46170212765957447 0.36944444444444446 0.0031914893617021275 0.009259259259259259
4 0.5808510638297872 0.4162037037037037 0.01276595744680851 0.032407407407407406
4 0.551595744680851 0.39351851851851855 0.00851063829787234 0.020370370370370372
4 0.6343085106382979 0.4564814814814815 0.021808510638297873 0.05
4 0.5351063829787234 0.3814814814814815 0.005319148936170213 0.014814814814814815
4 0.8417553191489362 0.6259259259259259 0.04946808510638298 0.12777777777777777
4 0.526595744680851 0.37592592592592594 0.005319148936170213 0.012962962962962963
4 0.5204787234042553 0.37175925925925923 0.0047872340425531915 0.012037037037037037
4 0.5151595744680851 0.3685185185185185 0.0026595744680851063 0.009259259259259259
4 0.511436170212766 0.36666666666666664 0.0026595744680851063 0.009259259259259259
1 0.11888297872340425 0.6268518518518519 0.08882978723404256 0.23148148148148148
1 0.8800531914893617 0.6199074074074075 0.08670212765957447 0.2324074074074074