4 0.09627437325905293 0.27880434782608693 0.013579387186629526 0.051086956521739134
4 0.8941504178272981 0.35054347826086957 0.006963788300835654 0.02717391304347826
4 0.2076949860724234 0.35978260869565215 0.019846796657381614 0.08043478260869565
4 0.9101671309192201 0.33858695652173915 0.005571030640668524 0.020652173913043477
4 0.8856197771587744 0.3423913043478261 0.006615598885793872 0.02391304347826087
4 0.16991643454038996 0.3119565217391304 0.014623955431754874 0.06086956521739131
4 0.916782729805014 0.36195652173913045 0.008356545961002786 0.030434782608695653
4 0.8891016713091922 0.3201086956521739 0.00383008356545961 0.014130434782608696
4 0.6780988857938719 0.2798913043478261 0.0031337047353760445 0.014130434782608696
4 0.8483635097493036 0.3114130434782609 0.004526462395543176 0.014130434782608696
4 0.8107590529247911 0.3032608695652174 0.00383008356545961 0.013043478260869565
0 0.8022284122562674 0.29891304347826086 0.002785515320334262 0.013043478260869565
1 0.37169220055710306 0.5233695652173913 0.06093314763231198 0.2554347826086957
0 0.6149025069637883 0.26304347826086955 0.002785515320334262 0.013043478260869565
4 0.18924094707520892 0.21032608695652175 0.004526462395543176 0.01847826086956522
0 0.17862116991643454 0.19782608695652174 0.002785515320334262 0.013043478260869565
0 0.08495821727019498 0.1983695652173913 0.004874651810584958 0.01847826086956522
4 0.2877785515320334 0.21358695652173912 0.0031337047353760445 0.014130434782608696
4 0.16208217270194986 0.20923913043478262 0.005919220055710306 0.020652173913043477
0 0.5950557103064067 0.2565217391304348 0.0020891364902506965 0.010869565217391304
4 0.23537604456824512 0.20706521739130435 0.003481894150417827 0.014130434782608696
4 0.7226671309192201 0.2875 0.0031337047353760445 0.016304347826086956
4 0.2155292479108635 0.2048913043478261 0.003481894150417827 0.014130434782608696
0 0.2782033426183844 0.2108695652173913 0.002785515320334262 0.010869565217391304
4 0.5995821727019499 0.26467391304347826 0.003481894150417827 0.014130434782608696
4 0.5675487465181058 0.2565217391304348 0.002785515320334262 0.013043478260869565
4 0.4117339832869081 0.225 0.002437325905292479 0.010869565217391304
0 0.133008356545961 0.20054347826086957 0.004874651810584958 0.016304347826086956
0 0.9153899721448467 0.32282608695652176 0.003481894150417827 0.015217391304347827
0 0.2440807799442897 0.20597826086956522 0.002785515320334262 0.011956521739130435
0 0.5774721448467967 0.25271739130434784 0.002437325905292479 0.009782608695652175
4 0.5282033426183844 0.24456521739130435 0.0020891364902506965 0.010869565217391304
4 0.05344707520891365 0.20380434782608695 0.007311977715877437 0.02282608695652174
0 0.6526810584958217 0.2722826086956522 0.002437325905292479 0.011956521739130435
0 0.6030640668523677 0.26032608695652176 0.0020891364902506965 0.011956521739130435
4 0.43279944289693595 0.22880434782608697 0.0020891364902506965 0.009782608695652175
0 0.14867688022284123 0.1967391304347826 0.002785515320334262 0.013043478260869565
1 0.31963788300835655 0.4733695652173913 0.03690807799442897 0.22282608695652173
0 0.29752785515320335 0.21304347826086956 0.002437325905292479 0.013043478260869565
4 0.3542827298050139 0.2217391304347826 0.0031337047353760445 0.013043478260869565
0 0.5210654596100278 0.2418478260869565 0.0017409470752089136 0.009782608695652175
0 0.333391364902507 0.21630434782608696 0.002437325905292479 0.010869565217391304
4 0.5410863509749304 0.2467391304347826 0.002785515320334262 0.013043478260869565
4 0.20212395543175488 0.20978260869565218 0.00383008356545961 0.015217391304347827
0 0.8581128133704735 0.31032608695652175 0.0031337047353760445 0.014130434782608696
4 0.9249651810584958 0.328804347826087 0.004526462395543176 0.016304347826086956
4 0.7754178272980501 0.2967391304347826 0.003481894150417827 0.015217391304347827
4 0.3932799442896936 0.22391304347826088 0.002437325905292479 0.010869565217391304
0 0.05901810584958217 0.19510869565217392 0.00383008356545961 0.020652173913043477
4 0.4799791086350975 0.23532608695652174 0.002437325905292479 0.009782608695652175
0 0.6326601671309192 0.26793478260869563 0.002785515320334262 0.011956521739130435
4 0.3178969359331476 0.21739130434782608 0.002785515320334262 0.013043478260869565
4 0.4568245125348189 0.23152173913043478 0.002785515320334262 0.010869565217391304
4 0.1168175487465181 0.20923913043478262 0.005222841225626741 0.01847826086956522
0 0.4505571030640669 0.22934782608695653 0.0020891364902506965 0.008695652173913044
0 0.341399721448468 0.21739130434782608 0.0017409470752089136 0.010869565217391304
4 0.20490947075208912 0.20597826086956522 0.00383008356545961 0.014130434782608696
0 0.7024721448467967 0.28097826086956523 0.002437325905292479 0.014130434782608696
4 0.5036559888579387 0.23967391304347826 0.002437325905292479 0.009782608695652175
4 0.559366295264624 0.25380434782608696 0.002437325905292479 0.011956521739130435
0 0.3565459610027855 0.21739130434782608 0.0020891364902506965 0.010869565217391304
0 0.6072423398328691 0.2619565217391304 0.0020891364902506965 0.010869565217391304
4 0.5564066852367688 0.25217391304347825 0.002785515320334262 0.013043478260869565
4 0.3732590529247911 0.2233695652173913 0.0020891364902506965 0.011956521739130435
4 0.5524025069637883 0.25 0.0031337047353760445 0.010869565217391304
4 0.20926183844011143 0.20869565217391303 0.004178272980501393 0.015217391304347827
0 0.41591225626740946 0.225 0.0017409470752089136 0.008695652173913044
4 0.6368384401114207 0.2722826086956522 0.003481894150417827 0.014130434782608696
0 0.7498259052924791 0.2891304347826087 0.0031337047353760445 0.013043478260869565
0 0.11664345403899722 0.19891304347826086 0.004874651810584958 0.01956521739130435
4 0.38387883008356544 0.22282608695652173 0.002437325905292479 0.010869565217391304
4 0.34018105849582175 0.5347826086956522 0.031337047353760444 0.14565217391304347
0 0.4860724233983287 0.23532608695652174 0.0020891364902506965 0.009782608695652175
0 0.211525069637883 0.20217391304347826 0.0031337047353760445 0.013043478260869565
4 0.884575208913649 0.33641304347826084 0.005919220055710306 0.02282608695652174
0 0.14188718662952646 0.20054347826086957 0.00383008356545961 0.016304347826086956
0 0.1411908077994429 0.19728260869565217 0.00383008356545961 0.016304347826086956
0 0.31928969359331477 0.21521739130434783 0.002785515320334262 0.013043478260869565
0 0.38579387186629527 0.2217391304347826 0.002785515320334262 0.010869565217391304
0 0.6774025069637883 0.27717391304347827 0.0031337047353760445 0.013043478260869565
0 0.14258356545961004 0.20434782608695654 0.005222841225626741 0.008695652173913044