0 0.8165041782729805 0.3695652173913043 0.009749303621169917 0.03695652173913044
0 0.3868384401114206 0.33695652173913043 0.016016713091922007 0.05652173913043478
4 0.7583565459610028 0.3842391304347826 0.014623955431754874 0.04673913043478261
4 0.5569289693593314 0.3923913043478261 0.019846796657381614 0.06956521739130435
0 0.5323816155988857 0.3342391304347826 0.012534818941504178 0.042391304347826085
4 0.4832869080779944 0.4494565217391304 0.027855153203342618 0.10108695652173913
4 0.8450557103064067 0.3516304347826087 0.008356545961002786 0.02717391304347826
2 0.7157033426183844 0.33967391304347827 0.009401114206128134 0.03369565217391304
2 0.8871866295264624 0.4043478260869565 0.013231197771587743 0.04565217391304348
0 0.9462047353760445 0.3755434782608696 0.008704735376044569 0.029347826086956522
0 0.20438718662952646 0.37717391304347825 0.02576601671309192 0.08695652173913043
4 0.9260097493036211 0.35597826086956524 0.006615598885793872 0.02282608695652174
4 0.8690807799442897 0.3701086956521739 0.009749303621169917 0.03152173913043478
2 0.7674094707520891 0.34130434782608693 0.008356545961002786 0.030434782608695653
4 0.8704735376044568 0.34782608695652173 0.006963788300835654 0.02391304347826087
4 0.6481545961002786 0.37880434782608696 0.014972144846796657 0.05543478260869565
4 0.48502785515320335 0.6402173913043478 0.04596100278551532 0.18478260869565216
0 0.6784470752089137 0.3472826086956522 0.009401114206128134 0.03804347826086957
2 0.6807103064066853 0.3173913043478261 0.006267409470752089 0.02608695652173913
2 0.6276114206128134 0.3130434782608696 0.006615598885793872 0.02826086956521739