0 0.45372340425531915 0.4847222222222222 0.03297872340425532 0.06574074074074074
0 0.4321808510638298 0.3800925925925926 0.011170212765957447 0.026851851851851852
0 0.11409574468085107 0.6949074074074074 0.07925531914893617 0.1675925925925926
0 0.09069148936170213 0.39305555555555555 0.014361702127659574 0.032407407407407406
0 0.2773936170212766 0.3861111111111111 0.013297872340425532 0.02962962962962963
0 0.5343085106382979 0.37916666666666665 0.011170212765957447 0.026851851851851852
0 0.5843085106382979 0.43287037037037035 0.02074468085106383 0.04537037037037037
0 0.6550531914893617 0.412962962962963 0.01648936170212766 0.037037037037037035
0 0.6473404255319148 0.3902777777777778 0.011702127659574468 0.028703703703703703
0 0.1175531914893617 0.35138888888888886 0.00851063829787234 0.013888888888888888
0 0.27101063829787236 0.3527777777777778 0.006914893617021276 0.011111111111111112
0 0.39335106382978724 0.3560185185185185 0.009042553191489361 0.013888888888888888
0 0.5279255319148937 0.35833333333333334 0.007978723404255319 0.012962962962962963
0 0.6577127659574468 0.35833333333333334 0.007978723404255319 0.012962962962962963
0 0.760904255319149 0.3560185185185185 0.007978723404255319 0.013888888888888888
0 0.8851063829787233 0.35833333333333334 0.010638297872340425 0.011111111111111112
4 0.6997340425531915 0.37592592592592594 0.011170212765957447 0.025925925925925925
4 0.8 0.38657407407407407 0.013829787234042552 0.028703703703703703
4 0.1295212765957447 0.375 0.014361702127659574 0.02962962962962963
4 0.3792553191489362 0.3662037037037037 0.010638297872340425 0.023148148148148147
4 0.48590425531914894 0.36527777777777776 0.010106382978723405 0.023148148148148147
4 0.5970744680851063 0.36666666666666664 0.011170212765957447 0.024074074074074074
4 0.9047872340425532 0.40185185185185185 0.014893617021276596 0.03333333333333333
4 0.2765957446808511 0.36898148148148147 0.011702127659574468 0.025