0 0.12845744680851065 0.6888888888888889 0.08138297872340426 0.15185185185185185
0 0.31382978723404253 0.4935185185185185 0.02446808510638298 0.06111111111111111
0 0.4726063829787234 0.4444444444444444 0.014361702127659574 0.037037037037037035
0 0.636968085106383 0.4212962962962963 0.01223404255319149 0.027777777777777776
0 0.6952127659574469 0.4134259259259259 0.00851063829787234 0.023148148148148147
0 0.7226063829787234 0.40555555555555556 0.006914893617021276 0.020370370370370372
0 0.7082446808510638 0.4 0.005851063829787234 0.016666666666666666
0 0.7164893617021276 0.38935185185185184 0.00425531914893617 0.013888888888888888
0 0.699468085106383 0.3939814814814815 0.005319148936170213 0.01574074074074074
0 0.7526595744680851 0.3851851851851852 0.00425531914893617 0.012962962962962963
0 0.8281914893617022 0.3768518518518518 0.00425531914893617 0.009259259259259259
0 0.8101063829787234 0.37962962962962965 0.00425531914893617 0.011111111111111112
0 0.8 0.37962962962962965 0.00425531914893617 0.011111111111111112
0 0.7792553191489362 0.3824074074074074 0.00425531914893617 0.012962962962962963
4 0.7194148936170213 0.5027777777777778 0.025 0.05925925925925926
4 0.698404255319149 0.4625 0.019148936170212766 0.04351851851851852
4 0.8034574468085106 0.44074074074074077 0.015425531914893617 0.03518518518518519
4 0.8537234042553191 0.425462962962963 0.01276595744680851 0.028703703703703703
4 0.8627659574468085 0.41944444444444445 0.010638297872340425 0.024074074074074074
4 0.8398936170212766 0.4083333333333333 0.009574468085106383 0.020370370370370372
4 0.8013297872340426 0.4027777777777778 0.007978723404255319 0.018518518518518517
4 0.7922872340425532 0.3972222222222222 0.005851063829787234 0.016666666666666666
4 0.7888297872340425 0.39351851851851855 0.005319148936170213 0.016666666666666666
4 0.8170212765957446 0.38842592592592595 0.006382978723404255 0.012037037037037037
4 0.8380319148936171 0.38564814814814813 0.0047872340425531915 0.012037037037037037
4 0.8526595744680852 0.38287037037037036 0.005319148936170213 0.012037037037037037
4 0.8625 0.3824074074074074 0.003723404255319149 0.009259259259259259
4 0.8699468085106383 0.3800925925925926 0.003723404255319149 0.012037037037037037
4 0.8736702127659575 0.37916666666666665 0.003723404255319149 0.010185185185185186
4 0.8792553191489362 0.37962962962962965 0.0031914893617021275 0.009259259259259259
4 0.8904255319148936 0.37916666666666665 0.00425531914893617 0.010185185185185186
4 0.0800531914893617 0.3990740740740741 0.011170212765957447 0.027777777777777776