0 0.2616643454038997 0.5195446735395189 0.010793871866295265 0.01675257731958763
0 0.360550139275766 0.5938573883161512 0.03168523676880223 0.0468213058419244
0 0.34401114206128136 0.5281357388316151 0.014623955431754874 0.019329896907216496
0 0.49321030640668523 0.5395189003436426 0.016364902506963788 0.023195876288659795
0 0.5134052924791086 0.5687285223367697 0.02193593314763231 0.0352233676975945
0 0.6740947075208914 0.5728092783505154 0.02576601671309192 0.03651202749140894
0 0.7559192200557103 0.8629725085910653 0.1107242339832869 0.15292096219931273
4 0.09366295264623956 0.5272766323024055 0.016016713091922007 0.02190721649484536
4 0.15233286908077995 0.5176116838487973 0.012186629526462395 0.01718213058419244
4 0.3603760445682451 0.5165378006872853 0.010445682451253482 0.015034364261168385
4 0.44098189415041783 0.5253436426116839 0.012186629526462395 0.01804123711340206
4 0.47493036211699163 0.5457474226804123 0.018802228412256268 0.027061855670103094
4 0.5626740947075209 0.5474656357388317 0.016016713091922007 0.027061855670103094
4 0.9244428969359332 0.6116838487972509 0.035515320334261836 0.05412371134020619
2 0.270891364902507 0.5287800687285223 0.013231197771587743 0.020618556701030927
2 0.3772632311977716 0.6112542955326461 0.04073816155988858 0.05584192439862543
2 0.3293871866295265 0.5590635738831615 0.02298050139275766 0.03221649484536082
2 0.34592618384401114 0.541881443298969 0.017061281337047353 0.02534364261168385
2 0.32503481894150416 0.5148195876288659 0.010793871866295265 0.014175257731958763
2 0.4637883008356546 0.5281357388316151 0.013231197771587743 0.018470790378006873
2 0.7646239554317549 0.564647766323024 0.023676880222841225 0.03221649484536082
2 0.9092966573816156 0.7010309278350515 0.06511142061281337 0.08848797250859107