0 0.29108635097493035 0.4945652173913043 0.020891364902506964 0.08478260869565217
4 0.8605501392757661 0.6978260869565217 0.04979108635097493 0.1826086956521739
4 0.5395194986072424 0.453804347826087 0.017757660167130918 0.06195652173913044
0 0.26375348189415043 0.7483695652173913 0.05257660167130919 0.19891304347826086
0 0.3810933147632312 0.39891304347826084 0.0100974930362117 0.041304347826086954
0 0.30118384401114207 0.4217391304347826 0.013927576601671309 0.05434782608695652
4 0.5614554317548747 0.4201086956521739 0.014275766016713091 0.04891304347826087
4 0.729108635097493 0.4125 0.010445682451253482 0.042391304347826085
0 0.5522284122562674 0.36630434782608695 0.006267409470752089 0.02826086956521739
4 0.6018454038997214 0.40054347826086956 0.009401114206128134 0.03804347826086957
4 0.6780988857938719 0.3869565217391304 0.008704735376044569 0.03260869565217391
4 0.7672353760445683 0.4391304347826087 0.014972144846796657 0.05434782608695652
0 0.4820682451253482 0.37717391304347825 0.008008356545961003 0.03260869565217391
4 0.799791086350975 0.4 0.009052924791086351 0.034782608695652174
4 0.8339136490250696 0.3782608695652174 0.006963788300835654 0.02608695652173913
0 0.8561977715877437 0.35 0.005571030640668524 0.017391304347826087
4 0.7625348189415042 0.38206521739130433 0.006963788300835654 0.029347826086956522
4 0.8972841225626741 0.3673913043478261 0.005571030640668524 0.021739130434782608
4 0.8784818941504178 0.3733695652173913 0.005571030640668524 0.025
0 0.7794220055710307 0.36086956521739133 0.005919220055710306 0.021739130434782608
0 0.6476323119777159 0.3652173913043478 0.006267409470752089 0.02391304347826087
4 0.8762186629526463 0.39945652173913043 0.007311977715877437 0.03152173913043478
0 0.8147632311977716 0.3565217391304348 0.004178272980501393 0.017391304347826087
4 0.9456824512534819 0.3967391304347826 0.00766016713091922 0.034782608695652174
0 0.942374651810585 0.4277173913043478 0.010793871866295265 0.042391304347826085
4 0.9138231197771588 0.3641304347826087 0.00383008356545961 0.017391304347826087
0 0.903899721448468 0.3527173913043478 0.003481894150417827 0.014130434782608696
4 0.9378481894150418 0.36141304347826086 0.00383008356545961 0.016304347826086956
0 0.7318941504178273 0.3641304347826087 0.005571030640668524 0.02391304347826087
4 0.653725626740947 0.5320652173913043 0.030292479108635098 0.0967391304347826
4 0.8891016713091922 0.48967391304347824 0.024721448467966575 0.07282608695652174
0 0.8304317548746518 0.35434782608695653 0.004874651810584958 0.01956521739130435