2 0.763563829787234 0.6 0.05053191489361702 0.1037037037037037
2 0.6436170212765957 0.5120370370370371 0.029787234042553193 0.06296296296296296
2 0.5898936170212766 0.4759259259259259 0.02127659574468085 0.04814814814814815
2 0.5609042553191489 0.45 0.015425531914893617 0.037037037037037035
2 0.5452127659574468 0.43472222222222223 0.01276595744680851 0.030555555555555555
1 0.5263297872340426 0.41388888888888886 0.013297872340425532 0.04259259259259259
1 0.4875 0.41388888888888886 0.013297872340425532 0.04259259259259259
1 0.4521276595744681 0.4148148148148148 0.013829787234042552 0.044444444444444446
1 0.38085106382978723 0.4166666666666667 0.013829787234042552 0.044444444444444446
2 0.3702127659574468 0.4361111111111111 0.01276595744680851 0.03148148148148148
2 0.35106382978723405 0.4532407407407407 0.015957446808510637 0.03611111111111111
2 0.32074468085106383 0.48194444444444445 0.02021276595744681 0.04722222222222222
2 0.2824468085106383 0.5212962962962963 0.027659574468085105 0.06296296296296296
2 0.17154255319148937 0.6203703703703703 0.05372340425531915 0.10555555555555556
1 0.41808510638297874 0.4148148148148148 0.01276595744680851 0.04259259259259259