0 0.26758356545961004 0.5942567567567567 0.0846100278551532 0.1858108108108108
0 0.11507660167130919 0.2851351351351351 0.019846796657381614 0.04054054054054054
0 0.6909818941504178 0.22939189189189188 0.010793871866295265 0.030405405405405407
0 0.27768105849582175 0.28243243243243243 0.014972144846796657 0.03783783783783784
0 0.49947771587743733 0.2702702702702703 0.014275766016713091 0.03648648648648649
0 0.6366643454038997 0.252027027027027 0.01288300835654596 0.033783783783783786
0 0.8643802228412256 0.20844594594594595 0.008704735376044569 0.027702702702702704
4 0.16608635097493035 0.3560810810810811 0.03203342618384401 0.06891891891891892
4 0.7717618384401114 0.34831081081081083 0.03307799442896936 0.08445945945945946
4 0.20508356545961004 0.3364864864864865 0.02924791086350975 0.062162162162162166
4 0.7870821727019499 0.2793918918918919 0.023328690807799445 0.05202702702702703
4 0.54491643454039 0.3456081081081081 0.028551532033426183 0.06824324324324324
4 0.5323816155988857 0.3179054054054054 0.02298050139275766 0.05878378378378379
4 0.8753481894150418 0.2435810810810811 0.016016713091922007 0.04256756756756757
4 0.8922353760445683 0.22432432432432434 0.01149025069637883 0.033783783783783786