0 0.6420212765957447 0.4601851851851852 0.019148936170212766 0.05
0 0.813031914893617 0.4300925925925926 0.01648936170212766 0.03981481481481482
0 0.7574468085106383 0.3925925925925926 0.010638297872340425 0.022222222222222223
0 0.5718085106382979 0.3763888888888889 0.006382978723404255 0.01574074074074074
0 0.6691489361702128 0.3814814814814815 0.00851063829787234 0.018518518518518517
0 0.4720744680851064 0.3712962962962963 0.005851063829787234 0.016666666666666666
0 0.814627659574468 0.4074074074074074 0.01223404255319149 0.027777777777777776
0 0.25957446808510637 0.37175925925925923 0.007446808510638298 0.017592592592592594
0 0.13803191489361702 0.37916666666666665 0.007978723404255319 0.017592592592592594
0 0.1 0.6606481481481481 0.05106382978723404 0.13425925925925927
4 0.28856382978723405 0.44675925925925924 0.02074468085106383 0.041666666666666664
4 0.4946808510638298 0.4324074074074074 0.01702127659574468 0.03888888888888889
4 0.5922872340425532 0.38472222222222224 0.009042553191489361 0.021296296296296296
4 0.3651595744680851 0.3763888888888889 0.007978723404255319 0.019444444444444445
4 0.6087765957446809 0.5449074074074074 0.04414893617021277 0.09907407407407408
4 0.09627659574468085 0.3925925925925926 0.010638297872340425 0.024074074074074074
4 0.09148936170212765 0.44722222222222224 0.019148936170212766 0.044444444444444446
4 0.6305851063829787 0.4152777777777778 0.014361702127659574 0.032407407407407406
4 0.6433510638297872 0.3907407407407407 0.009042553191489361 0.022222222222222223
4 0.5223404255319148 0.3800925925925926 0.00851063829787234 0.019444444444444445
4 0.2771276595744681 0.3773148148148148 0.00851063829787234 0.021296296296296296
4 0.663563829787234 0.4027777777777778 0.01223404255319149 0.025925925925925925
4 0.1853723404255319 0.3824074074074074 0.011170212765957447 0.020370370370370372
4 0.44920212765957446 0.37592592592592594 0.007978723404255319 0.018518518518518517
4 0.9154255319148936 0.36712962962962964 0.005319148936170213 0.021296296296296296
1 0.1478723404255319 0.4398148148148148 0.022340425531914895 0.07222222222222222