0 0.18123259052924792 0.3423913043478261 0.022632311977715876 0.06956521739130435
4 0.44829387186629527 0.38315217391304346 0.019846796657381614 0.07282608695652174
0 0.4569986072423398 0.28043478260869564 0.006615598885793872 0.02608695652173913
0 0.3854456824512535 0.29456521739130437 0.009749303621169917 0.03695652173913044
4 0.46256963788300837 0.5309782608695652 0.03516713091922006 0.14021739130434782
0 0.3370473537604457 0.30543478260869567 0.012534818941504178 0.04565217391304348
0 0.4233983286908078 0.28695652173913044 0.009052924791086351 0.03260869565217391
4 0.5689415041782729 0.2956521739130435 0.006963788300835654 0.02826086956521739
0 0.5104456824512534 0.27445652173913043 0.004874651810584958 0.02282608695652174
4 0.604108635097493 0.29347826086956524 0.005571030640668524 0.02391304347826087
4 0.5123607242339833 0.33152173913043476 0.01149025069637883 0.04782608695652174
4 0.5475278551532033 0.3076086956521739 0.008008356545961003 0.034782608695652174
0 0.8687325905292479 0.29130434782608694 0.003481894150417827 0.013043478260869565
4 0.6627785515320335 0.296195652173913 0.005222841225626741 0.02282608695652174
0 0.5727715877437326 0.2793478260869565 0.004874651810584958 0.021739130434782608
4 0.7609679665738162 0.2907608695652174 0.00383008356545961 0.016304347826086956
4 0.7277158774373259 0.29184782608695653 0.004178272980501393 0.01847826086956522
0 0.628133704735376 0.28097826086956523 0.004178272980501393 0.01847826086956522
0 0.9448119777158774 0.2956521739130435 0.0031337047353760445 0.010869565217391304
4 0.7069986072423399 0.2951086956521739 0.004526462395543176 0.020652173913043477
4 0.8605501392757661 0.3 0.00383008356545961 0.015217391304347827
0 0.8361768802228412 0.28858695652173916 0.0031337047353760445 0.014130434782608696
4 0.8863161559888579 0.3005434782608696 0.00383008356545961 0.014130434782608696
0 0.6674791086350975 0.28043478260869564 0.004178272980501393 0.017391304347826087
0 0.7540041782729805 0.2875 0.00383008356545961 0.016304347826086956
4 0.908600278551532 0.3 0.0031337047353760445 0.013043478260869565
0 0.7104805013927576 0.2842391304347826 0.00383008356545961 0.016304347826086956
4 0.8055362116991643 0.2956521739130435 0.00383008356545961 0.017391304347826087
0 0.9079038997214485 0.29239130434782606 0.0031337047353760445 0.010869565217391304
4 0.9491643454038997 0.3016304347826087 0.003481894150417827 0.014130434782608696
0 0.8062325905292479 0.28858695652173916 0.00383008356545961 0.016304347826086956