0 0.453516713091922 0.5968642611683849 0.029596100278551533 0.05111683848797251
0 0.30135793871866295 0.5416666666666666 0.019846796657381614 0.029209621993127148
0 0.30275069637883006 0.5219072164948454 0.012186629526462395 0.020618556701030927
0 0.3934540389972145 0.5128865979381443 0.009749303621169917 0.015463917525773196
0 0.4869428969359331 0.510094501718213 0.008704735376044569 0.014175257731958763
0 0.5736420612813371 0.5115979381443299 0.008704735376044569 0.014604810996563574
0 0.6584261838440112 0.5161082474226805 0.008356545961002786 0.01331615120274914
0 0.7677576601671309 0.5199742268041238 0.009749303621169917 0.015893470790378006
4 0.24721448467966572 0.7362542955326461 0.07729805013927576 0.11941580756013746
4 0.6272632311977716 0.5625 0.023328690807799445 0.037371134020618556
4 0.9388927576601671 0.5539089347079038 0.02402506963788301 0.03049828178694158
2 0.6495473537604457 0.5826890034364262 0.029596100278551533 0.045103092783505154
2 0.7421657381615598 0.5515463917525774 0.02054317548746518 0.03006872852233677