0 0.9072075208913649 0.36467391304347824 0.008704735376044569 0.02717391304347826
0 0.07834261838440111 0.2907608695652174 0.01532033426183844 0.04891304347826087
0 0.16956824512534818 0.26304347826086955 0.010445682451253482 0.034782608695652174
0 0.942200557103064 0.3826086956521739 0.010445682451253482 0.03260869565217391
0 0.2862116991643454 0.24619565217391304 0.006963788300835654 0.025
4 0.921483286908078 0.4190217391304348 0.017061281337047353 0.04673913043478261
4 0.3864902506963788 0.26521739130434785 0.006963788300835654 0.02608695652173913
4 0.3185933147632312 0.27608695652173915 0.00766016713091922 0.03695652173913044
4 0.31580779944289694 0.3076086956521739 0.013231197771587743 0.05
4 0.7945682451253482 0.3391304347826087 0.00766016713091922 0.02608695652173913
0 0.9192200557103064 0.358695652173913 0.006267409470752089 0.02391304347826087
4 0.8006615598885793 0.35706521739130437 0.009401114206128134 0.03152173913043478
4 0.40024373259052926 0.44782608695652176 0.028899721448467967 0.10869565217391304
0 0.34801532033426186 0.24945652173913044 0.005222841225626741 0.020652173913043477
4 0.7216225626740947 0.28097826086956523 0.00383008356545961 0.011956521739130435
0 0.49408077994428967 0.26521739130434785 0.004178272980501393 0.015217391304347827
4 0.47475626740947074 0.26902173913043476 0.005222841225626741 0.020652173913043477
4 0.4293175487465181 0.266304347826087 0.006267409470752089 0.021739130434782608
4 0.846100278551532 0.3342391304347826 0.005571030640668524 0.020652173913043477
4 0.6011490250696379 0.27717391304347827 0.004526462395543176 0.015217391304347827
4 0.7005571030640668 0.28206521739130436 0.004178272980501393 0.011956521739130435
4 0.9155640668523677 0.34402173913043477 0.005222841225626741 0.01847826086956522
4 0.5642409470752089 0.7369565217391304 0.06162952646239554 0.21956521739130436
4 0.7447771587743732 0.28152173913043477 0.003481894150417827 0.010869565217391304
0 0.40442200557103064 0.2548913043478261 0.005222841225626741 0.01847826086956522
0 0.45508356545961004 0.26032608695652176 0.004874651810584958 0.016304347826086956
0 0.5543175487465181 0.2684782608695652 0.004178272980501393 0.015217391304347827
0 0.22736768802228413 0.2516304347826087 0.00766016713091922 0.029347826086956522
4 0.8064066852367688 0.33206521739130435 0.006267409470752089 0.02282608695652174
4 0.5100974930362117 0.2717391304347826 0.004874651810584958 0.01956521739130435
0 0.6387534818941504 0.27119565217391306 0.0031337047353760445 0.011956521739130435
4 0.5428272980501393 0.27391304347826084 0.004874651810584958 0.017391304347826087
4 0.34401114206128136 0.3472826086956522 0.017409470752089137 0.06630434782608696
0 0.6643454038997214 0.2717391304347826 0.003481894150417827 0.013043478260869565
4 0.6803621169916435 0.2831521739130435 0.004178272980501393 0.014130434782608696
4 0.35863509749303624 0.2673913043478261 0.008356545961002786 0.030434782608695653
0 0.5280292479108635 0.2668478260869565 0.004526462395543176 0.016304347826086956
0 0.5790389972144847 0.26956521739130435 0.003481894150417827 0.015217391304347827
1 0.6291782729805014 0.27445652173913043 0.004874651810584958 0.025
1 0.5738161559888579 0.26467391304347826 0.004178272980501393 0.02282608695652174
1 0.5846100278551533 0.26521739130434785 0.004178272980501393 0.02391304347826087
1 0.6187325905292479 0.27445652173913043 0.004874651810584958 0.025
0 0.6119428969359332 0.27065217391304347 0.0031337047353760445 0.013043478260869565
0 0.7096100278551533 0.2722826086956522 0.003481894150417827 0.011956521739130435
0 0.682799442896936 0.27119565217391306 0.002785515320334262 0.011956521739130435
4 0.6230849582172702 0.2782608695652174 0.0031337047353760445 0.017391304347826087
4 0.5736420612813371 0.27445652173913043 0.00383008356545961 0.016304347826086956
0 0.7338091922005571 0.27391304347826084 0.0031337047353760445 0.013043478260869565
0 0.7557451253481894 0.27554347826086956 0.0031337047353760445 0.011956521739130435
0 0.7926532033426184 0.27608695652173915 0.0031337047353760445 0.013043478260869565
4 0.7658426183844012 0.2831521739130435 0.0031337047353760445 0.011956521739130435
4 0.7870821727019499 0.2831521739130435 0.0031337047353760445 0.011956521739130435
0 0.7747214484679665 0.27445652173913043 0.002785515320334262 0.011956521739130435
0 0.8064066852367688 0.2777173913043478 0.002785515320334262 0.011956521739130435
0 0.8360027855153204 0.28369565217391307 0.0020891364902506965 0.010869565217391304
0 0.8803969359331476 0.29130434782608694 0.0031337047353760445 0.013043478260869565
4 0.8137186629526463 0.2842391304347826 0.002785515320334262 0.011956521739130435
4 0.8532381615598886 0.2896739130434783 0.0031337047353760445 0.011956521739130435
4 0.9032033426183844 0.29945652173913045 0.003481894150417827 0.011956521739130435
4 0.9488161559888579 0.3108695652173913 0.003481894150417827 0.013043478260869565
0 0.9310584958217271 0.3027173913043478 0.003481894150417827 0.011956521739130435