0 0.18936170212765957 0.6956081081081081 0.05106382978723404 0.06959459459459459
0 0.1529255319148936 0.6229729729729729 0.017553191489361703 0.02837837837837838
0 0.3898936170212766 0.6364864864864865 0.02553191489361702 0.041891891891891894
0 0.3125 0.6037162162162162 0.01223404255319149 0.02364864864864865
0 0.4220744680851064 0.5922297297297298 0.010106382978723405 0.018243243243243244
0 0.5002659574468085 0.5824324324324325 0.009042553191489361 0.016216216216216217
0 0.5574468085106383 0.5760135135135135 0.007446808510638298 0.01418918918918919
0 0.6398936170212766 0.5672297297297297 0.005319148936170213 0.011486486486486487
0 0.6622340425531915 0.5655405405405406 0.005319148936170213 0.010810810810810811
0 0.6292553191489362 0.6152027027027027 0.02021276595744681 0.03445945945945946
0 0.711968085106383 0.5618243243243243 0.006914893617021276 0.010135135135135136
0 0.7651595744680851 0.558445945945946 0.005851063829787234 0.010135135135135136
0 0.8393617021276596 0.5560810810810811 0.006382978723404255 0.010810810810810811
0 0.9151595744680852 0.5554054054054054 0.006914893617021276 0.010810810810810811
0 0.9191489361702128 0.5983108108108108 0.011702127659574468 0.030405405405405407
0 0.7906914893617021 0.6077702702702703 0.021808510638297873 0.03175675675675676
4 0.21356382978723404 0.6040540540540541 0.013297872340425532 0.02027027027027027
4 0.32632978723404255 0.5929054054054054 0.011170212765957447 0.016891891891891893
4 0.40824468085106386 0.5844594594594594 0.007978723404255319 0.014864864864864866
4 0.47047872340425534 0.5790540540540541 0.007978723404255319 0.013513513513513514
4 0.5648936170212766 0.5699324324324324 0.006382978723404255 0.011486486486486487
4 0.6002659574468086 0.5668918918918919 0.0047872340425531915 0.00945945945945946
4 0.6462765957446809 0.5631756756756757 0.005319148936170213 0.010135135135135136
4 0.7215425531914894 0.5597972972972973 0.005851063829787234 0.008783783783783784
4 0.8066489361702127 0.5554054054054054 0.005851063829787234 0.00945945945945946
4 0.8970744680851064 0.5537162162162163 0.005851063829787234 0.010135135135135136
4 0.899468085106383 0.6456081081081081 0.0425531914893617 0.05202702702702703
4 0.7542553191489362 0.6824324324324325 0.052127659574468084 0.06891891891891892
4 0.7507978723404255 0.6570945945945946 0.03776595744680851 0.056081081081081084
2 0.5231382978723405 0.5746621621621621 0.007978723404255319 0.012837837837837839
2 0.6047872340425532 0.5716216216216217 0.006382978723404255 0.013513513513513514