0 0.4764972144846797 0.5005434782608695 0.02193593314763231 0.08586956521739131
0 0.5819986072423399 0.4255434782608696 0.0100974930362117 0.042391304347826085
4 0.7054317548746518 0.42880434782608695 0.009052924791086351 0.03804347826086957
0 0.5094011142061281 0.4418478260869565 0.013927576601671309 0.05543478260869565
4 0.6093314763231198 0.38369565217391305 0.005571030640668524 0.021739130434782608
4 0.7331128133704735 0.46630434782608693 0.013579387186629526 0.05217391304347826
2 0.11960306406685237 0.3233695652173913 0.008008356545961003 0.029347826086956522
4 0.6525069637883009 0.37880434782608696 0.004874651810584958 0.01847826086956522
0 0.9124303621169917 0.4217391304347826 0.006615598885793872 0.02608695652173913
0 0.5264623955431755 0.3967391304347826 0.008356545961002786 0.03695652173913044
4 0.8259052924791086 0.4331521739130435 0.008356545961002786 0.03152173913043478
4 0.9425487465181058 0.42336956521739133 0.005571030640668524 0.02282608695652174
2 0.18906685236768803 0.32282608695652176 0.006267409470752089 0.02391304347826087
2 0.060584958217270196 0.3244565217391304 0.008356545961002786 0.03152173913043478
4 0.7691504178272981 0.41630434782608694 0.00766016713091922 0.030434782608695653
2 0.325383008356546 0.328804347826087 0.004526462395543176 0.020652173913043477
4 0.8582869080779945 0.40652173913043477 0.004874651810584958 0.021739130434782608
2 0.22649721448467966 0.3233695652173913 0.005222841225626741 0.02282608695652174
0 0.5450905292479109 0.36684782608695654 0.004526462395543176 0.020652173913043477
0 0.9267061281337048 0.43532608695652175 0.006615598885793872 0.035869565217391305
0 0.5920961002785515 0.3673913043478261 0.004526462395543176 0.021739130434782608
4 0.9298398328690808 0.45652173913043476 0.01149025069637883 0.041304347826086954
2 0.15651114206128133 0.32119565217391305 0.008008356545961003 0.02717391304347826
0 0.5104456824512534 0.3809782608695652 0.00766016713091922 0.02717391304347826
4 0.621866295264624 0.3793478260869565 0.004178272980501393 0.01956521739130435
4 0.6897632311977716 0.3826086956521739 0.004874651810584958 0.021739130434782608
4 0.7399025069637883 0.4027173913043478 0.006267409470752089 0.02717391304347826
2 0.3514972144846797 0.328804347826087 0.005222841225626741 0.01847826086956522
4 0.7851671309192201 0.39402173913043476 0.004874651810584958 0.020652173913043477
4 0.7714136490250696 0.5152173913043478 0.017757660167130918 0.07173913043478261
4 0.6180362116991643 0.39456521739130435 0.005571030640668524 0.02391304347826087
0 0.7506963788300836 0.3842391304347826 0.003481894150417827 0.016304347826086956
0 0.6424094707520891 0.37119565217391304 0.004178272980501393 0.01847826086956522
4 0.6500696378830083 0.4097826086956522 0.006963788300835654 0.03260869565217391
4 0.7258008356545961 0.3826086956521739 0.005222841225626741 0.021739130434782608
0 0.9068593314763231 0.4146739130434783 0.005919220055710306 0.01847826086956522
0 0.8528899721448467 0.41793478260869565 0.008008356545961003 0.02717391304347826
4 0.8706476323119777 0.6043478260869565 0.03725626740947075 0.11739130434782609
2 0.28551532033426186 0.3282608695652174 0.004178272980501393 0.017391304347826087
2 0.3854456824512535 0.33152173913043476 0.004178272980501393 0.015217391304347827
0 0.5137534818941504 0.3701086956521739 0.005222841225626741 0.02717391304347826
4 0.7611420612813371 0.39891304347826084 0.005571030640668524 0.02391304347826087
4 0.817200557103064 0.4027173913043478 0.005571030640668524 0.025
0 0.8210306406685237 0.39456521739130435 0.004874651810584958 0.01956521739130435
4 0.9000696378830083 0.4157608695652174 0.005571030640668524 0.025
0 0.2907381615598886 0.7847826086956522 0.026462395543175487 0.12608695652173912