0 0.11888297872340425 0.7699074074074074 0.08457446808510638 0.1935185185185185
0 0.2625 0.5513888888888889 0.034574468085106384 0.0787037037037037
0 0.2848404255319149 0.48842592592592593 0.019680851063829788 0.04722222222222222
0 0.3050531914893617 0.4587962962962963 0.014361702127659574 0.03611111111111111
0 0.3348404255319149 0.4398148148148148 0.011170212765957447 0.02962962962962963
0 0.3893617021276596 0.42453703703703705 0.00851063829787234 0.023148148148148147
0 0.4571808510638298 0.4166666666666667 0.007978723404255319 0.022222222222222223
0 0.5747340425531915 0.4115740740740741 0.007978723404255319 0.019444444444444445
0 0.6845744680851064 0.4148148148148148 0.007446808510638298 0.018518518518518517
0 0.8114361702127659 0.4212962962962963 0.009042553191489361 0.020370370370370372
4 0.526595744680851 0.43472222222222223 0.011702127659574468 0.028703703703703703
4 0.5351063829787234 0.4671296296296296 0.02021276595744681 0.04351851851851852
4 0.5654255319148936 0.42453703703703705 0.010638297872340425 0.025
4 0.6313829787234042 0.4236111111111111 0.009574468085106383 0.023148148148148147
4 0.7148936170212766 0.425462962962963 0.009574468085106383 0.023148148148148147
4 0.6598404255319149 0.5342592592592592 0.03776595744680851 0.07222222222222222
4 0.8829787234042553 0.7125 0.08404255319148936 0.16203703703703703
4 0.8114361702127659 0.43703703703703706 0.01223404255319149 0.02962962962962963