0 0.6172872340425531 0.42314814814814816 0.009042553191489361 0.020370370370370372
0 0.7981382978723405 0.5421296296296296 0.03351063829787234 0.07314814814814814
0 0.20904255319148937 0.4962962962962963 0.022340425531914895 0.05
0 0.8271276595744681 0.4064814814814815 0.010638297872340425 0.020370370370370372
0 0.43377659574468086 0.46805555555555556 0.015425531914893617 0.03981481481481482
0 0.3625 0.42314814814814816 0.007978723404255319 0.022222222222222223
0 0.7098404255319148 0.4148148148148148 0.007978723404255319 0.020370370370370372
0 0.43617021276595747 0.4287037037037037 0.009574468085106383 0.022222222222222223
0 0.49175531914893617 0.45046296296296295 0.010106382978723405 0.03425925925925926
4 0.8723404255319149 0.41388888888888886 0.011702127659574468 0.022222222222222223
4 0.7103723404255319 0.46574074074074073 0.018617021276595744 0.040740740740740744
4 0.29654255319148937 0.4115740740740741 0.007978723404255319 0.017592592592592594
4 0.7031914893617022 0.42777777777777776 0.009574468085106383 0.024074074074074074
4 0.3672872340425532 0.5388888888888889 0.03351063829787234 0.07592592592592592
4 0.9178191489361702 0.4898148148148148 0.014361702127659574 0.053703703703703705
4 0.41648936170212764 0.4162037037037037 0.009574468085106383 0.019444444444444445
4 0.17420212765957446 0.40925925925925927 0.005851063829787234 0.018518518518518517
4 0.5002659574468085 0.42268518518518516 0.007978723404255319 0.023148148148148147
4 0.6417553191489361 0.449537037037037 0.01223404255319149 0.030555555555555555
4 0.7755319148936171 0.4203703703703704 0.010638297872340425 0.027777777777777776
2 0.13696808510638298 0.763425925925926 0.09627659574468085 0.18981481481481483
2 0.598404255319149 0.4185185185185185 0.006382978723404255 0.018518518518518517
2 0.5917553191489362 0.4111111111111111 0.005851063829787234 0.018518518518518517
2 0.5851063829787234 0.4027777777777778 0.005319148936170213 0.016666666666666666
2 0.5763297872340426 0.3962962962962963 0.0047872340425531915 0.012962962962962963
2 0.5696808510638298 0.39351851851851855 0.00425531914893617 0.012962962962962963
2 0.5547872340425531 0.39444444444444443 0.00425531914893617 0.014814814814814815
2 0.5375 0.39490740740740743 0.0047872340425531915 0.013888888888888888
2 0.5210106382978723 0.39444444444444443 0.005851063829787234 0.012962962962962963
1 0.4808510638297872 0.4449074074074074 0.01702127659574468 0.05462962962962963
1 0.4933510638297872 0.43796296296296294 0.01648936170212766 0.05185185185185185
1 0.6404255319148936 0.43796296296296294 0.01276595744680851 0.05740740740740741
1 0.6558510638297872 0.44537037037037036 0.018085106382978722 0.053703703703703705