0 0.7299791086350975 0.34831081081081083 0.03307799442896936 0.0831081081081081
0 0.5076601671309192 0.5530405405405405 0.07381615598885793 0.17094594594594595
0 0.8013579387186629 0.2810810810810811 0.026114206128133706 0.05405405405405406
0 0.8267757660167131 0.21621621621621623 0.01288300835654596 0.02972972972972973
0 0.8433147632311978 0.23277027027027028 0.016016713091922007 0.037162162162162164
0 0.7360724233983287 0.20945945945945946 0.009052924791086351 0.024324324324324326
0 0.7860376044568245 0.19324324324324324 0.008008356545961003 0.02027027027027027
0 0.900591922005571 0.1783783783783784 0.008008356545961003 0.01891891891891892
4 0.932799442896936 0.1831081081081081 0.010445682451253482 0.021621621621621623
4 0.8936281337047354 0.1912162162162162 0.0100974930362117 0.022972972972972974
2 0.4418523676880223 0.610472972972973 0.08356545961002786 0.1912162162162162