0 0.5605849582172702 0.45271739130434785 0.014623955431754874 0.05543478260869565
0 0.6861072423398329 0.4266304347826087 0.01149025069637883 0.042391304347826085
0 0.2479108635097493 0.5907608695652173 0.0383008356545961 0.125
0 0.7924791086350975 0.41793478260869565 0.009749303621169917 0.03804347826086957
0 0.3530640668523677 0.41032608695652173 0.009052924791086351 0.03369565217391304
0 0.06633008356545961 0.4434782608695652 0.014275766016713091 0.04782608695652174
0 0.42775069637883006 0.40054347826086956 0.007311977715877437 0.029347826086956522
4 0.1814066852367688 0.40597826086956523 0.008356545961002786 0.03152173913043478
0 0.39240947075208915 0.5048913043478261 0.02298050139275766 0.07934782608695652
0 0.4112116991643454 0.3733695652173913 0.004874651810584958 0.01847826086956522
4 0.1107242339832869 0.3907608695652174 0.006963788300835654 0.02717391304347826
0 0.8772632311977716 0.41684782608695653 0.009401114206128134 0.035869565217391305
0 0.4869428969359331 0.38532608695652176 0.005222841225626741 0.02282608695652174
4 0.3553272980501393 0.38967391304347826 0.00383008356545961 0.025
4 0.3713440111420613 0.3798913043478261 0.005222841225626741 0.020652173913043477
0 0.4559540389972145 0.3934782608695652 0.006615598885793872 0.02608695652173913
0 0.24669220055710306 0.42228260869565215 0.0100974930362117 0.03804347826086957
4 0.06197771587743733 0.41739130434782606 0.00766016713091922 0.03695652173913044
0 0.20264623955431754 0.3695652173913043 0.004874651810584958 0.017391304347826087
0 0.2661908077994429 0.3684782608695652 0.004526462395543176 0.017391304347826087
0 0.366991643454039 0.3695652173913043 0.004178272980501393 0.017391304347826087
4 0.20891364902506965 0.3782608695652174 0.005571030640668524 0.021739130434782608
4 0.25957520891364905 0.3739130434782609 0.005222841225626741 0.01956521739130435
2 0.45630222841225626 0.358695652173913 0.0031337047353760445 0.013043478260869565
4 0.16869777158774374 0.3826086956521739 0.005222841225626741 0.02391304347826087
4 0.3191155988857939 0.3755434782608696 0.004526462395543176 0.01847826086956522
0 0.12639275766016714 0.3766304347826087 0.005571030640668524 0.020652173913043477
0 0.06963788300835655 0.3815217391304348 0.006963788300835654 0.02391304347826087
2 0.3957172701949861 0.3581521739130435 0.00383008356545961 0.016304347826086956
2 0.3803969359331476 0.35434782608695653 0.0031337047353760445 0.010869565217391304
0 0.46065459610027853 0.37771739130434784 0.004874651810584958 0.01847826086956522
4 0.2693245125348189 0.4 0.008008356545961003 0.02826086956521739
4 0.3891016713091922 0.3858695652173913 0.005919220055710306 0.021739130434782608
4 0.7400766016713092 0.5440217391304348 0.024721448467966575 0.09891304347826087
4 0.8335654596100278 0.4826086956521739 0.0201949860724234 0.06739130434782609