0 0.17287604456824512 0.46847826086956523 0.02541782729805014 0.08043478260869565
4 0.7855153203342619 0.6119565217391304 0.037604456824512536 0.1282608695652174
0 0.27698467966573814 0.4016304347826087 0.01149025069637883 0.04673913043478261
0 0.17043871866295265 0.7418478260869565 0.0665041782729805 0.2076086956521739
4 0.8131963788300836 0.4260869565217391 0.009401114206128134 0.03695652173913044
4 0.7564415041782729 0.40597826086956523 0.007311977715877437 0.03369565217391304
4 0.6789693593314763 0.4483695652173913 0.013231197771587743 0.05326086956521739
4 0.6981197771587744 0.49782608695652175 0.02158774373259053 0.07608695652173914
0 0.908600278551532 0.4141304347826087 0.009401114206128134 0.03260869565217391
4 0.9040738161559888 0.46304347826086956 0.015668523676880222 0.05217391304347826
0 0.2679317548746518 0.3766304347826087 0.008704735376044569 0.03804347826086957
4 0.11612116991643454 0.3864130434782609 0.013579387186629526 0.04673913043478261
4 0.19045961002785516 0.33043478260869563 0.004178272980501393 0.017391304347826087
4 0.3185933147632312 0.3467391304347826 0.005571030640668524 0.02391304347826087
4 0.658774373259053 0.4043478260869565 0.005571030640668524 0.034782608695652174
0 0.8213788300835655 0.3923913043478261 0.006267409470752089 0.02608695652173913
4 0.4167827298050139 0.3521739130434783 0.004874651810584958 0.021739130434782608
4 0.08339136490250697 0.36141304347826086 0.009401114206128134 0.03369565217391304
0 0.44672701949860727 0.4472826086956522 0.013927576601671309 0.0641304347826087
0 0.36246518105849584 0.3673913043478261 0.005571030640668524 0.02826086956521739
0 0.19637883008356546 0.35597826086956524 0.00766016713091922 0.03152173913043478
4 0.3880571030640669 0.358695652173913 0.005919220055710306 0.02391304347826087
4 0.6641713091922006 0.421195652173913 0.0100974930362117 0.04021739130434782
0 0.3736072423398329 0.5282608695652173 0.02576601671309192 0.1
0 0.5247214484679665 0.3565217391304348 0.005571030640668524 0.021739130434782608
4 0.5402158774373259 0.37771739130434784 0.007311977715877437 0.029347826086956522
0 0.4841573816155989 0.41304347826086957 0.0100974930362117 0.04782608695652174
0 0.23502785515320335 0.34619565217391307 0.006267409470752089 0.02717391304347826
4 0.2968314763231198 0.3375 0.004526462395543176 0.01847826086956522
0 0.44846796657381616 0.3782608695652174 0.00766016713091922 0.03260869565217391
0 0.7432103064066853 0.3815217391304348 0.007311977715877437 0.02608695652173913
4 0.6742688022284122 0.3869565217391304 0.006615598885793872 0.02826086956521739
4 0.5511838440111421 0.3673913043478261 0.005571030640668524 0.02391304347826087
4 0.07816852367688022 0.33260869565217394 0.005222841225626741 0.01956521739130435
0 0.11664345403899722 0.3391304347826087 0.006267409470752089 0.02391304347826087
4 0.2661908077994429 0.3402173913043478 0.004526462395543176 0.01956521739130435
4 0.3513231197771588 0.3451086956521739 0.004874651810584958 0.02282608695652174
4 0.4613509749303621 0.3673913043478261 0.005571030640668524 0.02608695652173913
4 0.1288300835654596 0.3347826086956522 0.005571030640668524 0.021739130434782608
0 0.44603064066852366 0.34945652173913044 0.004178272980501393 0.01847826086956522
4 0.05658077994428969 0.3375 0.005919220055710306 0.02282608695652174
0 0.08826601671309192 0.3451086956521739 0.005222841225626741 0.029347826086956522
0 0.33408774373259054 0.3342391304347826 0.00383008356545961 0.020652173913043477
0 0.282033426183844 0.35706521739130437 0.006963788300835654 0.029347826086956522
4 0.616991643454039 0.3869565217391304 0.006267409470752089 0.02826086956521739
4 0.14014623955431754 0.33152173913043476 0.00383008356545961 0.01956521739130435
0 0.5235027855153204 0.39510869565217394 0.007311977715877437 0.03369565217391304
0 0.20020891364902507 0.33804347826086956 0.004178272980501393 0.02391304347826087
4 0.2600974930362117 0.33260869565217394 0.002785515320334262 0.015217391304347827
4 0.23642061281337048 0.33043478260869563 0.003481894150417827 0.01956521739130435
4 0.4740598885793872 0.35978260869565215 0.005222841225626741 0.021739130434782608
0 0.13614206128133705 0.32771739130434785 0.004178272980501393 0.016304347826086956
0 0.2038649025069638 0.32608695652173914 0.0031337047353760445 0.017391304347826087
4 0.20212395543175488 0.3347826086956522 0.00383008356545961 0.021739130434782608
0 0.30118384401114207 0.33043478260869563 0.003481894150417827 0.015217391304347827
4 0.6086350974930362 0.3760869565217391 0.006963788300835654 0.02608695652173913
0 0.6129874651810585 0.3673913043478261 0.005222841225626741 0.02826086956521739
0 0.6721796657381616 0.375 0.005222841225626741 0.021739130434782608
0 0.05379526462395543 0.328804347826087 0.00383008356545961 0.020652173913043477