0 0.08756963788300835 0.5427405498281787 0.02193593314763231 0.029639175257731958
0 0.459958217270195 0.5223367697594502 0.011838440111420613 0.018900343642611683
0 0.5631963788300836 0.5356529209621993 0.014972144846796657 0.023195876288659795
0 0.7771587743732591 0.5588487972508591 0.02298050139275766 0.03264604810996564
0 0.7071727019498607 0.6952319587628866 0.06754874651810584 0.09321305841924399
0 0.8885793871866295 0.6222079037800687 0.04456824512534819 0.058848797250859106
4 0.15825208913649025 0.6548539518900344 0.06232590529247911 0.08462199312714777
4 0.1915041782729805 0.5627147766323024 0.027855153203342618 0.03865979381443299
4 0.2825557103064067 0.5302835051546392 0.017061281337047353 0.024484536082474227
4 0.34366295264623953 0.5182560137457045 0.012534818941504178 0.018470790378006873
4 0.5689415041782729 0.5184707903780069 0.011142061281337047 0.01632302405498282
4 0.6767061281337048 0.5326460481099656 0.014275766016713091 0.022336769759450172
4 0.7647980501392758 0.5702319587628866 0.02681058495821727 0.037371134020618556
4 0.8995473537604457 0.5756013745704467 0.028899721448467967 0.03951890034364261
2 0.4766713091922006 0.5362972508591065 0.016016713091922007 0.024484536082474227
2 0.5280292479108635 0.5167525773195877 0.010793871866295265 0.01632302405498282
2 0.5818245125348189 0.5588487972508591 0.02298050139275766 0.03350515463917526
2 0.5825208913649025 0.5927835051546392 0.029944289693593314 0.048109965635738834
2 0.7110027855153204 0.5378006872852233 0.01532033426183844 0.024054982817869417
2 0.7977019498607242 0.7710481099656358 0.08356545961002786 0.1323024054982818