0 0.32381615598885793 0.5869565217391305 0.035515320334261836 0.12608695652173912
0 0.48676880222841223 0.40869565217391307 0.011142061281337047 0.04565217391304348
4 0.737291086350975 0.48586956521739133 0.024721448467966575 0.08478260869565217
4 0.7959610027855153 0.38315217391304346 0.011838440111420613 0.03804347826086957
0 0.9092966573816156 0.3684782608695652 0.009401114206128134 0.03260869565217391
4 0.9131267409470752 0.7086956521739131 0.0644150417827298 0.1956521739130435
4 0.8649025069637883 0.4 0.013927576601671309 0.04782608695652174
4 0.6744428969359332 0.41195652173913044 0.014623955431754874 0.05
0 0.5219359331476323 0.36630434782608695 0.006963788300835654 0.02826086956521739
0 0.5388231197771588 0.3467391304347826 0.005222841225626741 0.01956521739130435
0 0.5073119777158774 0.38315217391304346 0.009052924791086351 0.035869565217391305
0 0.4427228412256267 0.45543478260869563 0.01915041782729805 0.06739130434782609
4 0.6495473537604457 0.3804347826086957 0.0100974930362117 0.034782608695652174
4 0.8217270194986073 0.3342391304347826 0.004178272980501393 0.016304347826086956
0 0.8880571030640668 0.3565217391304348 0.008008356545961003 0.02826086956521739
4 0.8118036211699164 0.3298913043478261 0.00383008356545961 0.016304347826086956
0 0.9145194986072424 0.3375 0.005222841225626741 0.020652173913043477
4 0.6243036211699164 0.3527173913043478 0.006963788300835654 0.02282608695652174
4 0.6848885793871866 0.32771739130434785 0.003481894150417827 0.014130434782608696
0 0.8972841225626741 0.3451086956521739 0.006267409470752089 0.02282608695652174
0 0.6660863509749304 0.325 0.003481894150417827 0.013043478260869565
0 0.8828342618384402 0.32663043478260867 0.004526462395543176 0.016304347826086956
4 0.7919568245125348 0.3483695652173913 0.007311977715877437 0.025
0 0.9237465181058496 0.33206521739130435 0.004874651810584958 0.01847826086956522
0 0.5308147632311978 0.35489130434782606 0.005919220055710306 0.02282608695652174
4 0.7646239554317549 0.3706521739130435 0.009749303621169917 0.034782608695652174
4 0.641016713091922 0.33043478260869563 0.004178272980501393 0.015217391304347827
4 0.6359679665738162 0.36467391304347824 0.007311977715877437 0.029347826086956522
0 0.5450905292479109 0.3402173913043478 0.00383008356545961 0.017391304347826087
0 0.5489206128133705 0.3347826086956522 0.00383008356545961 0.015217391304347827
4 0.6168175487465181 0.3451086956521739 0.005222841225626741 0.01847826086956522
0 0.5750348189415042 0.33043478260869563 0.0031337047353760445 0.013043478260869565
4 0.6128133704735376 0.3391304347826087 0.003481894150417827 0.015217391304347827
4 0.7346796657381616 0.32663043478260867 0.003481894150417827 0.014130434782608696
0 0.7938718662952646 0.32282608695652176 0.003481894150417827 0.013043478260869565
4 0.6196030640668524 0.33369565217391306 0.004526462395543176 0.017391304347826087
0 0.7270194986072424 0.3233695652173913 0.003481894150417827 0.014130434782608696
4 0.7733286908077994 0.3581521739130435 0.008356545961002786 0.029347826086956522
4 0.8182451253481894 0.33967391304347827 0.005571030640668524 0.020652173913043477
0 0.8403551532033426 0.3233695652173913 0.00383008356545961 0.014130434782608696
4 0.7891713091922006 0.32663043478260867 0.00383008356545961 0.016304347826086956