2 0.47893454038997213 0.6869565217391305 0.06232590529247911 0.22608695652173913
2 0.746866295264624 0.34619565217391307 0.020891364902506964 0.08369565217391305
2 0.7721100278551533 0.2940217391304348 0.015668523676880222 0.06195652173913044
2 0.788474930362117 0.2940217391304348 0.014972144846796657 0.06195652173913044
2 0.8116295264623955 0.26467391304347826 0.012534818941504178 0.051086956521739134
2 0.8401810584958217 0.22880434782608697 0.009052924791086351 0.035869565217391305
2 0.8579387186629527 0.20706521739130435 0.006963788300835654 0.029347826086956522
2 0.8680362116991643 0.1934782608695652 0.006267409470752089 0.02608695652173913
2 0.8753481894150418 0.18369565217391304 0.004874651810584958 0.021739130434782608
2 0.8810933147632312 0.17608695652173914 0.004526462395543176 0.01956521739130435
2 0.8856197771587744 0.17119565217391305 0.0031337047353760445 0.016304347826086956
2 0.8889275766016713 0.1673913043478261 0.002785515320334262 0.015217391304347827
2 0.8929317548746518 0.1608695652173913 0.002437325905292479 0.013043478260869565
2 0.9488161559888579 0.16630434782608697 0.002785515320334262 0.017391304347826087
2 0.9467270194986073 0.1641304347826087 0.002785515320334262 0.015217391304347827
2 0.9430710306406686 0.1608695652173913 0.0031337047353760445 0.015217391304347827