0 0.48119777158774374 0.38206521739130433 0.01532033426183844 0.06847826086956521
0 0.6542479108635098 0.3706521739130435 0.010445682451253482 0.04782608695652174
0 0.6721796657381616 0.35380434782608694 0.009401114206128134 0.042391304347826085
4 0.7059540389972145 0.5445652173913044 0.029596100278551533 0.11739130434782609
4 0.870299442896936 0.33804347826086956 0.004526462395543176 0.021739130434782608
4 0.8302576601671309 0.3717391304347826 0.008704735376044569 0.03695652173913044
4 0.8779596100278552 0.4771739130434783 0.019846796657381614 0.07608695652173914
0 0.6624303621169917 0.3 0.004526462395543176 0.021739130434782608
0 0.6319637883008357 0.3016304347826087 0.004874651810584958 0.02282608695652174
0 0.6434540389972145 0.32608695652173914 0.006267409470752089 0.034782608695652174
4 0.7472144846796658 0.32065217391304346 0.004178272980501393 0.02391304347826087
4 0.9486420612813371 0.35434782608695653 0.004526462395543176 0.021739130434782608
0 0.666608635097493 0.33967391304347827 0.007311977715877437 0.03804347826086957
4 0.8725626740947076 0.39891304347826084 0.010445682451253482 0.043478260869565216
4 0.7299791086350975 0.3222826086956522 0.005222841225626741 0.025
0 0.6093314763231198 0.37717391304347825 0.013927576601671309 0.05434782608695652
4 0.8938022284122563 0.4385869565217391 0.014623955431754874 0.06195652173913044
0 0.6082869080779945 0.3065217391304348 0.006267409470752089 0.02608695652173913
4 0.8199860724233984 0.3293478260869565 0.004874651810584958 0.021739130434782608
0 0.06876740947075209 0.41358695652173916 0.030292479108635098 0.10978260869565218
0 0.29892061281337046 0.3809782608695652 0.018454038997214484 0.07934782608695652
0 0.8447075208913649 0.32771739130434785 0.004178272980501393 0.01847826086956522
4 0.7795961002785515 0.32282608695652176 0.004874651810584958 0.021739130434782608
4 0.7667130919220055 0.3456521739130435 0.00766016713091922 0.030434782608695653
0 0.7122214484679665 0.30543478260869567 0.005222841225626741 0.01956521739130435
4 0.7343314763231198 0.3309782608695652 0.006267409470752089 0.029347826086956522
0 0.9287952646239555 0.34456521739130436 0.00383008356545961 0.017391304347826087
4 0.6951601671309192 0.6842391304347826 0.0504874651810585 0.18369565217391304
0 0.7738509749303621 0.3141304347826087 0.00383008356545961 0.01956521739130435