0 0.3840425531914894 0.44675925925925924 0.015957446808510637 0.03796296296296296
0 0.2851063829787234 0.5592592592592592 0.039361702127659576 0.08703703703703704
0 0.4031914893617021 0.42777777777777776 0.01276595744680851 0.02962962962962963
0 0.3550531914893617 0.48148148148148145 0.022872340425531913 0.053703703703703705
0 0.41648936170212764 0.4166666666666667 0.010638297872340425 0.025925925925925925
0 0.4305851063829787 0.4013888888888889 0.007978723404255319 0.019444444444444445
0 0.42446808510638295 0.40879629629629627 0.00851063829787234 0.021296296296296296
4 0.6031914893617021 0.44907407407407407 0.01702127659574468 0.040740740740740744
4 0.6539893617021276 0.48333333333333334 0.023936170212765957 0.053703703703703705
4 0.7601063829787233 0.5569444444444445 0.04148936170212766 0.08611111111111111
4 0.5736702127659574 0.4300925925925926 0.014361702127659574 0.032407407407407406
4 0.5571808510638298 0.4185185185185185 0.011170212765957447 0.025925925925925925
4 0.5351063829787234 0.4046296296296296 0.00851063829787234 0.018518518518518517
4 0.5444148936170212 0.41064814814814815 0.009042553191489361 0.021296296296296296
1 0.43031914893617024 0.39490740740740743 0.009574468085106383 0.028703703703703703
1 0.5343085106382979 0.39814814814814814 0.010106382978723405 0.02962962962962963
1 0.46808510638297873 0.37175925925925923 0.00425531914893617 0.013888888888888888
1 0.4787234042553192 0.37175925925925923 0.00425531914893617 0.01574074074074074
1 0.4898936170212766 0.3726851851851852 0.00425531914893617 0.01574074074074074
1 0.5018617021276596 0.3731481481481482 0.003723404255319149 0.014814814814814815