0 0.40611702127659577 0.42824074074074076 0.017553191489361703 0.041666666666666664
0 0.43617021276595747 0.39814814814814814 0.00851063829787234 0.024074074074074074
0 0.30159574468085104 0.5337962962962963 0.04042553191489362 0.08611111111111111
0 0.45159574468085106 0.38425925925925924 0.006382978723404255 0.018518518518518517
0 0.4609042553191489 0.37546296296296294 0.005851063829787234 0.01574074074074074
0 0.46595744680851064 0.37083333333333335 0.00425531914893617 0.012037037037037037
0 0.47047872340425534 0.36712962962962964 0.003723404255319149 0.010185185185185186
4 0.7651595744680851 0.538425925925926 0.04627659574468085 0.08981481481481482
4 0.5712765957446808 0.3972222222222222 0.009574468085106383 0.024074074074074074
4 0.6159574468085106 0.4273148148148148 0.01702127659574468 0.03981481481481482
4 0.5529255319148936 0.38287037037037036 0.006914893617021276 0.017592592592592594
4 0.5409574468085107 0.37592592592592594 0.006382978723404255 0.014814814814814815
4 0.5324468085106383 0.37037037037037035 0.00425531914893617 0.011111111111111112
4 0.5268617021276596 0.3662037037037037 0.003723404255319149 0.010185185185185186
4 0.5223404255319148 0.36342592592592593 0.0031914893617021275 0.008333333333333333
4 0.5183510638297872 0.36157407407407405 0.0026595744680851063 0.008333333333333333