0 0.376063829787234 0.5614864864864865 0.006382978723404255 0.010810810810810811
0 0.4023936170212766 0.5618243243243243 0.005851063829787234 0.011486486486486487
0 0.4122340425531915 0.5628378378378378 0.006382978723404255 0.012162162162162163
0 0.40558510638297873 0.5668918918918919 0.006914893617021276 0.013513513513513514
0 0.3976063829787234 0.5719594594594595 0.007978723404255319 0.016891891891891893
0 0.38457446808510637 0.5793918918918919 0.010638297872340425 0.019594594594594596
0 0.36648936170212765 0.5905405405405405 0.013829787234042552 0.024324324324324326
0 0.3393617021276596 0.6108108108108108 0.019148936170212766 0.032432432432432434
0 0.27845744680851064 0.6496621621621622 0.034574468085106384 0.05202702702702703
0 0.09148936170212765 0.7844594594594595 0.03404255319148936 0.10810810810810811
0 0.17420212765957446 0.5706081081081081 0.007978723404255319 0.01418918918918919
0 0.2696808510638298 0.5648648648648649 0.007446808510638298 0.012162162162162163
0 0.3481382978723404 0.5621621621621622 0.006914893617021276 0.012162162162162163
4 0.8643617021276596 0.7851351351351351 0.09042553191489362 0.12162162162162163
4 0.6473404255319148 0.6486486486486487 0.03297872340425532 0.052702702702702706
4 0.5853723404255319 0.6074324324324324 0.02074468085106383 0.033783783783783786
4 0.5465425531914894 0.5898648648648649 0.015425531914893617 0.024324324324324326
4 0.5287234042553192 0.5777027027027027 0.011702127659574468 0.01891891891891892
4 0.5202127659574468 0.5706081081081081 0.00851063829787234 0.016891891891891893
4 0.513563829787234 0.5662162162162162 0.005851063829787234 0.012162162162162163
4 0.5071808510638298 0.5618243243243243 0.005851063829787234 0.011486486486486487
4 0.4957446808510638 0.5601351351351351 0.005319148936170213 0.010810810810810811
4 0.4601063829787234 0.5591216216216216 0.005319148936170213 0.008783783783783784
4 0.42898936170212765 0.5587837837837838 0.005851063829787234 0.00945945945945946
4 0.3827127659574468 0.5591216216216216 0.0047872340425531915 0.008783783783783784
4 0.13643617021276597 0.5709459459459459 0.006914893617021276 0.012162162162162163
4 0.22739361702127658 0.5655405405405406 0.006914893617021276 0.010810810810810811
4 0.30425531914893617 0.5611486486486487 0.006382978723404255 0.010135135135135136
4 0.3406914893617021 0.5601351351351351 0.0047872340425531915 0.00945945945945946