2 0.8380319148936171 0.6083333333333333 0.05159574468085106 0.10740740740740741
2 0.5960106382978724 0.43148148148148147 0.01223404255319149 0.02962962962962963
2 0.6180851063829788 0.4462962962962963 0.014893617021276596 0.037037037037037035
2 0.2351063829787234 0.6189814814814815 0.05106382978723404 0.10833333333333334
2 0.3848404255319149 0.4759259259259259 0.02074468085106383 0.04814814814814815
2 0.7077127659574468 0.5115740740740741 0.02925531914893617 0.06574074074074074
2 0.6569148936170213 0.47175925925925927 0.022340425531914895 0.04722222222222222
2 0.3404255319148936 0.5166666666666667 0.027659574468085105 0.06481481481481481
2 0.4101063829787234 0.44907407407407407 0.015957446808510637 0.037037037037037035
2 0.5800531914893617 0.4217592592592593 0.010106382978723405 0.025
2 0.4263297872340426 0.43287037037037035 0.01223404255319149 0.030555555555555555
2 0.4332446808510638 0.42314814814814816 0.010106382978723405 0.025925925925925925
2 0.4422872340425532 0.412962962962963 0.009042553191489361 0.024074074074074074
2 0.45 0.40555555555555556 0.00851063829787234 0.020370370370370372
2 0.5696808510638298 0.4125 0.00851063829787234 0.021296296296296296
2 0.5635638297872341 0.40555555555555556 0.006914893617021276 0.020370370370370372
1 0.4797872340425532 0.39351851851851855 0.009574468085106383 0.02962962962962963
1 0.526595744680851 0.3925925925925926 0.00851063829787234 0.02962962962962963
1 0.5031914893617021 0.39351851851851855 0.00851063829787234 0.02962962962962963
1 0.5529255319148936 0.39351851851851855 0.009042553191489361 0.02962962962962963
1 0.45372340425531915 0.3939814814814815 0.00851063829787234 0.030555555555555555