0 0.0898936170212766 0.5939814814814814 0.030851063829787233 0.10648148148148148
0 0.13351063829787235 0.3837962962962963 0.006382978723404255 0.017592592592592594
0 0.8316489361702127 0.3921296296296296 0.013297872340425532 0.025
0 0.7271276595744681 0.3824074074074074 0.009574468085106383 0.020370370370370372
0 0.6686170212765957 0.37824074074074077 0.007446808510638298 0.017592592592592594
0 0.5765957446808511 0.37407407407407406 0.007446808510638298 0.014814814814814815
0 0.5111702127659574 0.3712962962962963 0.005319148936170213 0.012962962962962963
0 0.4348404255319149 0.37083333333333335 0.005851063829787234 0.013888888888888888
4 0.1351063829787234 0.4185185185185185 0.01276595744680851 0.03148148148148148
4 0.12526595744680852 0.3962962962962963 0.010106382978723405 0.022222222222222223
4 0.08537234042553192 0.4078703703703704 0.01223404255319149 0.026851851851851852
4 0.225531914893617 0.4287037037037037 0.01702127659574468 0.037037037037037035
4 0.2398936170212766 0.3861111111111111 0.009574468085106383 0.020370370370370372
4 0.3696808510638298 0.44583333333333336 0.02127659574468085 0.04537037037037037
4 0.326063829787234 0.3819444444444444 0.007446808510638298 0.017592592592592594
4 0.8978723404255319 0.5398148148148149 0.05425531914893617 0.09074074074074075
4 0.7515957446808511 0.4236111111111111 0.02021276595744681 0.03796296296296296
4 0.6106382978723405 0.475462962962963 0.030851063829787233 0.06018518518518518
4 0.6345744680851064 0.4027777777777778 0.01276595744680851 0.02962962962962963
4 0.5553191489361702 0.3925925925925926 0.009574468085106383 0.024074074074074074
4 0.4978723404255319 0.3851851851851852 0.010638297872340425 0.022222222222222223
4 0.4478723404255319 0.38055555555555554 0.00851063829787234 0.018518518518518517