0 0.3898936170212766 0.45231481481481484 0.02127659574468085 0.049074074074074076
0 0.2454787234042553 0.5819444444444445 0.05159574468085106 0.10462962962962963
0 0.4348404255319149 0.4083333333333333 0.013297872340425532 0.027777777777777776
0 0.4526595744680851 0.38935185185185184 0.007446808510638298 0.019444444444444445
0 0.4640957446808511 0.3800925925925926 0.0047872340425531915 0.01574074074074074
0 0.47074468085106386 0.3736111111111111 0.00425531914893617 0.012037037037037037
0 0.475531914893617 0.37037037037037035 0.00425531914893617 0.011111111111111112
4 0.6481382978723405 0.45231481481481484 0.022872340425531913 0.049074074074074076
4 0.5885638297872341 0.4074074074074074 0.01223404255319149 0.027777777777777776
4 0.8223404255319149 0.5856481481481481 0.059574468085106386 0.11203703703703703
4 0.5627659574468085 0.38842592592592595 0.007446808510638298 0.019444444444444445
4 0.55 0.37916666666666665 0.006382978723404255 0.01574074074074074
4 0.5414893617021277 0.3736111111111111 0.00425531914893617 0.012037037037037037
4 0.5348404255319149 0.37037037037037035 0.003723404255319149 0.011111111111111112
4 0.5305851063829787 0.36666666666666664 0.003723404255319149 0.011111111111111112
4 0.5268617021276596 0.36435185185185187 0.0026595744680851063 0.008333333333333333
4 0.5234042553191489 0.3625 0.002127659574468085 0.008333333333333333
4 0.5210106382978723 0.36064814814814816 0.0015957446808510637 0.006481481481481481