0 0.2476063829787234 0.42083333333333334 0.013297872340425532 0.03425925925925926
0 0.325 0.40694444444444444 0.010638297872340425 0.026851851851851852
0 0.39601063829787236 0.3939814814814815 0.009042553191489361 0.021296296296296296
0 0.4734042553191489 0.38425925925925924 0.007446808510638298 0.018518518518518517
0 0.535372340425532 0.37824074074074077 0.006914893617021276 0.017592592592592594
0 0.5577127659574468 0.3712962962962963 0.0047872340425531915 0.014814814814814815
0 0.6069148936170212 0.3675925925925926 0.005319148936170213 0.012962962962962963
0 0.6545212765957447 0.36203703703703705 0.005851063829787234 0.012962962962962963
4 0.550531914893617 0.5310185185185186 0.04148936170212766 0.08611111111111111
4 0.5462765957446809 0.4583333333333333 0.02446808510638298 0.05185185185185185
4 0.5691489361702128 0.43287037037037035 0.02021276595744681 0.041666666666666664
4 0.5976063829787234 0.4203703703703704 0.01648936170212766 0.03518518518518519
4 0.6284574468085107 0.4023148148148148 0.01223404255319149 0.028703703703703703
4 0.6598404255319149 0.38657407407407407 0.010106382978723405 0.023148148148148147
4 0.8303191489361702 0.6930555555555555 0.08617021276595745 0.16203703703703703
4 0.800531914893617 0.462037037037037 0.029787234042553193 0.05740740740740741
4 0.7659574468085106 0.42268518518518516 0.018085106382978722 0.03796296296296296
4 0.825 0.4074074074074074 0.015957446808510637 0.03333333333333333
4 0.8582446808510639 0.39305555555555555 0.013297872340425532 0.028703703703703703
4 0.8917553191489361 0.38287037037037036 0.011170212765957447 0.023148148148148147
4 0.7058510638297872 0.36944444444444446 0.006382978723404255 0.016666666666666666
4 0.7627659574468085 0.36435185185185187 0.005319148936170213 0.01574074074074074
4 0.674468085106383 0.375 0.006382978723404255 0.016666666666666666
4 0.7968085106382978 0.3597222222222222 0.00425531914893617 0.010185185185185186