0 0.09680851063829787 0.6138888888888889 0.04468085106382979 0.12962962962962962
0 0.10664893617021276 0.39814814814814814 0.01223404255319149 0.027777777777777776
0 0.22739361702127658 0.4078703703703704 0.01223404255319149 0.028703703703703703
0 0.28111702127659577 0.4162037037037037 0.014361702127659574 0.032407407407407406
0 0.3236702127659574 0.4671296296296296 0.023936170212765957 0.058333333333333334
0 0.3422872340425532 0.4236111111111111 0.014361702127659574 0.03611111111111111
0 0.36223404255319147 0.4398148148148148 0.02021276595744681 0.044444444444444446
0 0.8968085106382979 0.3962962962962963 0.01276595744680851 0.014814814814814815
4 0.09228723404255319 0.38287037037037036 0.010106382978723405 0.025
4 0.20398936170212767 0.3861111111111111 0.010106382978723405 0.024074074074074074
4 0.3178191489361702 0.39351851851851855 0.011170212765957447 0.025925925925925925
4 0.423936170212766 0.4041666666666667 0.01276595744680851 0.030555555555555555
4 0.5441489361702128 0.41944444444444445 0.013829787234042552 0.03148148148148148
4 0.65 0.43703703703703706 0.019148936170212766 0.04259259259259259
4 0.739095744680851 0.47314814814814815 0.028191489361702127 0.05925925925925926
2 0.761436170212766 0.42268518518518516 0.019680851063829788 0.032407407407407406
2 0.7821808510638298 0.4356481481481482 0.025 0.03425925925925926