0 0.3508008356545961 0.7609536082474226 0.09157381615598886 0.1327319587628866
0 0.6451949860724234 0.5700171821305842 0.027158774373259052 0.036941580756013746
0 0.3753481894150418 0.5592783505154639 0.027855153203342618 0.024054982817869417
0 0.2693245125348189 0.5257731958762887 0.013579387186629526 0.020618556701030927
0 0.5172353760445683 0.5178264604810997 0.0100974930362117 0.01675257731958763
0 0.866991643454039 0.5429553264604811 0.023676880222841225 0.018900343642611683
0 0.6798398328690808 0.5115979381443299 0.008704735376044569 0.014604810996563574
0 0.6150766016713092 0.5023625429553265 0.004526462395543176 0.010738831615120275
4 0.18088440111420612 0.5734536082474226 0.029596100278551533 0.0429553264604811
4 0.43262534818941506 0.6035223367697594 0.03516713091922006 0.048109965635738834
4 0.6873259052924791 0.617053264604811 0.04805013927576602 0.040807560137457045
4 0.5809540389972145 0.5420962199312714 0.01915041782729805 0.02577319587628866
4 0.40215877437325903 0.5302835051546392 0.013927576601671309 0.02104810996563574
4 0.7982242339832869 0.5242697594501718 0.01288300835654596 0.020189003436426118
4 0.719533426183844 0.522766323024055 0.014972144846796657 0.019759450171821305
4 0.6171657381615598 0.507946735395189 0.008008356545961003 0.01331615120274914