0 0.20452127659574468 0.5907407407407408 0.052659574468085106 0.11296296296296296
0 0.48138297872340424 0.4675925925925926 0.023404255319148935 0.05185185185185185
0 0.6864361702127659 0.4236111111111111 0.014361702127659574 0.03425925925925926
0 0.7510638297872341 0.4111111111111111 0.01276595744680851 0.027777777777777776
0 0.776595744680851 0.39861111111111114 0.009574468085106383 0.025
0 0.7553191489361702 0.3921296296296296 0.007446808510638298 0.017592592592592594
0 0.7404255319148936 0.38564814814814813 0.006382978723404255 0.017592592592592594
0 0.7359042553191489 0.3819444444444444 0.0047872340425531915 0.01574074074074074
0 0.7531914893617021 0.37777777777777777 0.005319148936170213 0.014814814814814815
0 0.7896276595744681 0.3726851851851852 0.0047872340425531915 0.013888888888888888
0 0.8156914893617021 0.3685185185185185 0.0047872340425531915 0.012962962962962963
0 0.8723404255319149 0.3597222222222222 0.00425531914893617 0.012037037037037037
0 0.863563829787234 0.36157407407407405 0.003723404255319149 0.010185185185185186
0 0.8542553191489362 0.362962962962963 0.0031914893617021275 0.011111111111111112
0 0.8460106382978724 0.3638888888888889 0.003723404255319149 0.011111111111111112
0 0.8359042553191489 0.36527777777777776 0.0047872340425531915 0.010185185185185186
4 0.8353723404255319 0.38101851851851853 0.005851063829787234 0.017592592592592594
4 0.8430851063829787 0.3861111111111111 0.00851063829787234 0.018518518518518517
4 0.8593085106382978 0.3921296296296296 0.009042553191489361 0.021296296296296296
4 0.8627659574468085 0.37546296296296294 0.005319148936170213 0.013888888888888888
4 0.8821808510638298 0.3712962962962963 0.0047872340425531915 0.011111111111111112
4 0.9172872340425532 0.45231481481481484 0.015425531914893617 0.04351851851851852
4 0.9132978723404256 0.4009259259259259 0.009574468085106383 0.024074074074074074
4 0.8949468085106383 0.3675925925925926 0.0047872340425531915 0.011111111111111112
4 0.8071808510638298 0.49583333333333335 0.03031914893617021 0.062037037037037036
4 0.9005319148936171 0.5962962962962963 0.04893617021276596 0.10185185185185185