0 0.33085106382978724 0.4152777777777778 0.01276595744680851 0.032407407407407406
0 0.2220744680851064 0.3768518518518518 0.005851063829787234 0.016666666666666666
0 0.28324468085106386 0.3768518518518518 0.006914893617021276 0.014814814814814815
0 0.4409574468085106 0.4013888888888889 0.01276595744680851 0.028703703703703703
0 0.44148936170212766 0.36898148148148147 0.005319148936170213 0.013888888888888888
0 0.47952127659574467 0.3675925925925926 0.005851063829787234 0.012962962962962963
0 0.5313829787234042 0.38981481481481484 0.010638297872340425 0.024074074074074074
0 0.586436170212766 0.37962962962962965 0.007978723404255319 0.020370370370370372
0 0.5803191489361702 0.3662037037037037 0.006382978723404255 0.01574074074074074
0 0.560372340425532 0.36574074074074076 0.006914893617021276 0.014814814814814815
0 0.5343085106382979 0.3662037037037037 0.005851063829787234 0.013888888888888888
0 0.6095744680851064 0.3736111111111111 0.007446808510638298 0.017592592592592594
0 0.600531914893617 0.36944444444444446 0.006382978723404255 0.014814814814814815
0 0.8808510638297873 0.3578703703703704 0.005319148936170213 0.012037037037037037
4 0.4930851063829787 0.5333333333333333 0.0425531914893617 0.08888888888888889
4 0.3273936170212766 0.4699074074074074 0.023936170212765957 0.05648148148148148
4 0.39601063829787236 0.44027777777777777 0.019680851063829788 0.04351851851851852
4 0.19095744680851065 0.37546296296296294 0.007446808510638298 0.01574074074074074
4 0.25186170212765957 0.37407407407407406 0.006914893617021276 0.014814814814814815
4 0.3167553191489362 0.3731481481481482 0.005851063829787234 0.014814814814814815
4 0.49601063829787234 0.4217592592592593 0.017553191489361703 0.03981481481481482
4 0.5925531914893617 0.4060185185185185 0.015957446808510637 0.032407407407407406
4 0.526595744680851 0.362962962962963 0.006382978723404255 0.012962962962962963
4 0.5962765957446808 0.3611111111111111 0.005319148936170213 0.012962962962962963
4 0.6468085106382979 0.3592592592592593 0.006382978723404255 0.014814814814814815
4 0.6688829787234043 0.36203703703703705 0.006914893617021276 0.014814814814814815
4 0.6914893617021277 0.3648148148148148 0.007446808510638298 0.016666666666666666
4 0.6781914893617021 0.38935185185185184 0.011702127659574468 0.028703703703703703
4 0.722872340425532 0.3787037037037037 0.009574468085106383 0.022222222222222223
4 0.7180851063829787 0.37037037037037035 0.006382978723404255 0.018518518518518517
4 0.9031914893617021 0.35648148148148145 0.005319148936170213 0.012962962962962963
2 0.1797872340425532 0.4361111111111111 0.018085106382978722 0.03888888888888889
2 0.8281914893617022 0.3731481481481482 0.023404255319148935 0.022222222222222223
1 0.39095744680851063 0.36712962962962964 0.006382978723404255 0.023148148148148147
1 0.38430851063829785 0.36527777777777776 0.006914893617021276 0.021296296296296296
1 0.3723404255319149 0.3685185185185185 0.006382978723404255 0.024074074074074074
1 0.36781914893617024 0.36527777777777776 0.005851063829787234 0.019444444444444445