0 0.16143617021276596 0.40925925925925927 0.011170212765957447 0.02962962962962963
0 0.2656914893617021 0.399537037037037 0.009042553191489361 0.021296296296296296
0 0.5632978723404255 0.38657407407407407 0.006382978723404255 0.013888888888888888
0 0.5196808510638298 0.38842592592592595 0.007446808510638298 0.019444444444444445
0 0.36861702127659574 0.3925925925925926 0.00851063829787234 0.018518518518518517
0 0.4627659574468085 0.38981481481481484 0.007446808510638298 0.018518518518518517
0 0.6196808510638298 0.3861111111111111 0.006382978723404255 0.014814814814814815
0 0.6646276595744681 0.3851851851851852 0.0047872340425531915 0.012962962962962963
4 0.589627659574468 0.524537037037037 0.04202127659574468 0.0787037037037037
4 0.8622340425531915 0.6092592592592593 0.05319148936170213 0.13333333333333333
4 0.4071808510638298 0.48518518518518516 0.032446808510638296 0.05925925925925926
4 0.2401595744680851 0.4583333333333333 0.018617021276595744 0.046296296296296294
4 0.29148936170212764 0.4111111111111111 0.011702127659574468 0.025925925925925925
4 0.22180851063829787 0.4222222222222222 0.01276595744680851 0.03518518518518519
4 0.6029255319148936 0.3925925925925926 0.007978723404255319 0.018518518518518517
4 0.46622340425531916 0.39861111111111114 0.009042553191489361 0.021296296296296296
4 0.5430851063829787 0.3962962962962963 0.00851063829787234 0.020370370370370372
4 0.6484042553191489 0.3921296296296296 0.007446808510638298 0.017592592592592594
4 0.8944148936170213 0.39861111111111114 0.007978723404255319 0.01574074074074074
4 0.37686170212765957 0.40324074074074073 0.010106382978723405 0.023148148148148147
4 0.17154255319148937 0.44074074074074077 0.01648936170212766 0.03333333333333333
4 0.6901595744680851 0.39166666666666666 0.005851063829787234 0.014814814814814815
4 0.7151595744680851 0.3907407407407407 0.0047872340425531915 0.014814814814814815
4 0.738563829787234 0.3907407407407407 0.0047872340425531915 0.012962962962962963
4 0.8577127659574468 0.39351851851851855 0.0047872340425531915 0.011111111111111112