0 0.2247340425531915 0.5425675675675675 0.007978723404255319 0.014864864864864866
0 0.31382978723404253 0.5375 0.00851063829787234 0.01418918918918919
0 0.6803191489361702 0.5682432432432433 0.015957446808510637 0.02837837837837838
0 0.5545212765957447 0.5736486486486486 0.02074468085106383 0.033783783783783786
0 0.1398936170212766 0.5425675675675675 0.00851063829787234 0.016216216216216217
0 0.5071808510638298 0.5347972972972973 0.006914893617021276 0.01418918918918919
0 0.3398936170212766 0.6172297297297298 0.039361702127659576 0.05202702702702703
0 0.7303191489361702 0.5459459459459459 0.009574468085106383 0.016216216216216217
0 0.8098404255319149 0.5628378378378378 0.014361702127659574 0.02027027027027027
0 0.3617021276595745 0.535472972972973 0.007446808510638298 0.01418918918918919
0 0.7728723404255319 0.5655405405405406 0.014893617021276596 0.024324324324324326
0 0.6061170212765957 0.5371621621621622 0.007978723404255319 0.014864864864864866
0 0.4223404255319149 0.5337837837837838 0.007446808510638298 0.013513513513513514
0 0.7797872340425532 0.5533783783783783 0.010638297872340425 0.01891891891891892
0 0.6569148936170213 0.5310810810810811 0.00425531914893617 0.00945945945945946
0 0.6824468085106383 0.5412162162162162 0.010638297872340425 0.016216216216216217
0 0.7704787234042553 0.5337837837837838 0.005851063829787234 0.00945945945945946
0 0.4946808510638298 0.5277027027027027 0.00425531914893617 0.00945945945945946
0 0.11595744680851064 0.5209459459459459 0.005319148936170213 0.010810810810810811
4 0.1523936170212766 0.5364864864864864 0.006914893617021276 0.012162162162162163
4 0.9140957446808511 0.5483108108108108 0.01223404255319149 0.016891891891891893
4 0.7098404255319148 0.5327702702702702 0.007978723404255319 0.012837837837837839
4 0.8026595744680851 0.5378378378378378 0.009574468085106383 0.016216216216216217
4 0.33404255319148934 0.5280405405405405 0.005319148936170213 0.012837837837837839
4 0.8305851063829788 0.533445945945946 0.0047872340425531915 0.008783783783783784
4 0.6356382978723404 0.5310810810810811 0.006382978723404255 0.010810810810810811
4 0.5226063829787234 0.5287162162162162 0.0047872340425531915 0.010135135135135136
4 0.5715425531914894 0.5297297297297298 0.0047872340425531915 0.006756756756756757
4 0.7430851063829788 0.5324324324324324 0.005319148936170213 0.010810810810810811
4 0.24521276595744682 0.5317567567567567 0.007446808510638298 0.012162162162162163
4 0.6162234042553192 0.5310810810810811 0.006914893617021276 0.013513513513513514
4 0.5428191489361702 0.5293918918918918 0.006914893617021276 0.012837837837837839
4 0.4734042553191489 0.5273648648648649 0.006382978723404255 0.011486486486486487
4 0.4284574468085106 0.5277027027027027 0.005851063829787234 0.012162162162162163
4 0.10957446808510639 0.5246621621621622 0.006382978723404255 0.011486486486486487
4 0.1752659574468085 0.522972972972973 0.0047872340425531915 0.013513513513513514