0 0.08913649025069638 0.5049398625429553 0.013231197771587743 0.018470790378006873
0 0.12674094707520892 0.5298539518900344 0.023676880222841225 0.018470790378006873
0 0.30379526462395545 0.5410223367697594 0.02193593314763231 0.027920962199312716
0 0.3295612813370474 0.5070876288659794 0.0100974930362117 0.015034364261168385
0 0.5557103064066853 0.5337199312714777 0.019498607242339833 0.015893470790378006
0 0.4900766016713092 0.5075171821305842 0.008008356545961003 0.01331615120274914
0 0.46309192200557103 0.4993556701030928 0.006267409470752089 0.010738831615120275
4 0.14049442896935932 0.6363831615120275 0.06162952646239554 0.07603092783505154
4 0.0988857938718663 0.5528350515463918 0.02437325905292479 0.03350515463917526
4 0.23990250696378831 0.5650773195876289 0.034122562674094706 0.028780068728522335
4 0.20421309192200557 0.5122422680412371 0.013579387186629526 0.01761168384879725
4 0.32103064066852366 0.5242697594501718 0.013927576601671309 0.02104810996563574
4 0.6878481894150418 0.5640034364261168 0.028203342618384402 0.02663230240549828
4 0.5506615598885793 0.5193298969072165 0.010793871866295265 0.01718213058419244
4 0.48868384401114207 0.5167525773195877 0.010793871866295265 0.01632302405498282
4 0.4481197771587744 0.5032216494845361 0.00766016713091922 0.01245704467353952
2 0.6780988857938719 0.5981529209621993 0.030292479108635098 0.03651202749140894