0 0.09361702127659574 0.7805555555555556 0.03829787234042553 0.17777777777777778
0 0.4409574468085106 0.5375 0.03829787234042553 0.08425925925925926
0 0.5537234042553192 0.4615740740740741 0.02553191489361702 0.05092592592592592
0 0.5710106382978724 0.42592592592592593 0.01648936170212766 0.03518518518518519
0 0.5566489361702127 0.4097222222222222 0.01223404255319149 0.028703703703703703
0 0.5077127659574469 0.39814814814814814 0.010106382978723405 0.024074074074074074
0 0.4542553191489362 0.3921296296296296 0.00851063829787234 0.021296296296296296
0 0.4154255319148936 0.38842592592592595 0.00851063829787234 0.019444444444444445
0 0.37101063829787234 0.38796296296296295 0.007978723404255319 0.018518518518518517
0 0.286968085106383 0.38981481481481484 0.007978723404255319 0.020370370370370372
0 0.22180851063829787 0.3912037037037037 0.00851063829787234 0.021296296296296296
0 0.8606382978723405 0.39166666666666666 0.005319148936170213 0.014814814814814815
4 0.5617021276595745 0.3861111111111111 0.010638297872340425 0.020370370370370372
4 0.5172872340425532 0.3819444444444444 0.007978723404255319 0.017592592592592594
4 0.4430851063829787 0.38101851851851853 0.00851063829787234 0.017592592592592594
4 0.34441489361702127 0.38287037037037036 0.007978723404255319 0.021296296296296296
4 0.21090425531914894 0.3851851851851852 0.009042553191489361 0.022222222222222223
4 0.8890957446808511 0.46620370370370373 0.03031914893617021 0.05648148148148148
4 0.8090425531914893 0.42777777777777776 0.018085106382978722 0.037037037037037035
4 0.7077127659574468 0.40555555555555556 0.01223404255319149 0.027777777777777776
4 0.6231382978723404 0.39351851851851855 0.010106382978723405 0.024074074074074074
4 0.8566489361702128 0.39166666666666666 0.005851063829787234 0.014814814814814815
4 0.7510638297872341 0.3819444444444444 0.005319148936170213 0.013888888888888888
2 0.8970744680851064 0.4166666666666667 0.03138297872340425 0.02962962962962963
1 0.13085106382978723 0.38796296296296295 0.01276595744680851 0.03888888888888889
1 0.11329787234042553 0.3819444444444444 0.01276595744680851 0.032407407407407406
1 0.0949468085106383 0.38935185185185184 0.013297872340425532 0.03981481481481482
1 0.08191489361702127 0.38287037037037036 0.011702127659574468 0.032407407407407406