0 0.16276595744680852 0.4023148148148148 0.00851063829787234 0.019444444444444445
0 0.27074468085106385 0.3925925925925926 0.006382978723404255 0.016666666666666666
0 0.37127659574468086 0.387037037037037 0.00425531914893617 0.012962962962962963
0 0.46170212765957447 0.38287037037037036 0.00425531914893617 0.012037037037037037
0 0.573404255319149 0.37962962962962965 0.005319148936170213 0.014814814814814815
0 0.6590425531914894 0.37962962962962965 0.005319148936170213 0.014814814814814815
0 0.7377659574468085 0.38287037037037036 0.007446808510638298 0.017592592592592594
0 0.8553191489361702 0.3875 0.010638297872340425 0.023148148148148147
4 0.8507978723404256 0.549074074074074 0.05372340425531915 0.09444444444444444
4 0.4973404255319149 0.4787037037037037 0.02872340425531915 0.05740740740740741
4 0.3377659574468085 0.44907407407407407 0.019148936170212766 0.040740740740740744
4 0.2526595744680851 0.43333333333333335 0.013829787234042552 0.03333333333333333
4 0.21223404255319148 0.41898148148148145 0.011702127659574468 0.026851851851851852
4 0.2574468085106383 0.4064814814814815 0.009574468085106383 0.024074074074074074
4 0.3702127659574468 0.3958333333333333 0.00851063829787234 0.019444444444444445
4 0.45797872340425533 0.3907407407407407 0.007446808510638298 0.018518518518518517
4 0.5888297872340426 0.3907407407407407 0.009574468085106383 0.020370370370370372
4 0.6473404255319148 0.39675925925925926 0.011702127659574468 0.025
4 0.7191489361702128 0.4050925925925926 0.011702127659574468 0.028703703703703703
4 0.8287234042553191 0.42083333333333334 0.014893617021276596 0.03611111111111111