0 0.1625 0.7097222222222223 0.08244680851063829 0.16944444444444445
0 0.2845744680851064 0.5115740740740741 0.03297872340425532 0.0712962962962963
0 0.33111702127659576 0.4527777777777778 0.021808510638297873 0.04814814814814815
0 0.37579787234042555 0.4222222222222222 0.01648936170212766 0.037037037037037035
0 0.4454787234042553 0.4009259259259259 0.01223404255319149 0.02962962962962963
0 0.5242021276595744 0.39166666666666666 0.011170212765957447 0.024074074074074074
0 0.6622340425531915 0.387037037037037 0.00851063829787234 0.022222222222222223
0 0.7957446808510639 0.3912037037037037 0.010638297872340425 0.023148148148148147
4 0.6146276595744681 0.41944444444444445 0.01648936170212766 0.03518518518518519
4 0.6587765957446808 0.4050925925925926 0.013297872340425532 0.028703703703703703
4 0.6438829787234043 0.48009259259259257 0.03138297872340425 0.06388888888888888
4 0.7398936170212767 0.4050925925925926 0.013829787234042552 0.028703703703703703
4 0.8473404255319149 0.40879629629629627 0.01276595744680851 0.028703703703703703