0 0.8279944289693594 0.33885135135135136 0.04596100278551532 0.09391891891891892
0 0.6397980501392758 0.4118243243243243 0.04979108635097493 0.11283783783783784
0 0.5583217270194986 0.3168918918918919 0.028899721448467967 0.06756756756756757
0 0.3840529247910863 0.2945945945945946 0.025069637883008356 0.052702702702702706
0 0.07764623955431754 0.5402027027027027 0.057103064066852366 0.15743243243243243
0 0.24930362116991645 0.2597972972972973 0.019498607242339833 0.03310810810810811
0 0.3098885793871866 0.2733108108108108 0.020891364902506964 0.04121621621621622
0 0.1934192200557103 0.25 0.01915041782729805 0.02972972972972973
0 0.8027506963788301 0.20777027027027026 0.017061281337047353 0.03310810810810811
0 0.6728760445682451 0.21216216216216216 0.010793871866295265 0.02702702702702703
4 0.8812674094707521 0.2574324324324324 0.028551532033426183 0.05675675675675676
4 0.908774373259053 0.24493243243243243 0.026462395543175487 0.05337837837837838
4 0.6967270194986073 0.2445945945945946 0.02158774373259053 0.041891891891891894
4 0.6572075208913649 0.2625 0.022632311977715876 0.03986486486486487
4 0.3528899721448468 0.23141891891891891 0.0100974930362117 0.025
4 0.45473537604456826 0.24695945945945946 0.017409470752089137 0.03175675675675676
4 0.5261142061281338 0.2537162162162162 0.017409470752089137 0.037162162162162164
4 0.5619777158774373 0.23952702702702702 0.013231197771587743 0.03445945945945946
2 0.18053621169916434 0.24594594594594596 0.013579387186629526 0.02972972972972973
2 0.34731894150417825 0.23006756756756758 0.008704735376044569 0.02364864864864865
2 0.5489206128133705 0.2391891891891892 0.014972144846796657 0.033783783783783786
2 0.6584261838440112 0.2125 0.011838440111420613 0.026351351351351353