0 0.19498607242339833 0.30217391304347824 0.010445682451253482 0.034782608695652174
0 0.6646935933147632 0.2576086956521739 0.012534818941504178 0.0391304347826087
0 0.4879874651810585 0.25815217391304346 0.009401114206128134 0.03152173913043478
0 0.7405988857938719 0.27010869565217394 0.016713091922005572 0.04891304347826087
0 0.09018105849582173 0.33043478260869563 0.013231197771587743 0.043478260869565216
4 0.25974930362116994 0.2766304347826087 0.00766016713091922 0.029347826086956522
2 0.8868384401114207 0.21630434782608696 0.00766016713091922 0.02826086956521739
0 0.24251392757660167 0.5684782608695652 0.047701949860724235 0.1608695652173913
0 0.5774721448467967 0.25380434782608696 0.009401114206128134 0.035869565217391305
0 0.28116295264623953 0.2842391304347826 0.009401114206128134 0.03152173913043478
4 0.6300487465181058 0.23695652173913043 0.009401114206128134 0.030434782608695653
1 0.8043175487465181 0.3173913043478261 0.025069637883008356 0.13043478260869565
2 0.9286211699164345 0.19130434782608696 0.004874651810584958 0.021739130434782608
0 0.6873259052924791 0.4467391304347826 0.0383008356545961 0.12608695652173912
0 0.8015320334261838 0.3565217391304348 0.019498607242339833 0.09130434782608696
4 0.15006963788300837 0.29891304347826086 0.008356545961002786 0.03260869565217391
4 0.5153203342618384 0.24239130434782608 0.00766016713091922 0.02826086956521739
2 0.8944986072423399 0.20326086956521738 0.006267409470752089 0.02391304347826087
4 0.7496518105849582 0.2391304347826087 0.011838440111420613 0.034782608695652174
1 0.786733983286908 0.34619565217391307 0.03447075208913649 0.15543478260869564
4 0.8655988857938719 0.24945652173913044 0.011838440111420613 0.04673913043478261
2 0.9004178272980501 0.1934782608695652 0.006267409470752089 0.021739130434782608
2 0.8729108635097493 0.2358695652173913 0.010445682451253482 0.03695652173913044
0 0.38631615598885793 0.2673913043478261 0.008008356545961003 0.030434782608695653
0 0.7975278551532033 0.29891304347826086 0.014275766016713091 0.06304347826086956
4 0.38979805013927576 0.2548913043478261 0.008008356545961003 0.02717391304347826