0 0.14680851063829786 0.6930555555555555 0.0627659574468085 0.1398148148148148
4 0.8997340425531914 0.6731481481481482 0.05053191489361702 0.13333333333333333
2 0.5898936170212766 0.4583333333333333 0.01702127659574468 0.037037037037037035
2 0.6946808510638298 0.5282407407407408 0.03297872340425532 0.06759259259259259
2 0.6252659574468085 0.4837962962962963 0.022872340425531913 0.049074074074074076
2 0.5694148936170212 0.4412037037037037 0.01223404255319149 0.030555555555555555
2 0.5569148936170213 0.42962962962962964 0.010638297872340425 0.025925925925925925
2 0.39335106382978724 0.4412037037037037 0.013297872340425532 0.030555555555555555
2 0.2978723404255319 0.5370370370370371 0.031914893617021274 0.07037037037037037
2 0.3747340425531915 0.4597222222222222 0.01648936170212766 0.03796296296296296
2 0.5430851063829787 0.4203703703703704 0.009574468085106383 0.022222222222222223
2 0.34654255319148936 0.48657407407407405 0.02074468085106383 0.04722222222222222
2 0.40611702127659577 0.42962962962962964 0.011170212765957447 0.025925925925925925
2 0.5343085106382979 0.4134259259259259 0.007978723404255319 0.019444444444444445
2 0.5263297872340426 0.40925925925925927 0.006914893617021276 0.018518518518518517
2 0.5212765957446809 0.4041666666666667 0.005319148936170213 0.01574074074074074
2 0.5183510638297872 0.3990740740740741 0.0047872340425531915 0.014814814814814815
2 0.43377659574468086 0.39861111111111114 0.005851063829787234 0.01574074074074074
2 0.4295212765957447 0.4027777777777778 0.005851063829787234 0.016666666666666666
2 0.425 0.40879629629629627 0.005319148936170213 0.017592592592592594
2 0.42154255319148937 0.4134259259259259 0.006914893617021276 0.019444444444444445
2 0.41462765957446807 0.4199074074074074 0.007978723404255319 0.021296296296296296
1 0.8784574468085107 0.6212962962962963 0.052659574468085106 0.2037037037037037
1 0.4734042553191489 0.3902777777777778 0.007446808510638298 0.023148148148148147
1 0.49148936170212765 0.38981481481481484 0.007446808510638298 0.022222222222222223
1 0.16196808510638297 0.6356481481481482 0.06968085106382979 0.20462962962962963
1 0.19042553191489361 0.6180555555555556 0.043617021276595745 0.18981481481481483
1 0.8507978723404256 0.6050925925925926 0.04946808510638298 0.18796296296296297
1 0.5117021276595745 0.3907407407407407 0.005319148936170213 0.022222222222222223
1 0.4555851063829787 0.3902777777777778 0.005851063829787234 0.023148148148148147
1 0.43617021276595747 0.3907407407407407 0.005319148936170213 0.022222222222222223