0 0.4002659574468085 0.42777777777777776 0.014361702127659574 0.03518518518518519
0 0.34095744680851064 0.4912037037037037 0.027659574468085105 0.06018518518518518
0 0.9002659574468085 0.4013888888888889 0.011170212765957447 0.023148148148148147
0 0.8018617021276596 0.39861111111111114 0.010106382978723405 0.019444444444444445
0 0.4151595744680851 0.41203703703703703 0.011170212765957447 0.027777777777777776
0 0.4821808510638298 0.38472222222222224 0.005851063829787234 0.017592592592592594
0 0.42579787234042554 0.40324074074074073 0.010106382978723405 0.023148148148148147
0 0.4348404255319149 0.3939814814814815 0.006914893617021276 0.019444444444444445
0 0.44122340425531914 0.387037037037037 0.006914893617021276 0.016666666666666666
0 0.5409574468085107 0.3861111111111111 0.006382978723404255 0.014814814814814815
4 0.8404255319148937 0.4060185185185185 0.01276595744680851 0.028703703703703703
4 0.5906914893617021 0.4305555555555556 0.015425531914893617 0.03518518518518519
4 0.7417553191489362 0.399537037037037 0.011170212765957447 0.028703703703703703
4 0.6773936170212767 0.49398148148148147 0.03138297872340425 0.06759259259259259
4 0.5367021276595745 0.3921296296296296 0.00851063829787234 0.025
4 0.5659574468085107 0.4083333333333333 0.009574468085106383 0.024074074074074074
4 0.6295212765957446 0.39351851851851855 0.006914893617021276 0.018518518518518517
4 0.6845744680851064 0.39675925925925926 0.00851063829787234 0.023148148148148147
4 0.5550531914893617 0.4046296296296296 0.009042553191489361 0.022222222222222223
4 0.5534574468085106 0.3902777777777778 0.009042553191489361 0.019444444444444445
4 0.5888297872340426 0.39166666666666666 0.00851063829787234 0.018518518518518517
2 0.363031914893617 0.37777777777777777 0.005851063829787234 0.009259259259259259
2 0.49175531914893617 0.3800925925925926 0.0047872340425531915 0.006481481481481481
2 0.6045212765957447 0.37824074074074077 0.0047872340425531915 0.008333333333333333
2 0.8125 0.3800925925925926 0.0047872340425531915 0.008333333333333333
2 0.7441489361702127 0.37916666666666665 0.007446808510638298 0.010185185185185186