0 0.13696808510638298 0.4601851851851852 0.03031914893617021 0.06481481481481481
0 0.1675531914893617 0.5462962962962963 0.045744680851063826 0.09814814814814815
0 0.3202127659574468 0.36574074074074076 0.010638297872340425 0.011111111111111112
0 0.3638297872340426 0.36898148148148147 0.01276595744680851 0.013888888888888888
0 0.4095744680851064 0.3731481481481482 0.01276595744680851 0.016666666666666666
0 0.5207446808510638 0.3851851851851852 0.015957446808510637 0.018518518518518517
0 0.6449468085106383 0.4083333333333333 0.02074468085106383 0.024074074074074074
0 0.8454787234042553 0.4263888888888889 0.018617021276595744 0.028703703703703703
4 0.27420212765957447 0.4078703703703704 0.019680851063829788 0.03981481481481482
4 0.4643617021276596 0.4351851851851852 0.02127659574468085 0.05
4 0.6470744680851064 0.5041666666666667 0.038829787234042554 0.075