2 0.3024025069637883 0.34293478260869564 0.02054317548746518 0.07282608695652174
2 0.20264623955431754 0.27119565217391306 0.012534818941504178 0.04673913043478261
2 0.08722144846796658 0.18641304347826088 0.005222841225626741 0.020652173913043477
2 0.10236768802228412 0.19619565217391305 0.006267409470752089 0.025
2 0.12204038997214485 0.21141304347826087 0.007311977715877437 0.029347826086956522
2 0.1530292479108635 0.23423913043478262 0.008704735376044569 0.03369565217391304
2 0.06737465181058495 0.17119565217391305 0.00383008356545961 0.016304347826086956
2 0.06023676880222841 0.16576086956521738 0.003481894150417827 0.014130434782608696
2 0.5840877437325905 0.5396739130434782 0.03934540389972145 0.14021739130434782
2 0.07642757660167131 0.17771739130434783 0.004526462395543176 0.01847826086956522
2 0.054491643454039 0.16195652173913044 0.0031337047353760445 0.013043478260869565
2 0.04979108635097493 0.15869565217391304 0.0020891364902506965 0.013043478260869565