2 0.1970744680851064 0.5916666666666667 0.04734042553191489 0.1
2 0.28882978723404257 0.5087962962962963 0.02553191489361702 0.058333333333333334
2 0.3228723404255319 0.4740740740740741 0.019148936170212766 0.046296296296296294
2 0.35 0.4476851851851852 0.014893617021276596 0.03611111111111111
2 0.3672872340425532 0.43194444444444446 0.013297872340425532 0.030555555555555555
1 0.3776595744680851 0.41203703703703703 0.013829787234042552 0.04259259259259259
1 0.41436170212765955 0.4111111111111111 0.01276595744680851 0.04259259259259259
1 0.4476063829787234 0.4101851851851852 0.013297872340425532 0.044444444444444446
1 0.48138297872340424 0.4101851851851852 0.01276595744680851 0.04259259259259259
1 0.5186170212765957 0.4097222222222222 0.013829787234042552 0.041666666666666664
2 0.5377659574468086 0.42962962962962964 0.01276595744680851 0.02962962962962963
2 0.5521276595744681 0.4444444444444444 0.014893617021276596 0.03518518518518519
2 0.5797872340425532 0.46805555555555556 0.018085106382978722 0.04537037037037037
2 0.6276595744680851 0.5 0.027659574468085105 0.05925925925925926
2 0.7300531914893617 0.575462962962963 0.04627659574468085 0.09166666666666666