0 0.22579787234042553 0.6300925925925925 0.05159574468085106 0.11203703703703703
0 0.3882978723404255 0.4722222222222222 0.018085106382978722 0.04259259259259259
0 0.4122340425531915 0.44814814814814813 0.01276595744680851 0.03333333333333333
0 0.3449468085106383 0.5175925925925926 0.027127659574468086 0.06296296296296296
4 0.8457446808510638 0.6134259259259259 0.05319148936170213 0.10833333333333334
4 0.6962765957446808 0.5097222222222222 0.029787234042553193 0.062037037037037036
4 0.6332446808510638 0.4689814814814815 0.019680851063829788 0.04351851851851852
4 0.5997340425531915 0.4462962962962963 0.013297872340425532 0.03333333333333333
2 0.5795212765957447 0.43287037037037035 0.011170212765957447 0.026851851851851852
1 0.5111702127659574 0.38564814814814813 0.00425531914893617 0.017592592592592594
1 0.4973404255319149 0.3851851851851852 0.005319148936170213 0.018518518518518517
2 0.425531914893617 0.4337962962962963 0.010638297872340425 0.026851851851851852
1 0.48404255319148937 0.3851851851851852 0.00425531914893617 0.016666666666666666
1 0.4125 0.43703703703703706 0.017553191489361703 0.05185185185185185
1 0.5973404255319149 0.4356481481481482 0.018085106382978722 0.05277777777777778
2 0.5654255319148936 0.42453703703703705 0.009574468085106383 0.023148148148148147
2 0.5574468085106383 0.4185185185185185 0.007446808510638298 0.020370370370370372
2 0.5513297872340426 0.4125 0.006914893617021276 0.017592592592592594
2 0.5473404255319149 0.4078703703703704 0.005319148936170213 0.01574074074074074
2 0.5422872340425532 0.40370370370370373 0.005851063829787234 0.014814814814814815
2 0.5388297872340425 0.40046296296296297 0.00425531914893617 0.013888888888888888
2 0.5343085106382979 0.3976851851851852 0.003723404255319149 0.012037037037037037
2 0.5305851063829787 0.3912037037037037 0.0026595744680851063 0.010185185185185186
2 0.5321808510638298 0.39490740740740743 0.0026595744680851063 0.010185185185185186
1 0.526595744680851 0.3861111111111111 0.00425531914893617 0.016666666666666666
2 0.4340425531914894 0.42453703703703705 0.009574468085106383 0.023148148148148147
2 0.4417553191489362 0.41759259259259257 0.007978723404255319 0.020370370370370372
2 0.44840425531914896 0.4111111111111111 0.006382978723404255 0.018518518518518517
2 0.4542553191489362 0.4064814814814815 0.005319148936170213 0.016666666666666666
1 0.46914893617021275 0.3851851851851852 0.00425531914893617 0.016666666666666666
2 0.4675531914893617 0.39166666666666666 0.00425531914893617 0.011111111111111112
2 0.4648936170212766 0.39305555555555555 0.0031914893617021275 0.012037037037037037
2 0.46143617021276595 0.399537037037037 0.003723404255319149 0.013888888888888888
2 0.45797872340425533 0.40185185185185185 0.00425531914893617 0.014814814814814815