0 0.17632978723404255 0.6344594594594595 0.032446808510638296 0.051351351351351354
0 0.13351063829787235 0.5949324324324324 0.02446808510638298 0.03986486486486487
0 0.7654255319148936 0.5493243243243243 0.011702127659574468 0.01756756756756757
0 0.6047872340425532 0.5432432432432432 0.009574468085106383 0.016216216216216217
0 0.46117021276595743 0.5385135135135135 0.00851063829787234 0.014864864864864866
0 0.34867021276595744 0.5344594594594595 0.009042553191489361 0.014864864864864866
0 0.8276595744680851 0.5516891891891892 0.010638297872340425 0.018243243243243244
0 0.16329787234042553 0.5297297297297298 0.00851063829787234 0.014864864864864866
0 0.24867021276595744 0.5317567567567567 0.006914893617021276 0.013513513513513514
0 0.6970744680851064 0.5466216216216216 0.010106382978723405 0.01756756756756757
0 0.8888297872340426 0.552027027027027 0.010638297872340425 0.01756756756756757
4 0.863031914893617 0.7405405405405405 0.07393617021276595 0.0945945945945946
4 0.3204787234042553 0.5361486486486486 0.010106382978723405 0.015540540540540541
4 0.660372340425532 0.6418918918918919 0.03563829787234043 0.051351351351351354
4 0.589095744680851 0.5476351351351352 0.010106382978723405 0.018243243243243244
4 0.33670212765957447 0.5662162162162162 0.02021276595744681 0.02702702702702703
4 0.5026595744680851 0.5942567567567567 0.02553191489361702 0.037162162162162164
4 0.19042553191489361 0.5462837837837838 0.014893617021276596 0.02364864864864865
4 0.4226063829787234 0.5388513513513513 0.009042553191489361 0.01418918918918919
4 0.8561170212765957 0.566554054054054 0.014361702127659574 0.020945945945945947
4 0.22952127659574467 0.5327702702702702 0.006914893617021276 0.012837837837837839
4 0.12367021276595745 0.5337837837837838 0.010106382978723405 0.016216216216216217
4 0.7063829787234043 0.5557432432432432 0.009574468085106383 0.016891891891891893