0 0.16489361702127658 0.5398148148148149 0.03829787234042553 0.08333333333333333
0 0.16063829787234044 0.38333333333333336 0.007446808510638298 0.020370370370370372
0 0.2872340425531915 0.37824074074074077 0.006382978723404255 0.019444444444444445
0 0.3223404255319149 0.34953703703703703 0.00425531914893617 0.008333333333333333
0 0.2502659574468085 0.35 0.0047872340425531915 0.009259259259259259
0 0.37898936170212766 0.46574074074074073 0.021808510638297873 0.05185185185185185
0 0.48696808510638295 0.42592592592592593 0.014361702127659574 0.03518518518518519
0 0.5101063829787233 0.3662037037037037 0.006382978723404255 0.017592592592592594
0 0.6082446808510639 0.36064814814814816 0.006914893617021276 0.017592592592592594
0 0.5928191489361702 0.3990740740740741 0.011170212765957447 0.027777777777777776
0 0.6773936170212767 0.38472222222222224 0.009042553191489361 0.025
0 0.6805851063829788 0.3597222222222222 0.005851063829787234 0.019444444444444445
0 0.698404255319149 0.3453703703703704 0.005319148936170213 0.009259259259259259
0 0.7343085106382978 0.3763888888888889 0.009042553191489361 0.021296296296296296
0 0.7526595744680851 0.36527777777777776 0.006382978723404255 0.017592592592592594
0 0.813031914893617 0.3421296296296296 0.005851063829787234 0.010185185185185186
0 0.9127659574468086 0.3388888888888889 0.007446808510638298 0.011111111111111112
4 0.7851063829787234 0.575 0.05319148936170213 0.10740740740740741
4 0.9114361702127659 0.38472222222222224 0.013297872340425532 0.028703703703703703
4 0.8829787234042553 0.36018518518518516 0.009574468085106383 0.022222222222222223
4 0.8281914893617022 0.40324074074074073 0.014893617021276596 0.03425925925925926
4 0.7180851063829787 0.4689814814814815 0.02553191489361702 0.06018518518518518
4 0.7401595744680851 0.3509259259259259 0.006914893617021276 0.018518518518518517
4 0.4098404255319149 0.3731481481481482 0.006914893617021276 0.018518518518518517
4 0.7263297872340425 0.42916666666666664 0.018617021276595744 0.041666666666666664
4 0.6542553191489362 0.35138888888888886 0.006382978723404255 0.019444444444444445
4 0.4220744680851064 0.36203703703703705 0.007978723404255319 0.016666666666666666
4 0.39787234042553193 0.3449074074074074 0.006382978723404255 0.01574074074074074
4 0.12047872340425532 0.3726851851851852 0.005851063829787234 0.017592592592592594
4 0.2204787234042553 0.3699074074074074 0.006914893617021276 0.019444444444444445
4 0.3178191489361702 0.36666666666666664 0.005851063829787234 0.018518518518518517
4 0.5074468085106383 0.3574074074074074 0.006382978723404255 0.016666666666666666
4 0.576063829787234 0.3541666666666667 0.006382978723404255 0.017592592592592594
4 0.8159574468085107 0.3560185185185185 0.007446808510638298 0.019444444444444445
1 0.08776595744680851 0.4203703703703704 0.026595744680851064 0.025925925925925925
1 0.12287234042553191 0.3662037037037037 0.015957446808510637 0.01574074074074074