0 0.27632978723404256 0.47962962962962963 0.022872340425531913 0.05555555555555555
0 0.19574468085106383 0.39537037037037037 0.01276595744680851 0.027777777777777776
0 0.13803191489361702 0.38333333333333336 0.010106382978723405 0.025925925925925925
0 0.23590425531914894 0.41435185185185186 0.014361702127659574 0.032407407407407406
0 0.08085106382978724 0.3861111111111111 0.00851063829787234 0.020370370370370372
0 0.2632978723404255 0.44212962962962965 0.014893617021276596 0.041666666666666664
0 0.3829787234042553 0.36666666666666664 0.005319148936170213 0.012962962962962963
0 0.275531914893617 0.36342592592592593 0.005319148936170213 0.012037037037037037
0 0.1351063829787234 0.36064814814814816 0.005319148936170213 0.012037037037037037
0 0.8117021276595745 0.39444444444444443 0.01276595744680851 0.027777777777777776
4 0.8143617021276596 0.4263888888888889 0.018085106382978722 0.03796296296296296
4 0.48696808510638295 0.42916666666666664 0.015425531914893617 0.03796296296296296
4 0.5712765957446808 0.4601851851851852 0.02021276595744681 0.04814814814814815
4 0.7297872340425532 0.5444444444444444 0.039361702127659576 0.09074074074074075
4 0.4319148936170213 0.4078703703703704 0.01276595744680851 0.026851851851851852
4 0.3069148936170213 0.3875 0.010638297872340425 0.025
4 0.1797872340425532 0.37592592592592594 0.00851063829787234 0.020370370370370372
4 0.6792553191489362 0.4027777777777778 0.014893617021276596 0.03148148148148148
4 0.37898936170212766 0.3958333333333333 0.010106382978723405 0.025
4 0.413031914893617 0.36944444444444446 0.007978723404255319 0.016666666666666666
4 0.22898936170212766 0.37824074074074077 0.009042553191489361 0.021296296296296296
4 0.5976063829787234 0.3875 0.010106382978723405 0.025
4 0.7361702127659574 0.38472222222222224 0.01276595744680851 0.026851851851851852
4 0.49122340425531913 0.3763888888888889 0.007978723404255319 0.021296296296296296
4 0.5545212765957447 0.3814814814814815 0.009042553191489361 0.020370370370370372
4 0.11063829787234042 0.37546296296296294 0.00851063829787234 0.01574074074074074
4 0.16117021276595744 0.36435185185185187 0.006382978723404255 0.012037037037037037
4 0.45372340425531915 0.36712962962962964 0.007446808510638298 0.017592592592592594
4 0.33297872340425533 0.3675925925925926 0.00425531914893617 0.014814814814814815
4 0.6279255319148936 0.37453703703703706 0.009042553191489361 0.019444444444444445
4 0.26595744680851063 0.3662037037037037 0.006382978723404255 0.012037037037037037
4 0.5449468085106383 0.37175925925925923 0.009042553191489361 0.019444444444444445
4 0.07925531914893617 0.36712962962962964 0.005319148936170213 0.012037037037037037