0 0.682625348189415 0.325 0.005919220055710306 0.02608695652173913
0 0.09557799442896936 0.2467391304347826 0.005919220055710306 0.021739130434782608
4 0.19045961002785516 0.45217391304347826 0.034818941504178275 0.11739130434782609
0 0.5814763231197771 0.3027173913043478 0.006267409470752089 0.025
4 0.05884401114206128 0.24565217391304348 0.00766016713091922 0.02826086956521739
4 0.3786559888579387 0.28043478260869564 0.006615598885793872 0.02826086956521739
0 0.3998955431754875 0.27717391304347827 0.004526462395543176 0.01956521739130435
4 0.8612465181058496 0.3798913043478261 0.014972144846796657 0.042391304347826085
0 0.9143454038997214 0.37771739130434784 0.009052924791086351 0.03369565217391304
0 0.2036908077994429 0.2576086956521739 0.005571030640668524 0.021739130434782608
4 0.6612116991643454 0.3353260869565217 0.008356545961002786 0.03369565217391304
4 0.15268105849582173 0.25380434782608696 0.007311977715877437 0.02717391304347826
0 0.48241643454038996 0.28532608695652173 0.005222841225626741 0.02282608695652174
4 0.7501740947075209 0.35543478260869565 0.009401114206128134 0.03695652173913044
4 0.2741991643454039 0.2657608695652174 0.006615598885793872 0.02717391304347826
0 0.7966573816155988 0.35 0.00766016713091922 0.030434782608695653
4 0.5713788300835655 0.3157608695652174 0.006963788300835654 0.029347826086956522
0 0.31180362116991645 0.2673913043478261 0.005222841225626741 0.021739130434782608
4 0.8114554317548747 0.7902173913043479 0.02541782729805014 0.11521739130434783
4 0.46883704735376047 0.2951086956521739 0.007311977715877437 0.029347826086956522