4 0.8697771587743732 0.3233695652173913 0.020891364902506964 0.075
0 0.5644150417827298 0.40706521739130436 0.02158774373259053 0.09239130434782608
0 0.3330431754874652 0.29347826086956524 0.008704735376044569 0.03695652173913044
4 0.6962047353760445 0.27445652173913043 0.010793871866295265 0.04456521739130435
0 0.201949860724234 0.30869565217391304 0.009052924791086351 0.034782608695652174
4 0.47197075208913647 0.2657608695652174 0.006615598885793872 0.029347826086956522
4 0.116991643454039 0.2875 0.005571030640668524 0.02282608695652174
4 0.32486072423398327 0.27717391304347827 0.006963788300835654 0.02826086956521739
4 0.5915738161559888 0.25815217391304346 0.00766016713091922 0.03369565217391304
0 0.1028899721448468 0.3168478260869565 0.008008356545961003 0.03152173913043478
0 0.34731894150417825 0.7652173913043478 0.030988857938718663 0.1608695652173913
4 0.15233286908077995 0.2907608695652174 0.007311977715877437 0.025
0 0.533600278551532 0.31630434782608696 0.013579387186629526 0.05434782608695652
4 0.21918523676880222 0.28858695652173916 0.006615598885793872 0.02717391304347826
0 0.4662256267409471 0.28369565217391307 0.009749303621169917 0.0391304347826087
4 0.32520891364902504 0.2505434782608696 0.004178272980501393 0.016304347826086956
4 0.14571727019498606 0.2733695652173913 0.004526462395543176 0.016304347826086956
4 0.26479805013927576 0.25815217391304346 0.00383008356545961 0.016304347826086956
0 0.10637186629526463 0.27391304347826084 0.0031337047353760445 0.017391304347826087
4 0.08948467966573816 0.28097826086956523 0.004874651810584958 0.01847826086956522
4 0.1993384401114206 0.266304347826087 0.004526462395543176 0.017391304347826087
4 0.3751740947075209 0.2440217391304348 0.00383008356545961 0.016304347826086956
0 0.17217966573816157 0.26358695652173914 0.00383008356545961 0.01847826086956522
0 0.22823816155988857 0.2576086956521739 0.004526462395543176 0.017391304347826087
0 0.29752785515320335 0.25 0.004526462395543176 0.015217391304347827
0 0.3556754874651811 0.2418478260869565 0.00383008356545961 0.014130434782608696
4 0.4256615598885794 0.23695652173913043 0.004526462395543176 0.017391304347826087
4 0.41852367688022285 0.23532608695652174 0.003481894150417827 0.016304347826086956
0 0.4794568245125348 0.22771739130434782 0.002785515320334262 0.014130434782608696
4 0.4818941504178273 0.23152173913043478 0.003481894150417827 0.017391304347826087
4 0.5349930362116991 0.22554347826086957 0.00383008356545961 0.01847826086956522
4 0.5985376044568245 0.22010869565217392 0.004178272980501393 0.01847826086956522
0 0.6164693593314763 0.2190217391304348 0.0031337047353760445 0.014130434782608696
4 0.6556406685236769 0.21467391304347827 0.004178272980501393 0.016304347826086956
0 0.6895891364902507 0.2125 0.00383008356545961 0.016304347826086956
4 0.7425139275766016 0.20815217391304347 0.004526462395543176 0.01847826086956522
0 0.7745473537604457 0.20652173913043478 0.004526462395543176 0.017391304347826087
0 0.8514972144846796 0.20054347826086957 0.005222841225626741 0.020652173913043477
0 0.932799442896936 0.19456521739130433 0.004874651810584958 0.021739130434782608
4 0.8264275766016713 0.20543478260869566 0.005222841225626741 0.021739130434782608
4 0.9089484679665738 0.20434782608695654 0.005222841225626741 0.02391304347826087