0 0.1873259052924791 0.8112113402061856 0.0988857938718663 0.15764604810996563
0 0.3152855153203343 0.42482817869415807 0.01288300835654596 0.019759450171821305
0 0.2630571030640669 0.5012886597938144 0.014275766016713091 0.023195876288659795
0 0.21622562674094709 0.5279209621993127 0.026462395543175487 0.03436426116838488
0 0.21187325905292478 0.49763745704467355 0.017061281337047353 0.02190721649484536
0 0.13196378830083566 0.48281786941580757 0.012534818941504178 0.01804123711340206
0 0.1391016713091922 0.47186426116838487 0.007311977715877437 0.01245704467353952
0 0.06807103064066852 0.44652061855670105 0.008008356545961003 0.010738831615120275
4 0.4963440111420613 0.6144759450171822 0.04352367688022284 0.06915807560137457
4 0.3579387186629526 0.5511168384879725 0.025069637883008356 0.04209621993127148
4 0.366991643454039 0.5255584192439863 0.019498607242339833 0.0313573883161512
4 0.26880222841225626 0.42826460481099654 0.009052924791086351 0.015463917525773196
4 0.2278899721448468 0.45081615120274915 0.006615598885793872 0.01245704467353952
4 0.2096100278551532 0.5599226804123711 0.031337047353760444 0.048539518900343644
4 0.18697771587743733 0.4690721649484536 0.006963788300835654 0.012027491408934709
4 0.1149025069637883 0.5075171821305842 0.023676880222841225 0.028780068728522335
2 0.4072075208913649 0.5807560137457045 0.044916434540389974 0.037800687285223365
2 0.22440807799442897 0.48668384879725085 0.01149025069637883 0.01718213058419244