0 0.2579787234042553 0.5407407407407407 0.04148936170212766 0.08333333333333333
0 0.3938829787234043 0.4587962962962963 0.019680851063829788 0.04537037037037037
0 0.42606382978723406 0.42592592592592593 0.013829787234042552 0.03333333333333333
0 0.43882978723404253 0.4074074074074074 0.010638297872340425 0.024074074074074074
0 0.3875 0.39675925925925926 0.009042553191489361 0.019444444444444445
0 0.3550531914893617 0.3921296296296296 0.006914893617021276 0.017592592592592594
0 0.34361702127659577 0.38564814814814813 0.005319148936170213 0.01574074074074074
0 0.8763297872340425 0.39861111111111114 0.010106382978723405 0.021296296296296296
0 0.8074468085106383 0.3907407407407407 0.00851063829787234 0.018518518518518517
0 0.7199468085106383 0.3819444444444444 0.006914893617021276 0.013888888888888888
0 0.6598404255319149 0.37777777777777777 0.006914893617021276 0.014814814814814815
0 0.6002659574468086 0.37453703703703706 0.005851063829787234 0.012037037037037037
4 0.45585106382978724 0.3851851851851852 0.007446808510638298 0.016666666666666666
4 0.4640957446808511 0.38287037037037036 0.006914893617021276 0.013888888888888888
4 0.4965425531914894 0.38842592592592595 0.007978723404255319 0.017592592592592594
4 0.5090425531914894 0.38055555555555554 0.006382978723404255 0.014814814814814815
4 0.5601063829787234 0.39490740740740743 0.009574468085106383 0.021296296296296296
4 0.5550531914893617 0.3800925925925926 0.005851063829787234 0.01574074074074074
4 0.5917553191489362 0.3819444444444444 0.006914893617021276 0.01574074074074074
4 0.6268617021276596 0.4046296296296296 0.011170212765957447 0.025925925925925925
4 0.6372340425531915 0.387037037037037 0.007446808510638298 0.016666666666666666
4 0.7914893617021277 0.5467592592592593 0.04468085106382979 0.08796296296296297
4 0.7550531914893617 0.4625 0.023936170212765957 0.049074074074074076
4 0.861436170212766 0.4162037037037037 0.014361702127659574 0.030555555555555555
4 0.7460106382978723 0.4041666666666667 0.011170212765957447 0.025
4 0.6864361702127659 0.42453703703703705 0.015425531914893617 0.032407407407407406
4 0.6843085106382979 0.3939814814814815 0.009042553191489361 0.021296296296296296