4 0.45003481894150416 0.4260869565217391 0.02681058495821727 0.09565217391304348
1 0.3008356545961003 0.3032608695652174 0.019498607242339833 0.09347826086956522
1 0.28325208913649025 0.29184782608695653 0.015668523676880222 0.08369565217391305
4 0.2889972144846797 0.3135869565217391 0.013231197771587743 0.05543478260869565
2 0.22301532033426183 0.26793478260869563 0.0100974930362117 0.04021739130434782
2 0.1875 0.24239130434782608 0.008008356545961003 0.030434782608695653
2 0.16260445682451252 0.22554347826086957 0.005571030640668524 0.025
2 0.14658774373259054 0.2141304347826087 0.005571030640668524 0.021739130434782608
2 0.11786211699164345 0.1934782608695652 0.00383008356545961 0.015217391304347827
2 0.11176880222841226 0.1891304347826087 0.003481894150417827 0.015217391304347827
2 0.10741643454038997 0.1858695652173913 0.0031337047353760445 0.013043478260869565
2 0.13370473537604458 0.20543478260869566 0.004178272980501393 0.01956521739130435
2 0.125 0.19891304347826086 0.004178272980501393 0.017391304347826087
2 0.09975626740947076 0.18097826086956523 0.0031337047353760445 0.011956521739130435
2 0.1028899721448468 0.18369565217391304 0.0031337047353760445 0.010869565217391304
2 0.09714484679665739 0.1782608695652174 0.0020891364902506965 0.010869565217391304
2 0.09418523676880222 0.17717391304347826 0.002437325905292479 0.010869565217391304
2 0.09192200557103064 0.175 0.0020891364902506965 0.010869565217391304