0 0.7931754874651811 0.31032608695652175 0.013231197771587743 0.05543478260869565
0 0.7031685236768802 0.4032608695652174 0.024721448467966575 0.09347826086956522
0 0.8523676880222841 0.24728260869565216 0.00766016713091922 0.029347826086956522
2 0.45247214484679665 0.3641304347826087 0.019846796657381614 0.06521739130434782
0 0.8668175487465181 0.23369565217391305 0.005919220055710306 0.02391304347826087
0 0.8760445682451253 0.2233695652173913 0.004874651810584958 0.020652173913043477
0 0.8887534818941504 0.2108695652173913 0.00383008356545961 0.015217391304347827
0 0.8932799442896936 0.2076086956521739 0.0031337047353760445 0.015217391304347827
0 0.8319986072423399 0.26902173913043476 0.009401114206128134 0.03804347826086957
2 0.70508356545961 0.2684782608695652 0.009052924791086351 0.03695652173913044
0 0.28725626740947074 0.7652173913043478 0.032729805013927575 0.1565217391304348
0 0.8969359331476323 0.20326086956521738 0.002785515320334262 0.013043478260869565
0 0.8837047353760445 0.21684782608695652 0.004178272980501393 0.01847826086956522
0 0.8997214484679665 0.20108695652173914 0.0020891364902506965 0.010869565217391304
1 0.9021587743732591 0.19456521739130433 0.003481894150417827 0.01956521739130435