0 0.18610724233983286 0.5304982817869416 0.014275766016713091 0.022336769759450172
0 0.19759749303621169 0.5186855670103093 0.010793871866295265 0.01675257731958763
0 0.26114206128133705 0.5567010309278351 0.0201949860724234 0.03178694158075601
0 0.28342618384401114 0.5131013745704467 0.009052924791086351 0.01331615120274914
0 0.366991643454039 0.5115979381443299 0.00766016713091922 0.012027491408934709
0 0.4415041782729805 0.5139604810996563 0.008356545961002786 0.011597938144329897
0 0.5107938718662952 0.5169673539518901 0.008356545961002786 0.011597938144329897
0 0.5957520891364902 0.5201890034364262 0.008356545961002786 0.01288659793814433
0 0.5670264623955432 0.6058848797250859 0.03586350974930362 0.05197594501718213
0 0.8004874651810585 0.5551975945017182 0.018105849582172703 0.027061855670103094
0 0.9183495821727019 0.6101804123711341 0.03516713091922006 0.05197594501718213
0 0.9310584958217271 0.538659793814433 0.013231197771587743 0.018900343642611683
4 0.10184540389972145 0.592139175257732 0.03725626740947075 0.05025773195876289
4 0.4072075208913649 0.5423109965635738 0.017757660167130918 0.027061855670103094
4 0.663474930362117 0.5410223367697594 0.015668523676880222 0.02276632302405498
4 0.8605501392757661 0.5423109965635738 0.015668523676880222 0.02190721649484536
2 0.21187325905292478 0.6215635738831615 0.04073816155988858 0.061855670103092786
2 0.40059192200557103 0.5519759450171822 0.01915041782729805 0.029209621993127148
2 0.5118384401114207 0.538659793814433 0.014623955431754874 0.022336769759450172