0 0.07155292479108635 0.24456521739130435 0.010793871866295265 0.041304347826086954
0 0.4763231197771588 0.26467391304347826 0.004874651810584958 0.02282608695652174
0 0.7228412256267409 0.30380434782608695 0.005571030640668524 0.02282608695652174
0 0.16678272980501394 0.24130434782608695 0.008356545961002786 0.03260869565217391
0 0.9392409470752089 0.3483695652173913 0.006615598885793872 0.025
0 0.40268105849582175 0.2559782608695652 0.005919220055710306 0.02282608695652174
4 0.2513927576601671 0.38369565217391305 0.022284122562674095 0.08478260869565217
4 0.23642061281337048 0.3 0.014623955431754874 0.05217391304347826
0 0.6344011142061281 0.2875 0.004874651810584958 0.020652173913043477
4 0.8400069637883009 0.34130434782608693 0.008008356545961003 0.030434782608695653
0 0.296483286908078 0.2467391304347826 0.006615598885793872 0.02826086956521739
0 0.8276462395543176 0.325 0.006267409470752089 0.02391304347826087
4 0.435933147632312 0.6451086956521739 0.054317548746518104 0.19456521739130433
4 0.4260097493036212 0.27065217391304347 0.007311977715877437 0.030434782608695653
4 0.6962047353760445 0.3125 0.007311977715877437 0.029347826086956522
4 0.5534470752089137 0.28695652173913044 0.006615598885793872 0.02826086956521739
4 0.31319637883008355 0.27065217391304347 0.008704735376044569 0.03695652173913044
4 0.33025766016713093 0.21630434782608696 0.002437325905292479 0.010869565217391304
4 0.27698467966573814 0.21521739130434783 0.0017409470752089136 0.008695652173913044
4 0.5933147632311978 0.2451086956521739 0.0020891364902506965 0.009782608695652175
4 0.3770891364902507 0.22119565217391304 0.0020891364902506965 0.009782608695652175
4 0.7794220055710307 0.25271739130434784 0.0017409470752089136 0.007608695652173913
4 0.5482242339832869 0.2451086956521739 0.002437325905292479 0.009782608695652175
4 0.2698467966573816 0.20923913043478262 0.0020891364902506965 0.009782608695652175
4 0.29717966573816157 0.21304347826086956 0.002437325905292479 0.008695652173913044
4 0.36525069637883006 0.20923913043478262 0.001392757660167131 0.007608695652173913
4 0.32625348189415043 0.2141304347826087 0.0020891364902506965 0.008695652173913044
4 0.358983286908078 0.2157608695652174 0.0020891364902506965 0.009782608695652175
4 0.596274373259053 0.23695652173913043 0.0017409470752089136 0.008695652173913044
0 0.533600278551532 0.23206521739130434 0.0017409470752089136 0.007608695652173913
4 0.5412604456824512 0.23423913043478262 0.0017409470752089136 0.007608695652173913
0 0.5539693593314763 0.27445652173913043 0.005571030640668524 0.025
4 0.5680710306406686 0.23532608695652174 0.0017409470752089136 0.009782608695652175
0 0.35393454038997213 0.21032608695652175 0.0010445682451253482 0.005434782608695652
4 0.30936629526462395 0.2016304347826087 0.0010445682451253482 0.005434782608695652
4 0.06493732590529248 0.17880434782608695 0.002437325905292479 0.009782608695652175