0 0.6319637883008357 0.3239130434782609 0.010445682451253482 0.04565217391304348
0 0.4961699164345404 0.33858695652173915 0.013927576601671309 0.057608695652173914
4 0.7644498607242339 0.36684782608695654 0.013579387186629526 0.05543478260869565
0 0.7764623955431755 0.3293478260869565 0.009749303621169917 0.0391304347826087
0 0.354108635097493 0.3918478260869565 0.02158774373259053 0.08804347826086957
0 0.9401114206128134 0.35054347826086957 0.011838440111420613 0.03804347826086957
2 0.08199860724233983 0.27608695652173915 0.013579387186629526 0.05
4 0.650766016713092 0.4668478260869565 0.02576601671309192 0.10543478260869565
2 0.14449860724233984 0.22934782608695653 0.006267409470752089 0.02826086956521739
2 0.09958217270194986 0.2451086956521739 0.009052924791086351 0.035869565217391305
2 0.17983983286908078 0.2298913043478261 0.006615598885793872 0.02717391304347826
4 0.6847144846796658 0.3923913043478261 0.021239554317548745 0.07173913043478261
2 0.2513927576601671 0.2782608695652174 0.011142061281337047 0.043478260869565216
2 0.30518802228412256 0.33804347826086956 0.018454038997214484 0.06956521739130435
2 0.22458217270194986 0.24891304347826088 0.00766016713091922 0.03260869565217391
2 0.10985376044568246 0.2266304347826087 0.006615598885793872 0.029347826086956522
2 0.20839136490250695 0.23152173913043478 0.005919220055710306 0.02826086956521739
4 0.8744777158774373 0.3684782608695652 0.01288300835654596 0.04782608695652174
4 0.7891713091922006 0.7369565217391304 0.06580779944289694 0.21956521739130436
3 0.20839136490250695 0.21793478260869564 0.002437325905292479 0.016304347826086956
3 0.21518105849582173 0.22717391304347825 0.002785515320334262 0.021739130434782608
3 0.25940111420612816 0.22282608695652173 0.003481894150417827 0.01956521739130435
3 0.29874651810584957 0.21793478260869564 0.002785515320334262 0.014130434782608696
3 0.32607938718662954 0.22391304347826088 0.0031337047353760445 0.017391304347826087
3 0.3983286908077994 0.22391304347826088 0.002785515320334262 0.015217391304347827
3 0.40581476323119775 0.22934782608695653 0.0031337047353760445 0.015217391304347827
3 0.48624651810584957 0.23858695652173914 0.0017409470752089136 0.014130434782608696
3 0.4987813370473538 0.2358695652173913 0.0017409470752089136 0.015217391304347827
3 0.5638927576601671 0.24945652173913044 0.002437325905292479 0.016304347826086956
3 0.6305710306406686 0.26304347826086955 0.002785515320334262 0.01956521739130435
3 0.7085654596100278 0.28097826086956523 0.003481894150417827 0.020652173913043477
3 0.746866295264624 0.2826086956521739 0.003481894150417827 0.017391304347826087
3 0.674616991643454 0.266304347826087 0.002437325905292479 0.017391304347826087
3 0.5980153203342619 0.2510869565217391 0.002437325905292479 0.015217391304347827
3 0.13561977715877438 0.21956521739130436 0.00383008356545961 0.021739130434782608