0 0.20873955431754876 0.5687285223367697 0.04352367688022284 0.05326460481099656
0 0.23346100278551532 0.5167525773195877 0.021239554317548745 0.029209621993127148
0 0.16086350974930363 0.5122422680412371 0.02298050139275766 0.028780068728522335
0 0.2931754874651811 0.4177405498281787 0.016016713091922007 0.024484536082474227
4 0.8931058495821727 0.7562285223367697 0.10236768802228412 0.13445017182130584
4 0.4580431754874652 0.6065292096219931 0.042827298050139274 0.06443298969072164
4 0.4037256267409471 0.5521907216494846 0.024721448467966575 0.040807560137457045
4 0.25452646239554316 0.6492697594501718 0.05501392757660167 0.08891752577319588
4 0.21848885793871867 0.42332474226804123 0.01149025069637883 0.018470790378006873
4 0.155466573816156 0.45081615120274915 0.008704735376044569 0.014175257731958763
4 0.10254178272980502 0.4722938144329897 0.009401114206128134 0.01331615120274914
2 0.6027158774373259 0.6722508591065293 0.06685236768802229 0.06786941580756013
2 0.1673050139275766 0.4954896907216495 0.010793871866295265 0.02104810996563574