0 0.8783077994428969 0.3407608695652174 0.026114206128133706 0.08369565217391305
0 0.6664345403899722 0.4771739130434783 0.04178272980501393 0.14782608695652175
4 0.3229456824512535 0.1701086956521739 0.002437325905292479 0.011956521739130435
0 0.43697771587743733 0.17228260869565218 0.004874651810584958 0.02282608695652174
0 0.27942200557103064 0.1793478260869565 0.005222841225626741 0.021739130434782608
0 0.21500696378830084 0.17771739130434783 0.002437325905292479 0.011956521739130435
0 0.26236072423398327 0.17445652173913043 0.002437325905292479 0.011956521739130435
0 0.23659470752089137 0.17771739130434783 0.004526462395543176 0.01847826086956522
0 0.3424442896935933 0.17771739130434783 0.005919220055710306 0.02282608695652174
4 0.30936629526462395 0.16902173913043478 0.0031337047353760445 0.016304347826086956
4 0.3629874651810585 0.16521739130434782 0.0031337047353760445 0.010869565217391304
0 0.522458217270195 0.16630434782608697 0.004526462395543176 0.01956521739130435
4 0.4052924791086351 0.16467391304347825 0.003481894150417827 0.016304347826086956
4 0.46918523676880225 0.16141304347826088 0.004526462395543176 0.01847826086956522
4 0.45647632311977715 0.1565217391304348 0.003481894150417827 0.008695652173913044
0 0.578516713091922 0.15978260869565217 0.004526462395543176 0.015217391304347827
0 0.33791782729805014 0.16141304347826088 0.002437325905292479 0.011956521739130435
0 0.23224233983286907 0.17717391304347826 0.002785515320334262 0.010869565217391304
0 0.3889275766016713 0.15706521739130436 0.0020891364902506965 0.009782608695652175
4 0.2883008356545961 0.17228260869565218 0.003481894150417827 0.014130434782608696
0 0.2978760445682451 0.16793478260869565 0.002437325905292479 0.011956521739130435
4 0.34731894150417825 0.16521739130434782 0.004526462395543176 0.017391304347826087
4 0.2957869080779944 0.17228260869565218 0.002437325905292479 0.011956521739130435
0 0.4415041782729805 0.15543478260869564 0.002785515320334262 0.006521739130434782
0 0.21709610027855153 0.17608695652173914 0.002437325905292479 0.015217391304347827
4 0.5245473537604457 0.15815217391304348 0.0031337047353760445 0.011956521739130435
0 0.6340529247910863 0.15706521739130436 0.003481894150417827 0.009782608695652175