4 0.512883008356546 0.5445652173913044 0.033426183844011144 0.1391304347826087
4 0.49512534818941506 0.42228260869565215 0.018802228412256268 0.08804347826086957
4 0.546483286908078 0.3798913043478261 0.014275766016713091 0.0641304347826087
4 0.6124651810584958 0.3701086956521739 0.011838440111420613 0.05543478260869565
4 0.7176183844011143 0.3701086956521739 0.011142061281337047 0.04456521739130435
4 0.748433147632312 0.36086956521739133 0.0100974930362117 0.0391304347826087
4 0.73241643454039 0.34293478260869564 0.008008356545961003 0.03369565217391304
4 0.713266016713092 0.3293478260869565 0.007311977715877437 0.030434782608695653
4 0.6908077994428969 0.3179347826086957 0.006267409470752089 0.02717391304347826
4 0.6601671309192201 0.30543478260869567 0.005571030640668524 0.02391304347826087
4 0.629700557103064 0.2956521739130435 0.005222841225626741 0.021739130434782608
4 0.5973189415041783 0.28532608695652173 0.004526462395543176 0.020652173913043477
4 0.5739902506963789 0.2782608695652174 0.004526462395543176 0.01956521739130435
4 0.5463091922005571 0.27065217391304347 0.004178272980501393 0.017391304347826087
4 0.5290738161559888 0.25706521739130433 0.002437325905292479 0.014130434782608696
4 0.5090529247910863 0.26032608695652176 0.0020891364902506965 0.016304347826086956
4 0.5060933147632312 0.2543478260869565 0.0031337047353760445 0.015217391304347827
4 0.49547353760445684 0.2548913043478261 0.002785515320334262 0.016304347826086956
4 0.7289345403899722 0.29782608695652174 0.0031337047353760445 0.015217391304347827
4 0.6810584958217271 0.2875 0.003481894150417827 0.014130434782608696
4 0.7896935933147632 0.3114130434782609 0.003481894150417827 0.016304347826086956
4 0.833217270194986 0.3222826086956522 0.004178272980501393 0.016304347826086956
4 0.8767409470752089 0.3309782608695652 0.004178272980501393 0.016304347826086956
4 0.9235724233983287 0.3391304347826087 0.00383008356545961 0.015217391304347827
0 0.17670612813370473 0.34891304347826085 0.019846796657381614 0.07391304347826087
0 0.33965877437325903 0.3173913043478261 0.01288300835654596 0.05217391304347826
0 0.4838091922005571 0.3168478260869565 0.009401114206128134 0.042391304347826085
0 0.5579735376044568 0.32119565217391305 0.008704735376044569 0.035869565217391305
0 0.5839136490250696 0.32065217391304346 0.00766016713091922 0.030434782608695653
0 0.5971448467966574 0.3135869565217391 0.006963788300835654 0.03152173913043478
0 0.5927924791086351 0.30543478260869567 0.005222841225626741 0.02608695652173913
0 0.584958217270195 0.29836956521739133 0.005571030640668524 0.02717391304347826
0 0.5682451253481894 0.2896739130434783 0.005571030640668524 0.025
0 0.5504874651810585 0.2831521739130435 0.004874651810584958 0.02282608695652174
0 0.5276810584958217 0.27608695652173915 0.004526462395543176 0.021739130434782608
0 0.5078342618384402 0.27065217391304347 0.00383008356545961 0.017391304347826087
0 0.4829387186629526 0.26304347826086955 0.004178272980501393 0.01956521739130435
0 0.44707520891364905 0.25217391304347825 0.002785515320334262 0.015217391304347827
0 0.42914345403899723 0.24456521739130435 0.0031337047353760445 0.015217391304347827
0 0.43680362116991645 0.2418478260869565 0.0031337047353760445 0.014130434782608696
0 0.4623955431754875 0.24456521739130435 0.002785515320334262 0.013043478260869565
0 0.5581476323119777 0.2619565217391304 0.002785515320334262 0.013043478260869565
0 0.5452646239554317 0.25706521739130433 0.002785515320334262 0.014130434782608696
0 0.5 0.25 0.002785515320334262 0.013043478260869565
0 0.6897632311977716 0.28695652173913044 0.004178272980501393 0.015217391304347827
1 0.7358983286908078 0.296195652173913 0.002437325905292479 0.014130434782608696
1 0.7235376044568245 0.2940217391304348 0.004178272980501393 0.020652173913043477
1 0.7336350974930362 0.2956521739130435 0.002785515320334262 0.021739130434782608
1 0.7397284122562674 0.2951086956521739 0.0031337047353760445 0.020652173913043477
1 0.7313718662952646 0.29239130434782606 0.002437325905292479 0.01956521739130435
0 0.8208565459610028 0.31630434782608696 0.0031337047353760445 0.015217391304347827
0 0.8487116991643454 0.3217391304347826 0.00383008356545961 0.015217391304347827
0 0.8911908077994429 0.3293478260869565 0.0031337047353760445 0.015217391304347827
0 0.9002437325905293 0.32717391304347826 0.0031337047353760445 0.013043478260869565
0 0.9042479108635098 0.33043478260869563 0.002785515320334262 0.013043478260869565
0 0.9084261838440112 0.3309782608695652 0.002785515320334262 0.014130434782608696
0 0.935933147632312 0.33152173913043476 0.002785515320334262 0.013043478260869565
0 0.6427576601671309 0.27717391304347827 0.002785515320334262 0.013043478260869565
4 0.6303969359331476 0.2766304347826087 0.0031337047353760445 0.014130434782608696
4 0.5870473537604457 0.26793478260869563 0.002785515320334262 0.014130434782608696
0 0.5947075208913649 0.2668478260869565 0.002785515320334262 0.011956521739130435