4 0.5719011142061281 0.36793478260869567 0.014972144846796657 0.059782608695652176
0 0.7097841225626741 0.33858695652173915 0.009401114206128134 0.035869565217391305
0 0.8568941504178273 0.36467391304347824 0.009749303621169917 0.035869565217391305
0 0.5776462395543176 0.3233695652173913 0.00766016713091922 0.03804347826086957
4 0.4505571030640669 0.5266304347826087 0.03690807799442897 0.14021739130434782
4 0.7769846796657381 0.3717391304347826 0.012186629526462395 0.04565217391304348
4 0.4869428969359331 0.4048913043478261 0.021239554317548745 0.08369565217391305
4 0.6704387186629527 0.36195652173913045 0.013579387186629526 0.05
0 0.43645543175487467 0.3217391304347826 0.012186629526462395 0.04782608695652174
0 0.2705431754874652 0.3472826086956522 0.018802228412256268 0.07065217391304347
4 0.9032033426183844 0.39402173913043476 0.012534818941504178 0.04456521739130435
3 0.8699512534818942 0.3407608695652174 0.005919220055710306 0.020652173913043477
3 0.09575208913649025 0.23043478260869565 0.006267409470752089 0.02826086956521739