0 0.5013927576601671 0.5616408934707904 0.020891364902506964 0.029639175257731958
0 0.4608286908077994 0.5378006872852233 0.014275766016713091 0.018900343642611683
0 0.4616991643454039 0.5195446735395189 0.00766016713091922 0.011597938144329897
0 0.4491643454038997 0.5083762886597938 0.004178272980501393 0.007302405498281787
0 0.407033426183844 0.5313573883161512 0.009749303621169917 0.01632302405498282
0 0.34435933147632314 0.5794673539518901 0.026462395543175487 0.03608247422680412
0 0.23450557103064068 0.5706615120274914 0.023328690807799445 0.0313573883161512
0 0.14049442896935932 0.5360824742268041 0.01149025069637883 0.015463917525773196
0 0.12604456824512536 0.6520618556701031 0.05153203342618384 0.06786941580756013
0 0.2745473537604457 0.5427405498281787 0.013579387186629526 0.020189003436426118
0 0.3010097493036212 0.5246993127147767 0.007311977715877437 0.011597938144329897
0 0.29717966573816157 0.5195446735395189 0.005919220055710306 0.009879725085910653
0 0.3151114206128134 0.5150343642611683 0.005571030640668524 0.00859106529209622
0 0.3452298050139276 0.5118127147766323 0.005222841225626741 0.00816151202749141
0 0.35341225626740946 0.5259879725085911 0.008356545961002786 0.01331615120274914
0 0.40215877437325903 0.5096649484536082 0.004178272980501393 0.007302405498281787
0 0.4845055710306407 0.5085910652920962 0.00383008356545961 0.006872852233676976
0 0.5120125348189415 0.509020618556701 0.005222841225626741 0.007731958762886598
0 0.5402158774373259 0.5096649484536082 0.005919220055710306 0.00902061855670103
0 0.6211699164345403 0.5150343642611683 0.00766016713091922 0.011168384879725086
0 0.6175139275766016 0.5268470790378007 0.01149025069637883 0.015893470790378006
0 0.6277855153203342 0.5367268041237113 0.01532033426183844 0.020189003436426118
0 0.7141364902506964 0.5186855670103093 0.009052924791086351 0.01331615120274914
4 0.46709610027855153 0.5167525773195877 0.007311977715877437 0.011168384879725086
4 0.25330779944289694 0.6252147766323024 0.041434540389972144 0.05627147766323024
4 0.2421657381615599 0.5528350515463918 0.017757660167130918 0.024054982817869417
4 0.23450557103064068 0.522766323024055 0.008008356545961003 0.011168384879725086
4 0.1432799442896936 0.5302835051546392 0.009401114206128134 0.01331615120274914
4 0.1366643454038997 0.6103951890034365 0.04073816155988858 0.04982817869415808
4 0.3588091922005571 0.5165378006872853 0.007311977715877437 0.009879725085910653
4 0.3722144846796657 0.5264175257731959 0.009749303621169917 0.014175257731958763
4 0.5487465181058496 0.5161082474226805 0.00766016713091922 0.011597938144329897
4 0.5866991643454039 0.5180412371134021 0.009052924791086351 0.01288659793814433
4 0.7085654596100278 0.5547680412371134 0.020891364902506964 0.0313573883161512
4 0.8149373259052924 0.5292096219931272 0.014275766016713091 0.020618556701030927
2 0.5177576601671309 0.657860824742268 0.04805013927576602 0.07173539518900343
2 0.5360376044568245 0.594286941580756 0.028203342618384402 0.04338487972508591
2 0.49495125348189417 0.555627147766323 0.01915041782729805 0.027061855670103094
2 0.4712743732590529 0.5292096219931272 0.0100974930362117 0.01632302405498282
2 0.44063370473537605 0.5236254295532646 0.008008356545961003 0.013745704467353952
2 0.41051532033426186 0.5161082474226805 0.005571030640668524 0.009879725085910653
2 0.3727367688022284 0.5451030927835051 0.014972144846796657 0.020618556701030927
2 0.21309192200557103 0.5335051546391752 0.010445682451253482 0.015463917525773196
2 0.23502785515320335 0.5251288659793815 0.00766016713091922 0.011597938144329897
2 0.09766713091922005 0.5489690721649485 0.015668523676880222 0.019759450171821305
2 0.10410863509749303 0.5749570446735395 0.027158774373259052 0.0313573883161512
2 0.3384401114206128 0.5184707903780069 0.006963788300835654 0.010309278350515464