0 0.7345055710306406 0.43043478260869567 0.02402506963788301 0.10434782608695652
0 0.9428969359331476 0.36684782608695654 0.016713091922005572 0.07717391304347826
4 0.7801183844011143 0.20597826086956522 0.002437325905292479 0.009782608695652175
0 0.2298050139275766 0.23369565217391305 0.002785515320334262 0.015217391304347827
4 0.7529596100278552 0.20543478260869566 0.0017409470752089136 0.010869565217391304
4 0.1530292479108635 0.23152173913043478 0.0031337047353760445 0.013043478260869565
0 0.19237465181058497 0.25380434782608696 0.00383008356545961 0.016304347826086956
4 0.10010445682451254 0.25380434782608696 0.004526462395543176 0.014130434782608696
4 0.1352715877437326 0.225 0.0031337047353760445 0.013043478260869565
0 0.195508356545961 0.22228260869565217 0.0031337047353760445 0.011956521739130435
0 0.2155292479108635 0.24347826086956523 0.003481894150417827 0.013043478260869565
4 0.08373955431754875 0.22554347826086957 0.002437325905292479 0.009782608695652175
0 0.10724233983286909 0.21793478260869564 0.002785515320334262 0.009782608695652175
4 0.6108983286908078 0.2048913043478261 0.0017409470752089136 0.009782608695652175
4 0.7489554317548747 0.21195652173913043 0.0020891364902506965 0.010869565217391304
4 0.6937674094707521 0.21304347826086956 0.002437325905292479 0.010869565217391304
0 0.15233286908077995 0.26793478260869563 0.005222841225626741 0.020652173913043477
0 0.6627785515320335 0.20434782608695654 0.0017409470752089136 0.008695652173913044
0 0.7745473537604457 0.2048913043478261 0.002437325905292479 0.009782608695652175
0 0.22231894150417827 0.22826086956521738 0.0031337047353760445 0.015217391304347827
0 0.14989554317548748 0.2190217391304348 0.0031337047353760445 0.011956521739130435
0 0.09627437325905293 0.2842391304347826 0.005222841225626741 0.02282608695652174
4 0.5933147632311978 0.21141304347826087 0.0020891364902506965 0.009782608695652175
0 0.28116295264623953 0.6706521739130434 0.05466573816155989 0.2108695652173913
4 0.13561977715877438 0.24239130434782608 0.00383008356545961 0.015217391304347827
0 0.834958217270195 0.20217391304347826 0.0020891364902506965 0.008695652173913044
4 0.7266713091922006 0.20652173913043478 0.0020891364902506965 0.008695652173913044
0 0.21204735376044567 0.22391304347826088 0.002785515320334262 0.010869565217391304
4 0.6786211699164345 0.1934782608695652 0.001392757660167131 0.006521739130434782
4 0.40964484679665736 0.2 0.0017409470752089136 0.008695652173913044
4 0.6561629526462396 0.20706521739130435 0.0017409470752089136 0.007608695652173913
4 0.6382311977715878 0.21630434782608696 0.0020891364902506965 0.010869565217391304
4 0.7634052924791086 0.19510869565217392 0.0017409470752089136 0.007608695652173913
0 0.06354456824512535 0.2190217391304348 0.002437325905292479 0.011956521739130435
4 0.6956824512534819 0.2076086956521739 0.0020891364902506965 0.008695652173913044
0 0.6486768802228412 0.19782608695652174 0.001392757660167131 0.006521739130434782
0 0.783600278551532 0.19782608695652174 0.0017409470752089136 0.008695652173913044
0 0.7686281337047354 0.19891304347826086 0.0017409470752089136 0.006521739130434782
0 0.623433147632312 0.19782608695652174 0.0017409470752089136 0.006521739130434782
4 0.7903899721448467 0.19510869565217392 0.0020891364902506965 0.007608695652173913
4 0.43680362116991645 0.20326086956521738 0.0017409470752089136 0.008695652173913044
0 0.7947423398328691 0.20054347826086957 0.0017409470752089136 0.007608695652173913
0 0.6397980501392758 0.20380434782608695 0.0017409470752089136 0.007608695652173913
0 0.7477367688022284 0.19728260869565217 0.0017409470752089136 0.007608695652173913
4 0.7597493036211699 0.18967391304347825 0.001392757660167131 0.005434782608695652
4 0.6314415041782729 0.19456521739130433 0.0010445682451253482 0.006521739130434782
4 0.612291086350975 0.19402173913043477 0.0010445682451253482 0.007608695652173913
0 0.6996866295264624 0.20706521739130435 0.0017409470752089136 0.009782608695652175
2 0.6530292479108635 0.21630434782608696 0.002437325905292479 0.008695652173913044
1 0.8135445682451253 0.1983695652173913 0.0017409470752089136 0.014130434782608696
4 0.6720055710306406 0.1907608695652174 0.001392757660167131 0.007608695652173913
0 0.8055362116991643 0.20217391304347826 0.0017409470752089136 0.006521739130434782
4 0.8095403899721448 0.2048913043478261 0.0020891364902506965 0.009782608695652175
4 0.8154596100278552 0.20815217391304347 0.0020891364902506965 0.009782608695652175
0 0.7207520891364902 0.19728260869565217 0.001392757660167131 0.007608695652173913
4 0.7277158774373259 0.19510869565217392 0.001392757660167131 0.005434782608695652
4 0.8260793871866295 0.1983695652173913 0.0017409470752089136 0.007608695652173913
4 0.5948816155988857 0.19184782608695652 0.0010445682451253482 0.005434782608695652
2 0.716399721448468 0.20652173913043478 0.002437325905292479 0.008695652173913044
2 0.6001044568245125 0.19891304347826086 0.0010445682451253482 0.006521739130434782
4 0.6982938718662952 0.19402173913043477 0.0017409470752089136 0.005434782608695652
4 0.7271935933147632 0.18967391304347825 0.0017409470752089136 0.007608695652173913
4 0.4479456824512535 0.19619565217391305 0.0017409470752089136 0.007608695652173913
1 0.8121518105849582 0.1983695652173913 0.0017409470752089136 0.014130434782608696
0 0.5988857938718662 0.19510869565217392 0.001392757660167131 0.007608695652173913