0 0.233983286908078 0.5313573883161512 0.01532033426183844 0.023195876288659795
0 0.5393454038997214 0.5212628865979382 0.012534818941504178 0.01675257731958763
0 0.6288300835654597 0.5330756013745704 0.014623955431754874 0.02147766323024055
0 0.685933147632312 0.6273625429553265 0.04456824512534819 0.06142611683848797
0 0.8086699164345403 0.5536941580756014 0.019846796657381614 0.027491408934707903
0 0.8645543175487466 0.5981529209621993 0.032729805013927575 0.0468213058419244
4 0.32085654596100277 0.5949312714776632 0.03864902506963788 0.05412371134020619
4 0.3199860724233983 0.5459621993127147 0.02158774373259053 0.03006872852233677
4 0.3849233983286908 0.5249140893470791 0.01288300835654596 0.020618556701030927
4 0.4354108635097493 0.5163230240549829 0.010793871866295265 0.01632302405498282
4 0.6394498607242339 0.5193298969072165 0.010793871866295265 0.01632302405498282
4 0.7336350974930362 0.5324312714776632 0.013231197771587743 0.020189003436426118
4 0.7914345403899722 0.5612113402061856 0.022284122562674095 0.03221649484536082
4 0.9115598885793872 0.5687285223367697 0.023676880222841225 0.0352233676975945
2 0.5511838440111421 0.531786941580756 0.013927576601671309 0.02147766323024055
2 0.6023676880222841 0.5171821305841925 0.009052924791086351 0.014604810996563574
2 0.6256963788300836 0.5723797250859106 0.023676880222841225 0.037371134020618556
2 0.6364902506963789 0.5500429553264605 0.0201949860724234 0.028780068728522335
2 0.7188370473537604 0.6595790378006873 0.05257660167130919 0.07860824742268041
2 0.7635793871866295 0.5369415807560137 0.013231197771587743 0.02147766323024055