0 0.411968085106383 0.45694444444444443 0.01648936170212766 0.03796296296296296
0 0.3103723404255319 0.5671296296296297 0.03776595744680851 0.08611111111111111
0 0.3800531914893617 0.4935185185185185 0.023936170212765957 0.053703703703703705
0 0.42872340425531913 0.4361111111111111 0.01276595744680851 0.03148148148148148
0 0.44148936170212766 0.42453703703703705 0.010638297872340425 0.025
0 0.451063829787234 0.4162037037037037 0.00851063829787234 0.021296296296296296
0 0.45691489361702126 0.4101851851851852 0.007446808510638298 0.018518518518518517
0 0.46170212765957447 0.4046296296296296 0.006382978723404255 0.016666666666666666
4 0.6781914893617021 0.4912037037037037 0.02446808510638298 0.05462962962962963
4 0.7848404255319149 0.5615740740740741 0.040957446808510635 0.08611111111111111
4 0.6297872340425532 0.45601851851851855 0.01702127659574468 0.03981481481481482
4 0.5816489361702127 0.42453703703703705 0.011170212765957447 0.026851851851851852
4 0.6013297872340425 0.43703703703703706 0.013297872340425532 0.03148148148148148
4 0.5704787234042553 0.4162037037037037 0.009042553191489361 0.023148148148148147
4 0.5614361702127659 0.41064814814814815 0.007978723404255319 0.019444444444444445
4 0.5545212765957447 0.4064814814814815 0.006914893617021276 0.016666666666666666
1 0.4949468085106383 0.37824074074074077 0.003723404255319149 0.013888888888888888
1 0.5050531914893617 0.37824074074074077 0.003723404255319149 0.013888888888888888
1 0.5154255319148936 0.37916666666666665 0.0031914893617021275 0.013888888888888888
1 0.5268617021276596 0.37916666666666665 0.003723404255319149 0.013888888888888888
1 0.4622340425531915 0.3990740740740741 0.007446808510638298 0.024074074074074074
1 0.5534574468085106 0.4 0.007978723404255319 0.025925925925925925