0 0.5334261838440112 0.3244565217391304 0.009052924791086351 0.04021739130434782
4 0.6317896935933147 0.39456521739130435 0.015668523676880222 0.06304347826086956
0 0.4354108635097493 0.3298913043478261 0.01149025069637883 0.04891304347826087
0 0.278899721448468 0.3456521739130435 0.016713091922005572 0.06739130434782609
1 0.7305013927576601 0.35108695652173916 0.012534818941504178 0.058695652173913045
4 0.6948119777158774 0.37228260869565216 0.012186629526462395 0.04456521739130435
0 0.645717270194986 0.3201086956521739 0.006615598885793872 0.02717391304347826
0 0.6660863509749304 0.3201086956521739 0.005571030640668524 0.02282608695652174
4 0.8617688022284122 0.3353260869565217 0.004874651810584958 0.016304347826086956
0 0.6371866295264624 0.3016304347826087 0.004874651810584958 0.020652173913043477
4 0.7647980501392758 0.3516304347826087 0.008008356545961003 0.029347826086956522
4 0.7040389972144847 0.3119565217391304 0.004178272980501393 0.01956521739130435
0 0.46901114206128136 0.2532608695652174 0.003481894150417827 0.015217391304347827
4 0.5261142061281338 0.5315217391304348 0.027855153203342618 0.1282608695652174
4 0.549791086350975 0.43967391304347825 0.02158774373259053 0.08369565217391305
4 0.6222144846796658 0.2896739130434783 0.004178272980501393 0.01847826086956522
0 0.7480849582172702 0.3065217391304348 0.00383008356545961 0.013043478260869565
4 0.5299442896935933 0.26521739130434785 0.003481894150417827 0.017391304347826087
0 0.8020543175487466 0.3190217391304348 0.00383008356545961 0.014130434782608696
4 0.7358983286908078 0.3065217391304348 0.00383008356545961 0.015217391304347827
4 0.5398676880222841 0.26902173913043476 0.00383008356545961 0.016304347826086956
0 0.9200905292479109 0.33967391304347827 0.0031337047353760445 0.014130434782608696
0 0.612116991643454 0.2940217391304348 0.004874651810584958 0.020652173913043477
1 0.5997562674094707 0.3119565217391304 0.006615598885793872 0.05217391304347826
0 0.7012534818941504 0.29456521739130437 0.002785515320334262 0.010869565217391304
1 0.7369428969359332 0.34891304347826085 0.010793871866295265 0.058695652173913045
4 0.5795612813370473 0.2722826086956522 0.0031337047353760445 0.014130434782608696
4 0.9495125348189415 0.35108695652173916 0.002785515320334262 0.013043478260869565
4 0.9308844011142061 0.3483695652173913 0.004526462395543176 0.014130434782608696
0 0.48346100278551535 0.2543478260869565 0.00383008356545961 0.015217391304347827
1 0.5886142061281338 0.3130434782608696 0.010793871866295265 0.05217391304347826
0 0.850974930362117 0.3282608695652174 0.003481894150417827 0.013043478260869565
0 0.5236768802228412 0.27119565217391306 0.003481894150417827 0.01847826086956522
0 0.8762186629526463 0.33369565217391306 0.0031337047353760445 0.013043478260869565
4 0.536733983286908 0.26521739130434785 0.0031337047353760445 0.015217391304347827
4 0.7412952646239555 0.32554347826086955 0.004874651810584958 0.02282608695652174
4 0.6660863509749304 0.3 0.004874651810584958 0.015217391304347827
4 0.780466573816156 0.3472826086956522 0.006615598885793872 0.02717391304347826
4 0.7705431754874652 0.33804347826086956 0.006267409470752089 0.02391304347826087
4 0.6848885793871866 0.29347826086956524 0.003481894150417827 0.013043478260869565
0 0.6556406685236769 0.30869565217391304 0.004874651810584958 0.021739130434782608
4 0.8177228412256268 0.32554347826086955 0.004526462395543176 0.016304347826086956
0 0.48102367688022285 0.2592391304347826 0.00383008356545961 0.01847826086956522
0 0.9026810584958217 0.33967391304347827 0.0031337047353760445 0.014130434782608696
0 0.5860027855153204 0.2858695652173913 0.004874651810584958 0.01956521739130435
4 0.6168175487465181 0.2798913043478261 0.0031337047353760445 0.014130434782608696
0 0.51758356545961 0.25815217391304346 0.002437325905292479 0.014130434782608696
4 0.5524025069637883 0.2668478260869565 0.0031337047353760445 0.014130434782608696
4 0.9018105849582173 0.34293478260869564 0.003481894150417827 0.014130434782608696
0 0.8922353760445683 0.33641304347826084 0.0031337047353760445 0.014130434782608696
0 0.8318245125348189 0.325 0.003481894150417827 0.013043478260869565
0 0.6058495821727019 0.275 0.002785515320334262 0.013043478260869565
0 0.9063370473537604 0.33858695652173915 0.002785515320334262 0.011956521739130435
4 0.7715877437325905 0.3157608695652174 0.003481894150417827 0.014130434782608696
0 0.7705431754874652 0.3119565217391304 0.002785515320334262 0.013043478260869565
4 0.5607590529247911 0.27554347826086956 0.00383008356545961 0.016304347826086956
2 0.06598189415041783 0.17717391304347826 0.002437325905292479 0.008695652173913044
4 0.7341573816155988 0.7896739130434782 0.028203342618384402 0.11413043478260869
4 0.6526810584958217 0.28804347826086957 0.0031337047353760445 0.013043478260869565
2 0.05083565459610028 0.20652173913043478 0.004178272980501393 0.021739130434782608
2 0.10967966573816156 0.18532608695652175 0.0020891364902506965 0.011956521739130435
2 0.08321727019498608 0.18478260869565216 0.002785515320334262 0.013043478260869565
2 0.07538300835654596 0.19402173913043477 0.00383008356545961 0.014130434782608696
2 0.1149025069637883 0.20543478260869566 0.003481894150417827 0.017391304347826087
2 0.05727715877437326 0.16684782608695653 0.002437325905292479 0.009782608695652175
0 0.5604108635097493 0.26521739130434785 0.002437325905292479 0.013043478260869565
0 0.5957520891364902 0.3217391304347826 0.005571030640668524 0.03260869565217391
0 0.6535515320334262 0.2847826086956522 0.002785515320334262 0.013043478260869565
4 0.73241643454039 0.3592391304347826 0.008704735376044569 0.042391304347826085
0 0.6674791086350975 0.3168478260869565 0.005571030640668524 0.025