0 0.2574860724233983 0.3298913043478261 0.014972144846796657 0.059782608695652176
4 0.47301532033426186 0.4548913043478261 0.023328690807799445 0.10108695652173913
4 0.6309192200557103 0.3641304347826087 0.011838440111420613 0.04782608695652174
0 0.602541782729805 0.32608695652173914 0.008008356545961003 0.034782608695652174
4 0.7672353760445683 0.3391304347826087 0.006615598885793872 0.02826086956521739
0 0.6483286908077994 0.3217391304347826 0.006963788300835654 0.030434782608695653
0 0.5297701949860725 0.3201086956521739 0.009401114206128134 0.03804347826086957
4 0.778725626740947 0.35054347826086957 0.007311977715877437 0.03152173913043478
4 0.7433844011142061 0.3695652173913043 0.010445682451253482 0.043478260869565216
4 0.7489554317548747 0.3293478260869565 0.006267409470752089 0.02608695652173913
0 0.6300487465181058 0.32554347826086955 0.006615598885793872 0.03152173913043478
4 0.7853412256267409 0.3652173913043478 0.008704735376044569 0.03695652173913044
4 0.49808495821727017 0.38913043478260867 0.015668523676880222 0.06956521739130435
0 0.9110376044568245 0.3347826086956522 0.004526462395543176 0.015217391304347827
0 0.8790041782729805 0.32771739130434785 0.0031337047353760445 0.014130434782608696
4 0.7223189415041783 0.3184782608695652 0.005222841225626741 0.021739130434782608
4 0.5618036211699164 0.3652173913043478 0.013579387186629526 0.05434782608695652
4 0.9223537604456824 0.33967391304347827 0.004178272980501393 0.016304347826086956
0 0.5950557103064067 0.2902173913043478 0.004178272980501393 0.01956521739130435
4 0.6951601671309192 0.30869565217391304 0.005222841225626741 0.01956521739130435
0 0.5551880222841226 0.2777173913043478 0.00383008356545961 0.01847826086956522
4 0.5717270194986073 0.2722826086956522 0.003481894150417827 0.016304347826086956
0 0.6434540389972145 0.3108695652173913 0.004874651810584958 0.02391304347826087
0 0.615424791086351 0.2967391304347826 0.005222841225626741 0.021739130434782608
0 0.6303969359331476 0.30380434782608695 0.005222841225626741 0.02282608695652174
0 0.39658774373259054 0.31467391304347825 0.011838440111420613 0.04456521739130435
4 0.6652158774373259 0.3 0.004526462395543176 0.01956521739130435
0 0.5168871866295265 0.2592391304347826 0.002437325905292479 0.014130434782608696
0 0.5772980501392758 0.2847826086956522 0.004874651810584958 0.01956521739130435
4 0.5259401114206128 0.6293478260869565 0.04352367688022284 0.17391304347826086
0 0.06284818941504178 0.38532608695652176 0.02681058495821727 0.0967391304347826
4 0.6436281337047354 0.29293478260869565 0.0031337047353760445 0.01847826086956522
4 0.6361420612813371 0.2798913043478261 0.003481894150417827 0.011956521739130435
4 0.8091922005571031 0.3157608695652174 0.003481894150417827 0.014130434782608696
4 0.583391364902507 0.2777173913043478 0.002437325905292479 0.014130434782608696
4 0.7599233983286908 0.3048913043478261 0.0031337047353760445 0.014130434782608696
0 0.6744428969359332 0.2847826086956522 0.002785515320334262 0.013043478260869565
4 0.6070682451253482 0.27554347826086956 0.0031337047353760445 0.014130434782608696
4 0.6183844011142061 0.28641304347826085 0.003481894150417827 0.016304347826086956
0 0.5231545961002786 0.26793478260869563 0.0031337047353760445 0.016304347826086956
0 0.5426532033426184 0.26358695652173914 0.002437325905292479 0.011956521739130435
4 0.665041782729805 0.2847826086956522 0.002785515320334262 0.013043478260869565
4 0.708217270194986 0.29456521739130437 0.003481894150417827 0.015217391304347827
4 0.8739554317548747 0.3293478260869565 0.003481894150417827 0.015217391304347827
0 0.9442896935933147 0.3407608695652174 0.003481894150417827 0.014130434782608696
0 0.7712395543175488 0.3048913043478261 0.003481894150417827 0.014130434782608696
0 0.5076601671309192 0.2619565217391304 0.002785515320334262 0.015217391304347827
0 0.7223189415041783 0.2940217391304348 0.0031337047353760445 0.014130434782608696
1 0.8039693593314763 0.30978260869565216 0.003481894150417827 0.02391304347826087
0 0.6248259052924791 0.27554347826086956 0.002437325905292479 0.011956521739130435
1 0.8231197771587744 0.3114130434782609 0.003481894150417827 0.02282608695652174
0 0.5792130919220055 0.26793478260869563 0.0031337047353760445 0.011956521739130435
1 0.814066852367688 0.3119565217391304 0.003481894150417827 0.02391304347826087
0 0.8184192200557103 0.31467391304347825 0.0031337047353760445 0.014130434782608696
0 0.6485027855153204 0.3157608695652174 0.006615598885793872 0.02717391304347826
4 0.5837395543175488 0.27119565217391306 0.002437325905292479 0.014130434782608696