0 0.1048050139275766 0.23152173913043478 0.00766016713091922 0.02826086956521739
4 0.12029944289693593 0.3625 0.02541782729805014 0.08369565217391305
0 0.06737465181058495 0.2358695652173913 0.009401114206128134 0.03260869565217391
4 0.24077298050139276 0.41739130434782606 0.029596100278551533 0.10217391304347827
4 0.13770891364902507 0.2597826086956522 0.01149025069637883 0.0391304347826087
0 0.1189066852367688 0.22771739130434782 0.008008356545961003 0.02717391304347826
4 0.6610376044568245 0.27880434782608693 0.004526462395543176 0.01847826086956522
4 0.23642061281337048 0.24239130434782608 0.006267409470752089 0.02826086956521739
4 0.7533077994428969 0.2896739130434783 0.004526462395543176 0.016304347826086956
0 0.10759052924791086 0.21521739130434783 0.004178272980501393 0.02391304347826087
4 0.5435236768802229 0.25869565217391305 0.004178272980501393 0.017391304347826087
0 0.14362813370473537 0.21195652173913043 0.004526462395543176 0.017391304347826087
4 0.19463788300835655 0.25271739130434784 0.008356545961002786 0.03369565217391304
4 0.4321030640668524 0.2375 0.004178272980501393 0.016304347826086956
4 0.43419220055710306 0.5304347826086957 0.036211699164345405 0.14130434782608695
0 0.2903899721448468 0.21793478260869564 0.003481894150417827 0.014130434782608696
4 0.778725626740947 0.29130434782608694 0.00383008356545961 0.015217391304347827
0 0.4578690807799443 0.2375 0.003481894150417827 0.014130434782608696
0 0.697075208913649 0.2777173913043478 0.003481894150417827 0.016304347826086956
4 0.8151114206128134 0.29184782608695653 0.003481894150417827 0.014130434782608696
0 0.7632311977715878 0.28097826086956523 0.002785515320334262 0.011956521739130435
4 0.7158774373259053 0.2858695652173913 0.004178272980501393 0.017391304347826087
0 0.6727019498607242 0.27445652173913043 0.003481894150417827 0.016304347826086956
0 0.1836699164345404 0.2108695652173913 0.004526462395543176 0.017391304347826087
0 0.8572423398328691 0.29456521739130437 0.003481894150417827 0.013043478260869565
4 0.35201949860724235 0.22771739130434782 0.003481894150417827 0.016304347826086956
0 0.6431058495821727 0.27065217391304347 0.003481894150417827 0.015217391304347827
4 0.4724930362116992 0.24456521739130435 0.003481894150417827 0.015217391304347827
4 0.40215877437325903 0.23369565217391305 0.003481894150417827 0.015217391304347827
0 0.11350974930362116 0.2217391304347826 0.005571030640668524 0.02391304347826087
0 0.8046657381615598 0.28641304347826085 0.002785515320334262 0.011956521739130435
4 0.8788300835654597 0.3016304347826087 0.003481894150417827 0.014130434782608696
4 0.27768105849582175 0.22119565217391304 0.00383008356545961 0.016304347826086956
4 0.796483286908078 0.2902173913043478 0.00383008356545961 0.015217391304347827
0 0.23485376044568246 0.2141304347826087 0.004526462395543176 0.015217391304347827
4 0.2096100278551532 0.22391304347826088 0.004874651810584958 0.021739130434782608
4 0.22162256267409472 0.22065217391304348 0.0031337047353760445 0.01956521739130435
0 0.7336350974930362 0.2782608695652174 0.003481894150417827 0.013043478260869565
4 0.5835654596100278 0.266304347826087 0.004178272980501393 0.017391304347826087
4 0.9213091922005571 0.30869565217391304 0.003481894150417827 0.013043478260869565
4 0.24460306406685237 0.22010869565217392 0.004526462395543176 0.01847826086956522
0 0.608983286908078 0.26521739130434785 0.003481894150417827 0.015217391304347827
4 0.23920612813370473 0.23695652173913043 0.004178272980501393 0.02391304347826087
4 0.21883704735376044 0.22880434782608697 0.005919220055710306 0.02282608695652174
4 0.5111420612813371 0.25217391304347825 0.003481894150417827 0.017391304347826087
4 0.7865598885793872 0.7679347826086956 0.03203342618384401 0.15978260869565217
4 0.8433147632311978 0.2956521739130435 0.003481894150417827 0.013043478260869565
4 0.3126740947075209 0.22282608695652173 0.002785515320334262 0.015217391304347827
0 0.7127437325905293 0.27880434782608693 0.002785515320334262 0.014130434782608696
0 0.915041782729805 0.3048913043478261 0.003481894150417827 0.011956521739130435
0 0.5548398328690808 0.2554347826086957 0.00383008356545961 0.015217391304347827
0 0.4051183844011142 0.23043478260869565 0.0031337047353760445 0.013043478260869565
0 0.5087047353760445 0.24565217391304348 0.0020891364902506965 0.013043478260869565
0 0.3474930362116992 0.2233695652173913 0.003481894150417827 0.014130434782608696
0 0.5821727019498607 0.26032608695652176 0.002785515320334262 0.016304347826086956