0 0.3781914893617021 0.42453703703703705 0.011702127659574468 0.032407407407407406
0 0.25132978723404253 0.4587962962962963 0.018617021276595744 0.04351851851851852
0 0.573936170212766 0.3962962962962963 0.009574468085106383 0.022222222222222223
0 0.7132978723404255 0.3875 0.00851063829787234 0.021296296296296296
0 0.46835106382978725 0.4064814814814815 0.010106382978723405 0.025925925925925925
0 0.8625 0.3837962962962963 0.009042553191489361 0.019444444444444445
0 0.12340425531914893 0.5166666666666667 0.02872340425531915 0.06481481481481481
4 0.8768617021276596 0.4013888888888889 0.013297872340425532 0.028703703703703703
4 0.6893617021276596 0.49675925925925923 0.027659574468085105 0.06759259259259259
4 0.6941489361702128 0.4134259259259259 0.013829787234042552 0.032407407407407406
4 0.624468085106383 0.4388888888888889 0.018085106382978722 0.04259259259259259