0 0.2576601671309192 0.5885869565217391 0.03203342618384401 0.13152173913043477
0 0.6986420612813371 0.40652173913043477 0.009401114206128134 0.03695652173913044
4 0.7743732590529248 0.533695652173913 0.023676880222841225 0.0891304347826087
0 0.8079735376044568 0.4016304347826087 0.009401114206128134 0.03369565217391304
0 0.9049442896935933 0.4027173913043478 0.009052924791086351 0.03152173913043478
4 0.9425487465181058 0.43478260869565216 0.013231197771587743 0.04565217391304348
4 0.7721100278551533 0.4597826086956522 0.014972144846796657 0.058695652173913045
4 0.8483635097493036 0.4380434782608696 0.013579387186629526 0.05
0 0.5790389972144847 0.42228260869565215 0.011142061281337047 0.04673913043478261
0 0.44063370473537605 0.4652173913043478 0.02054317548746518 0.06956521739130435
4 0.799616991643454 0.7141304347826087 0.04979108635097493 0.18478260869565216