0 0.1148936170212766 0.6069444444444444 0.059574468085106386 0.125
0 0.3497340425531915 0.5009259259259259 0.028191489361702127 0.07222222222222222
0 0.4808510638297872 0.4527777777777778 0.023404255319148935 0.04814814814814815
0 0.6023936170212766 0.42916666666666664 0.014361702127659574 0.03796296296296296
0 0.6859042553191489 0.4152777777777778 0.01223404255319149 0.030555555555555555
0 0.6936170212765957 0.40046296296296297 0.009574468085106383 0.025
0 0.7547872340425532 0.39351851851851855 0.010638297872340425 0.024074074074074074
0 0.8063829787234043 0.38657407407407407 0.00851063829787234 0.021296296296296296
0 0.8308510638297872 0.38101851851851853 0.00851063829787234 0.019444444444444445
0 0.8186170212765957 0.37175925925925923 0.005319148936170213 0.01574074074074074
0 0.7984042553191489 0.37037037037037035 0.005319148936170213 0.014814814814814815
0 0.8481382978723404 0.3768518518518518 0.006914893617021276 0.016666666666666666
4 0.38351063829787235 0.387037037037037 0.010638297872340425 0.03518518518518519
4 0.9132978723404256 0.4134259259259259 0.014893617021276596 0.030555555555555555
4 0.8805851063829787 0.3685185185185185 0.005851063829787234 0.012962962962962963
4 0.8898936170212766 0.3675925925925926 0.006382978723404255 0.014814814814814815
4 0.910372340425532 0.37037037037037035 0.005851063829787234 0.014814814814814815
4 0.9228723404255319 0.4009259259259259 0.00425531914893617 0.027777777777777776