0 0.2651595744680851 0.662962962962963 0.0675531914893617 0.14629629629629629
0 0.5223404255319148 0.5115740740740741 0.031914893617021274 0.075
0 0.6247340425531915 0.4532407407407407 0.021808510638297873 0.04537037037037037
0 0.6428191489361702 0.4217592592592593 0.013297872340425532 0.03425925925925926
0 0.6295212765957446 0.4064814814814815 0.01223404255319149 0.027777777777777776
0 0.5816489361702127 0.39537037037037037 0.010106382978723405 0.024074074074074074
0 0.5297872340425532 0.3888888888888889 0.00851063829787234 0.020370370370370372
0 0.4930851063829787 0.38564814814814813 0.007446808510638298 0.019444444444444445
0 0.45053191489361705 0.38425925925925924 0.007446808510638298 0.020370370370370372
0 0.3723404255319149 0.38564814814814813 0.007446808510638298 0.019444444444444445
0 0.31329787234042555 0.38564814814814813 0.007446808510638298 0.021296296296296296
0 0.8377659574468085 0.38333333333333336 0.005319148936170213 0.012962962962962963
4 0.5191489361702127 0.3787037037037037 0.007446808510638298 0.018518518518518517
4 0.42473404255319147 0.37962962962962965 0.006914893617021276 0.018518518518518517
4 0.3023936170212766 0.38055555555555554 0.007978723404255319 0.020370370370370372
4 0.10106382978723404 0.3851851851851852 0.00851063829787234 0.022222222222222223
4 0.8824468085106383 0.425462962962963 0.019148936170212766 0.03796296296296296
4 0.7819148936170213 0.4046296296296296 0.01276595744680851 0.027777777777777776
4 0.6973404255319149 0.39166666666666666 0.010638297872340425 0.024074074074074074
4 0.6361702127659574 0.38425925925925924 0.00851063829787234 0.020370370370370372
4 0.5925531914893617 0.3800925925925926 0.00851063829787234 0.017592592592592594
4 0.8345744680851064 0.3819444444444444 0.005319148936170213 0.013888888888888888
4 0.8446808510638298 0.3819444444444444 0.005319148936170213 0.013888888888888888
1 0.23377659574468085 0.38425925925925924 0.01223404255319149 0.03518518518518519
1 0.21622340425531916 0.3773148148148148 0.011170212765957447 0.030555555555555555
1 0.20186170212765958 0.38333333333333336 0.01223404255319149 0.03518518518518519
1 0.1896276595744681 0.3787037037037037 0.011170212765957447 0.03148148148148148