0 0.4338440111420613 0.5753865979381443 0.035515320334261836 0.058848797250859106
0 0.504874651810585 0.5017182130584192 0.017409470752089137 0.02147766323024055
0 0.19690111420612813 0.4740120274914089 0.012186629526462395 0.018470790378006873
0 0.06720055710306407 0.4643470790378007 0.011142061281337047 0.015463917525773196
4 0.2917827298050139 0.8125 0.0988857938718663 0.15506872852233677
4 0.716225626740947 0.6542096219931272 0.059192200557103065 0.06958762886597938
4 0.7889972144846796 0.5163230240549829 0.029944289693593314 0.02577319587628866
4 0.381441504178273 0.4836769759450172 0.013579387186629526 0.023195876288659795
4 0.291608635097493 0.48646907216494845 0.017061281337047353 0.024484536082474227
4 0.19254874651810586 0.5356529209621993 0.034818941504178275 0.04381443298969072
4 0.09105153203342618 0.4720790378006873 0.012186629526462395 0.01804123711340206