0 0.1491991643454039 0.325 0.017757660167130918 0.06956521739130435
0 0.825208913649025 0.32119565217391305 0.009052924791086351 0.03369565217391304
4 0.3516713091922006 0.4603260869565217 0.029944289693593314 0.12282608695652174
4 0.3610724233983287 0.36141304347826086 0.019498607242339833 0.075
0 0.554491643454039 0.28695652173913044 0.009401114206128134 0.034782608695652174
0 0.28969359331476324 0.29239130434782606 0.013231197771587743 0.05
4 0.42896935933147634 0.3239130434782609 0.016713091922005572 0.05652173913043478
4 0.6145543175487466 0.31032608695652175 0.010445682451253482 0.04021739130434782
4 0.7235376044568245 0.32065217391304346 0.009052924791086351 0.03695652173913044
4 0.8386142061281338 0.33858695652173915 0.0100974930362117 0.03804347826086957
4 0.5151462395543176 0.30978260869565216 0.014275766016713091 0.04782608695652174
2 0.11751392757660167 0.29456521739130437 0.015668523676880222 0.05652173913043478
0 0.6875 0.3 0.009401114206128134 0.03260869565217391
2 0.07642757660167131 0.2532608695652174 0.010793871866295265 0.041304347826086954
2 0.052924791086350974 0.22934782608695653 0.008356545961002786 0.03260869565217391
0 0.42217966573816157 0.2826086956521739 0.0100974930362117 0.041304347826086954
1 0.48920612813370473 0.616304347826087 0.07938718662952646 0.33695652173913043
1 0.7033426183844012 0.7038043478260869 0.04874651810584958 0.28804347826086957
4 0.5699860724233984 0.7391304347826086 0.06963788300835655 0.21521739130434783