0 0.4778899721448468 0.325 0.014275766016713091 0.05652173913043478
0 0.4568245125348189 0.4885869565217391 0.03064066852367688 0.125
0 0.5652855153203342 0.28097826086956523 0.0100974930362117 0.042391304347826085
0 0.9449860724233984 0.20326086956521738 0.008356545961002786 0.02826086956521739
0 0.7273676880222841 0.23315217391304346 0.00766016713091922 0.029347826086956522
4 0.7402506963788301 0.30380434782608695 0.014623955431754874 0.059782608695652176
0 0.46901114206128136 0.4043478260869565 0.019498607242339833 0.0891304347826087
4 0.9098189415041783 0.2233695652173913 0.010445682451253482 0.035869565217391305
0 0.8272980501392758 0.21630434782608696 0.00766016713091922 0.02826086956521739
4 0.7435584958217271 0.2728260869565217 0.009401114206128134 0.04782608695652174
4 0.8111072423398329 0.34402173913043477 0.02054317548746518 0.07934782608695652
4 0.8377437325905293 0.2358695652173913 0.011142061281337047 0.03695652173913044
0 0.6380571030640668 0.2532608695652174 0.008008356545961003 0.03260869565217391
4 0.7783774373259053 0.25217391304347825 0.009401114206128134 0.0391304347826087
0 0.31545961002785516 0.7021739130434783 0.06267409470752089 0.21956521739130436