0 0.22579787234042553 0.5087962962962963 0.03031914893617021 0.06574074074074074
0 0.2401595744680851 0.4412037037037037 0.018617021276595744 0.04537037037037037
0 0.1976063829787234 0.412962962962963 0.015425531914893617 0.03333333333333333
0 0.14840425531914894 0.40555555555555556 0.013829787234042552 0.02962962962962963
0 0.6848404255319149 0.37407407407407406 0.010106382978723405 0.022222222222222223
0 0.13430851063829788 0.3763888888888889 0.007978723404255319 0.017592592592592594
0 0.44707446808510637 0.3662037037037037 0.007978723404255319 0.01574074074074074
0 0.10212765957446808 0.4027777777777778 0.009574468085106383 0.024074074074074074
0 0.5797872340425532 0.37037037037037035 0.00851063829787234 0.022222222222222223
0 0.5188829787234043 0.3685185185185185 0.006914893617021276 0.016666666666666666
0 0.07765957446808511 0.3958333333333333 0.006382978723404255 0.025
0 0.09095744680851064 0.3824074074074074 0.00425531914893617 0.016666666666666666
4 0.8968085106382979 0.4074074074074074 0.018085106382978722 0.037037037037037035
4 0.7598404255319149 0.39675925925925926 0.014361702127659574 0.028703703703703703
4 0.5635638297872341 0.44722222222222224 0.023936170212765957 0.05555555555555555
4 0.4273936170212766 0.3731481481481482 0.009042553191489361 0.018518518518518517
4 0.4430851063829787 0.41759259259259257 0.018085106382978722 0.04259259259259259
4 0.8382978723404255 0.3800925925925926 0.01276595744680851 0.026851851851851852
4 0.6898936170212766 0.5083333333333333 0.03723404255319149 0.07592592592592592
4 0.34414893617021275 0.4 0.01276595744680851 0.02962962962962963
4 0.6242021276595745 0.37916666666666665 0.011170212765957447 0.026851851851851852
4 0.2936170212765957 0.3939814814814815 0.011702127659574468 0.025
4 0.31542553191489364 0.3680555555555556 0.007446808510638298 0.01574074074074074
4 0.5090425531914894 0.3736111111111111 0.009574468085106383 0.021296296296296296
4 0.20319148936170212 0.37916666666666665 0.007446808510638298 0.019444444444444445
4 0.36622340425531913 0.36944444444444446 0.006914893617021276 0.016666666666666666
4 0.26409574468085106 0.37222222222222223 0.006914893617021276 0.014814814814814815
4 0.22659574468085106 0.38842592592592595 0.009574468085106383 0.021296296296296296