4 0.8192896935933147 0.22608695652173913 0.009052924791086351 0.03695652173913044
4 0.8614206128133705 0.2108695652173913 0.00766016713091922 0.030434782608695653
4 0.9394150417827298 0.20108695652173914 0.00766016713091922 0.02826086956521739
2 0.5457869080779945 0.2722826086956522 0.013579387186629526 0.051086956521739134
0 0.7089136490250696 0.5380434782608695 0.05013927576601671 0.17391304347826086
2 0.741991643454039 0.28695652173913044 0.017409470752089137 0.06086956521739131
4 0.836525069637883 0.25217391304347825 0.012186629526462395 0.04782608695652174
2 0.6869777158774373 0.3451086956521739 0.02298050139275766 0.08586956521739131
2 0.44202646239554316 0.31467391304347825 0.015668523676880222 0.0641304347826087
3 0.27663649025069637 0.3005434782608696 0.012186629526462395 0.04673913043478261
3 0.0807799442896936 0.31032608695652175 0.011838440111420613 0.04456521739130435
3 0.1535515320334262 0.2793478260869565 0.009052924791086351 0.034782608695652174
3 0.3659470752089137 0.2684782608695652 0.009749303621169917 0.03695652173913044