0 0.08191489361702127 0.4527777777777778 0.014893617021276596 0.04259259259259259
0 0.14388297872340425 0.4675925925925926 0.022872340425531913 0.04814814814814815
0 0.21622340425531916 0.48657407407407405 0.026063829787234042 0.05648148148148148
0 0.21117021276595746 0.5365740740740741 0.04148936170212766 0.08796296296296297
4 0.08351063829787234 0.41574074074074074 0.013829787234042552 0.02962962962962963
4 0.22925531914893618 0.42314814814814816 0.014893617021276596 0.03333333333333333
4 0.36675531914893617 0.4361111111111111 0.015425531914893617 0.037037037037037035
4 0.5321808510638298 0.45925925925925926 0.019680851063829788 0.046296296296296294
4 0.7167553191489362 0.5032407407407408 0.03563829787234043 0.06944444444444445
2 0.8337765957446809 0.45601851851851855 0.028191489361702127 0.04537037037037037
2 0.8901595744680851 0.4824074074074074 0.04734042553191489 0.05