0 0.3889275766016713 0.8507302405498282 0.09261838440111421 0.17740549828178695
0 0.13422701949860724 0.5077319587628866 0.013579387186629526 0.019759450171821305
0 0.22893454038997216 0.4853951890034364 0.007311977715877437 0.012027491408934709
0 0.3102367688022284 0.49291237113402064 0.009052924791086351 0.015034364261168385
0 0.3570682451253482 0.5558419243986255 0.026114206128133706 0.03865979381443299
0 0.5121866295264624 0.5148195876288659 0.017409470752089137 0.01761168384879725
4 0.15529247910863508 0.625 0.04944289693593315 0.061855670103092786
4 0.24860724233983286 0.5311426116838488 0.022284122562674095 0.028780068728522335
4 0.23798746518105848 0.49076460481099654 0.008704735376044569 0.014175257731958763
4 0.3649025069637883 0.5023625429553265 0.011142061281337047 0.019329896907216496
4 0.4543871866295265 0.6005154639175257 0.04596100278551532 0.0429553264604811
4 0.4378481894150418 0.5004295532646048 0.010793871866295265 0.018900343642611683
4 0.7357242339832869 0.5289948453608248 0.02576601671309192 0.02276632302405498
2 0.865424791086351 0.5539089347079038 0.03725626740947075 0.029639175257731958