0 0.2862116991643454 0.5637886597938144 0.027158774373259052 0.03565292096219931
0 0.47493036211699163 0.5378006872852233 0.016016713091922007 0.024054982817869417
0 0.6633008356545961 0.538659793814433 0.014623955431754874 0.023195876288659795
0 0.6528551532033426 0.5289948453608248 0.011838440111420613 0.019329896907216496
0 0.7482590529247911 0.5115979381443299 0.00766016713091922 0.011168384879725086
0 0.7860376044568245 0.5221219931271478 0.0100974930362117 0.015893470790378006
0 0.8013579387186629 0.5463917525773195 0.018454038997214484 0.02577319587628866
0 0.9190459610027855 0.5146048109965635 0.008704735376044569 0.012027491408934709
0 0.9321030640668524 0.5341494845360825 0.014623955431754874 0.020189003436426118
0 0.9432451253481894 0.5262027491408935 0.013231197771587743 0.01718213058419244
0 0.9462047353760445 0.5191151202749141 0.009401114206128134 0.01331615120274914
4 0.26096796657381616 0.7403350515463918 0.08391364902506963 0.12671821305841924
4 0.2357242339832869 0.5442439862542955 0.01532033426183844 0.028350515463917526
4 0.5309888579387186 0.540807560137457 0.018105849582172703 0.02577319587628866
4 0.5349930362116991 0.5322164948453608 0.012186629526462395 0.02147766323024055
4 0.7204038997214485 0.5242697594501718 0.011838440111420613 0.01761168384879725
4 0.778725626740947 0.5085910652920962 0.008008356545961003 0.010309278350515464
4 0.9012883008356546 0.6284364261168385 0.044220055710306405 0.06529209621993128
4 0.8790041782729805 0.5094501718213058 0.008008356545961003 0.011168384879725086
2 0.28447075208913647 0.5878436426116839 0.031337047353760444 0.0468213058419244
2 0.3020543175487465 0.5410223367697594 0.018454038997214484 0.02620274914089347
2 0.5151462395543176 0.5590635738831615 0.019846796657381614 0.033934707903780066
2 0.6030640668523677 0.5240549828178694 0.011142061281337047 0.01804123711340206
2 0.6740947075208914 0.5560567010309279 0.0201949860724234 0.03049828178694158
2 0.682799442896936 0.5152491408934707 0.009052924791086351 0.01331615120274914
2 0.799616991643454 0.5137457044673539 0.008704735376044569 0.01288659793814433
2 0.8311281337047354 0.5448883161512027 0.018105849582172703 0.023625429553264604
2 0.8321727019498607 0.5304982817869416 0.013927576601671309 0.018900343642611683
2 0.866991643454039 0.5105240549828178 0.008356545961002786 0.011597938144329897