2 0.8199468085106383 0.5902777777777778 0.04946808510638298 0.10277777777777777
2 0.5994680851063829 0.43842592592592594 0.014893617021276596 0.03611111111111111
2 0.6340425531914894 0.46111111111111114 0.02127659574468085 0.046296296296296294
2 0.5768617021276595 0.425 0.01223404255319149 0.02962962962962963
2 0.7021276595744681 0.5046296296296297 0.030851063829787233 0.06481481481481481
2 0.2324468085106383 0.6046296296296296 0.04468085106382979 0.10555555555555556
2 0.39361702127659576 0.4425925925925926 0.014893617021276596 0.03518518518518519
2 0.3696808510638298 0.46620370370370373 0.02127659574468085 0.04722222222222222
2 0.325 0.5138888888888888 0.02872340425531915 0.06666666666666667
2 0.5539893617021276 0.4046296296296296 0.009042553191489361 0.022222222222222223
2 0.4263297872340426 0.4060185185185185 0.009042553191489361 0.023148148148148147
2 0.40452127659574466 0.42824074074074076 0.011170212765957447 0.030555555555555555
2 0.41675531914893615 0.4148148148148148 0.010106382978723405 0.025925925925925925
2 0.5625 0.41435185185185186 0.010106382978723405 0.025
1 0.4595744680851064 0.39166666666666666 0.009574468085106383 0.03333333333333333
1 0.4856382978723404 0.3907407407407407 0.009574468085106383 0.03333333333333333
1 0.511968085106383 0.3907407407407407 0.009042553191489361 0.03333333333333333
1 0.5412234042553191 0.3907407407407407 0.010106382978723405 0.03148148148148148
1 0.43111702127659574 0.3925925925925926 0.006914893617021276 0.03148148148148148