0 0.1776595744680851 0.5922297297297298 0.01276595744680851 0.020945945945945947
0 0.16702127659574467 0.6054054054054054 0.018085106382978722 0.02702702702702703
0 0.125 0.6358108108108108 0.02872340425531915 0.04054054054054054
0 0.13191489361702127 0.5858108108108108 0.011702127659574468 0.01756756756756757
0 0.11382978723404255 0.5658783783783784 0.005319148936170213 0.010135135135135136
0 0.11781914893617021 0.5655405405405406 0.003723404255319149 0.00945945945945946
0 0.1199468085106383 0.5641891891891891 0.0026595744680851063 0.008108108108108109
0 0.12340425531914893 0.5631756756756757 0.00425531914893617 0.007432432432432433
4 0.5678191489361702 0.6597972972972973 0.038829787234042554 0.056081081081081084
4 0.45 0.6199324324324325 0.023404255319148935 0.03581081081081081
4 0.3638297872340426 0.5952702702702702 0.014893617021276596 0.024324324324324326
4 0.3401595744680851 0.5841216216216216 0.01223404255319149 0.019594594594594596
4 0.2752659574468085 0.577027027027027 0.010106382978723405 0.016216216216216217
4 0.22313829787234044 0.575 0.009042553191489361 0.016216216216216217
4 0.1422872340425532 0.5756756756756757 0.009042553191489361 0.014864864864864866