0 0.08111702127659574 0.38287037037037036 0.013297872340425532 0.028703703703703703
0 0.09468085106382979 0.399537037037037 0.014893617021276596 0.03425925925925926
0 0.2002659574468085 0.4023148148148148 0.01648936170212766 0.03611111111111111
0 0.26143617021276594 0.4263888888888889 0.017553191489361703 0.041666666666666664
0 0.2843085106382979 0.48333333333333334 0.02925531914893617 0.06666666666666667
0 0.22739361702127658 0.3611111111111111 0.009042553191489361 0.011111111111111112
0 0.2691489361702128 0.36342592592592593 0.009574468085106383 0.010185185185185186
0 0.31117021276595747 0.36666666666666664 0.010638297872340425 0.011111111111111112
0 0.4015957446808511 0.3736111111111111 0.010638297872340425 0.013888888888888888
0 0.48856382978723406 0.38796296296296295 0.01223404255319149 0.014814814814814815
4 0.23829787234042554 0.3837962962962963 0.011702127659574468 0.026851851851851852
4 0.3715425531914894 0.3962962962962963 0.011170212765957447 0.027777777777777776
4 0.4678191489361702 0.41759259259259257 0.015425531914893617 0.03518518518518519
4 0.5656914893617021 0.45 0.022872340425531913 0.04814814814814815
4 0.6505319148936171 0.5194444444444445 0.035106382978723406 0.07962962962962963