0 0.46117021276595743 0.4393518518518518 0.015957446808510637 0.03981481481481482
0 0.8281914893617022 0.4064814814814815 0.01276595744680851 0.02962962962962963
0 0.574468085106383 0.4263888888888889 0.015957446808510637 0.03611111111111111
0 0.689627659574468 0.4148148148148148 0.014361702127659574 0.03148148148148148
0 0.14095744680851063 0.562037037037037 0.04680851063829787 0.09259259259259259
0 0.8957446808510638 0.4 0.01276595744680851 0.027777777777777776
0 0.2765957446808511 0.4685185185185185 0.02553191489361702 0.05185185185185185
0 0.8204787234042553 0.37824074074074077 0.007978723404255319 0.017592592592592594
0 0.7808510638297872 0.3736111111111111 0.006382978723404255 0.013888888888888888
0 0.7664893617021277 0.3712962962962963 0.005319148936170213 0.014814814814814815
0 0.8837765957446808 0.38333333333333336 0.009042553191489361 0.020370370370370372
0 0.7726063829787234 0.36898148148148147 0.0047872340425531915 0.013888888888888888
0 0.7890957446808511 0.36527777777777776 0.0047872340425531915 0.012037037037037037
4 0.7582446808510638 0.4787037037037037 0.02925531914893617 0.05925925925925926
4 0.7986702127659574 0.5555555555555556 0.04521276595744681 0.09814814814814815
4 0.888563829787234 0.45694444444444443 0.025 0.049074074074074076
4 0.8773936170212766 0.36898148148148147 0.005851063829787234 0.01574074074074074
4 0.9101063829787234 0.37222222222222223 0.007446808510638298 0.016666666666666666
4 0.8936170212765957 0.36666666666666664 0.005319148936170213 0.012962962962962963