0 0.6042553191489362 0.38472222222222224 0.010638297872340425 0.023148148148148147
0 0.5872340425531914 0.3912037037037037 0.010638297872340425 0.025
0 0.17632978723404255 0.5342592592592592 0.04627659574468085 0.08703703703703704
0 0.4327127659574468 0.4476851851851852 0.021808510638297873 0.04722222222222222
0 0.44574468085106383 0.3680555555555556 0.007446808510638298 0.01574074074074074
0 0.5335106382978724 0.4111111111111111 0.013829787234042552 0.03148148148148148
0 0.5537234042553192 0.3773148148148148 0.00851063829787234 0.019444444444444445
0 0.3938829787234043 0.36666666666666664 0.006914893617021276 0.014814814814814815
0 0.5904255319148937 0.38055555555555554 0.007446808510638298 0.018518518518518517
0 0.6683510638297873 0.3625 0.005851063829787234 0.008333333333333333
0 0.8726063829787234 0.37083333333333335 0.006914893617021276 0.012037037037037037
0 0.7763297872340426 0.36712962962962964 0.005851063829787234 0.010185185185185186
0 0.32313829787234044 0.36435185185185187 0.006914893617021276 0.01574074074074074
0 0.2555851063829787 0.3625 0.006914893617021276 0.013888888888888888
4 0.750531914893617 0.46064814814814814 0.02553191489361702 0.05462962962962963
4 0.7960106382978723 0.399537037037037 0.01223404255319149 0.028703703703703703
4 0.8430851063829787 0.5773148148148148 0.05425531914893617 0.10648148148148148
4 0.7728723404255319 0.3888888888888889 0.011702127659574468 0.025925925925925925
4 0.8082446808510638 0.42314814814814816 0.019680851063829788 0.037037037037037035
4 0.7196808510638298 0.3819444444444444 0.010638297872340425 0.019444444444444445
4 0.5196808510638298 0.3736111111111111 0.007446808510638298 0.017592592592592594
4 0.5702127659574469 0.3675925925925926 0.007446808510638298 0.016666666666666666
4 0.6422872340425532 0.37453703703703706 0.007978723404255319 0.017592592592592594
4 0.4952127659574468 0.36342592592592593 0.006382978723404255 0.013888888888888888
4 0.42686170212765956 0.3611111111111111 0.005851063829787234 0.014814814814814815
4 0.33404255319148934 0.3592592592592593 0.005319148936170213 0.014814814814814815
4 0.2473404255319149 0.35694444444444445 0.006382978723404255 0.013888888888888888
2 0.37553191489361704 0.3736111111111111 0.015957446808510637 0.017592592592592594
2 0.8787234042553191 0.39305555555555555 0.014893617021276596 0.021296296296296296
2 0.8819148936170212 0.3875 0.013829787234042552 0.019444444444444445