4 0.8420961002785515 0.6266304347826087 0.03586350974930362 0.1358695652173913
0 0.8198119777158774 0.4255434782608696 0.008704735376044569 0.035869565217391305
0 0.3791782729805014 0.5179347826086956 0.02298050139275766 0.08586956521739131
0 0.387883008356546 0.42880434782608695 0.010445682451253482 0.042391304347826085
0 0.9298398328690808 0.4451086956521739 0.012186629526462395 0.04456521739130435
4 0.666782729805014 0.4983695652173913 0.0201949860724234 0.07282608695652174
4 0.5971448467966574 0.45163043478260867 0.013231197771587743 0.05326086956521739
0 0.7231894150417827 0.41032608695652173 0.00766016713091922 0.029347826086956522
0 0.3492339832869081 0.40706521739130436 0.008356545961002786 0.03369565217391304
4 0.7555710306406686 0.37282608695652175 0.003481894150417827 0.015217391304347827
4 0.6323119777158774 0.3847826086956522 0.005571030640668524 0.021739130434782608
4 0.7947423398328691 0.38804347826086955 0.005222841225626741 0.01956521739130435
4 0.49651810584958217 0.38967391304347826 0.006267409470752089 0.025
0 0.6579038997214485 0.37119565217391304 0.004526462395543176 0.01847826086956522
0 0.6084610027855153 0.37228260869565216 0.00383008356545961 0.016304347826086956
0 0.4778899721448468 0.3717391304347826 0.004526462395543176 0.01956521739130435
0 0.5463091922005571 0.37282608695652175 0.004874651810584958 0.01956521739130435
4 0.7017757660167131 0.3918478260869565 0.005919220055710306 0.02282608695652174
4 0.49077298050139273 0.41304347826086957 0.008704735376044569 0.034782608695652174
4 0.6427576601671309 0.42228260869565215 0.009052924791086351 0.035869565217391305
4 0.4610027855153203 0.39456521739130435 0.006267409470752089 0.02608695652173913
4 0.799791086350975 0.4673913043478261 0.014623955431754874 0.05652173913043478
4 0.7273676880222841 0.3798913043478261 0.004178272980501393 0.01847826086956522
4 0.6472841225626741 0.39293478260869563 0.006267409470752089 0.02282608695652174
4 0.8946727019498607 0.38315217391304346 0.00383008356545961 0.016304347826086956
0 0.8840529247910863 0.3739130434782609 0.003481894150417827 0.013043478260869565
4 0.7433844011142061 0.4380434782608696 0.011838440111420613 0.043478260869565216
0 0.3466225626740947 0.39293478260869563 0.005222841225626741 0.02717391304347826
4 0.5901810584958217 0.40597826086956523 0.008356545961002786 0.03152173913043478
0 0.40581476323119775 0.4532608695652174 0.013579387186629526 0.05434782608695652
0 0.3696030640668524 0.3766304347826087 0.005919220055710306 0.02282608695652174
0 0.8682103064066853 0.3978260869565217 0.005222841225626741 0.021739130434782608
4 0.7461699164345403 0.3766304347826087 0.004178272980501393 0.016304347826086956
0 0.7816852367688022 0.4016304347826087 0.006267409470752089 0.025
4 0.8319986072423399 0.3864130434782609 0.00383008356545961 0.01847826086956522
4 0.6869777158774373 0.38206521739130433 0.004874651810584958 0.01847826086956522
4 0.5699860724233984 0.3875 0.005571030640668524 0.02282608695652174
4 0.873433147632312 0.37717391304347825 0.0031337047353760445 0.013043478260869565
4 0.8643802228412256 0.38532608695652176 0.00383008356545961 0.016304347826086956
4 0.5435236768802229 0.4298913043478261 0.010445682451253482 0.04021739130434782
4 0.7536559888579387 0.38967391304347826 0.005222841225626741 0.020652173913043477
0 0.9493384401114207 0.39293478260869563 0.0031337047353760445 0.01847826086956522
4 0.7649721448467967 0.3717391304347826 0.003481894150417827 0.013043478260869565
0 0.6894150417827298 0.3701086956521739 0.003481894150417827 0.014130434782608696
4 0.5933147632311978 0.3978260869565217 0.004178272980501393 0.02608695652173913
4 0.7853412256267409 0.3706521739130435 0.00383008356545961 0.013043478260869565
0 0.8170264623955432 0.40108695652173915 0.005222841225626741 0.02391304347826087
0 0.729282729805014 0.3657608695652174 0.0031337047353760445 0.014130434782608696
0 0.8434888579387186 0.3701086956521739 0.0031337047353760445 0.011956521739130435
4 0.4764972144846797 0.4027173913043478 0.007311977715877437 0.029347826086956522
0 0.41208217270194986 0.37228260869565216 0.005222841225626741 0.020652173913043477
0 0.7045612813370473 0.3673913043478261 0.0031337047353760445 0.013043478260869565
4 0.9019846796657381 0.3815217391304348 0.00383008356545961 0.015217391304347827
0 0.9157381615598886 0.39402173913043476 0.005571030640668524 0.020652173913043477
0 0.9334958217270195 0.3782608695652174 0.002785515320334262 0.013043478260869565
4 0.8276462395543176 0.37228260869565216 0.003481894150417827 0.014130434782608696
0 0.1532033426183844 0.7701086956521739 0.032729805013927575 0.15543478260869564