0 0.11646935933147633 0.583118556701031 0.028203342618384402 0.03651202749140894
0 0.1633008356545961 0.5500429553264605 0.014623955431754874 0.02190721649484536
0 0.19254874651810586 0.5292096219931272 0.008356545961002786 0.01288659793814433
0 0.18819637883008355 0.523840206185567 0.007311977715877437 0.010738831615120275
0 0.2078690807799443 0.5189003436426117 0.006267409470752089 0.009450171821305841
0 0.24077298050139276 0.5152491408934707 0.005222841225626741 0.00816151202749141
0 0.25104456824512533 0.5302835051546392 0.009749303621169917 0.014175257731958763
0 0.3098885793871866 0.5356529209621993 0.011142061281337047 0.01718213058419244
0 0.3018802228412256 0.5128865979381443 0.004874651810584958 0.007731958762886598
0 0.3508008356545961 0.5105240549828178 0.004526462395543176 0.007302405498281787
0 0.36542479108635095 0.5225515463917526 0.007311977715877437 0.011597938144329897
0 0.387883008356546 0.5105240549828178 0.004874651810584958 0.007302405498281787
0 0.4157381615598886 0.511168384879725 0.004874651810584958 0.007731958762886598
0 0.4453342618384401 0.5118127147766323 0.005571030640668524 0.00816151202749141
0 0.5285515320334262 0.5165378006872853 0.006963788300835654 0.011597938144329897
0 0.5276810584958217 0.5287800687285223 0.0100974930362117 0.01632302405498282
0 0.5412604456824512 0.5388745704467354 0.014972144846796657 0.02104810996563574
0 0.6222144846796658 0.5193298969072165 0.009052924791086351 0.013745704467353952
0 0.9094707520891365 0.5493986254295533 0.020891364902506964 0.029209621993127148
0 0.4155640668523677 0.5676546391752577 0.02193593314763231 0.0313573883161512
0 0.36803621169916434 0.5416666666666666 0.013231197771587743 0.020618556701030927
0 0.2461699164345404 0.5910652920962199 0.029944289693593314 0.03951890034364261
4 0.14014623955431754 0.6505584192439863 0.04979108635097493 0.06743986254295532
4 0.12552228412256267 0.5625 0.021239554317548745 0.027061855670103094
4 0.11594707520891365 0.5281357388316151 0.009052924791086351 0.01245704467353952
4 0.25574512534818944 0.5201890034364262 0.007311977715877437 0.010309278350515464
4 0.27158774373259054 0.5304982817869416 0.009749303621169917 0.015463917525773196
4 0.3706476323119777 0.5191151202749141 0.007311977715877437 0.010738831615120275
4 0.4556058495821727 0.5180412371134021 0.008008356545961003 0.012027491408934709
4 0.49442896935933145 0.5199742268041238 0.008356545961002786 0.01331615120274914
4 0.6290041782729805 0.5562714776632303 0.019846796657381614 0.030927835051546393
4 0.7223189415041783 0.5289948453608248 0.01288300835654596 0.020189003436426118
4 0.9131267409470752 0.5826890034364262 0.030988857938718663 0.045103092783505154
2 0.09018105849582173 0.5403780068728522 0.011838440111420613 0.01718213058419244
2 0.1168175487465181 0.5304982817869416 0.008704735376044569 0.012027491408934709
2 0.233983286908078 0.5223367697594502 0.006963788300835654 0.010309278350515464
2 0.2741991643454039 0.5511168384879725 0.014275766016713091 0.022336769759450172
2 0.3112813370473538 0.5191151202749141 0.006267409470752089 0.009879725085910653
2 0.34435933147632314 0.5268470790378007 0.009052924791086351 0.014175257731958763
2 0.4554317548746518 0.6808419243986255 0.05222841225626741 0.08075601374570447
2 0.459958217270195 0.6035223367697594 0.02924791086350975 0.04725085910652921
2 0.4077298050139276 0.5607817869415808 0.020891364902506964 0.028780068728522335
2 0.3774373259052925 0.5326460481099656 0.010445682451253482 0.01632302405498282