0 0.4319148936170213 0.3875 0.009574468085106383 0.026851851851851852
0 0.10531914893617021 0.4083333333333333 0.019148936170212766 0.03888888888888889
0 0.2859042553191489 0.399537037037037 0.017553191489361703 0.03796296296296296
0 0.11808510638297873 0.3574074074074074 0.00851063829787234 0.020370370370370372
0 0.3659574468085106 0.36203703703703705 0.009574468085106383 0.022222222222222223
0 0.28058510638297873 0.35648148148148145 0.007978723404255319 0.018518518518518517
0 0.42925531914893617 0.3638888888888889 0.007446808510638298 0.018518518518518517
0 0.47393617021276596 0.37824074074074077 0.007446808510638298 0.023148148148148147
0 0.48058510638297874 0.36064814814814816 0.005851063829787234 0.01574074074074074
0 0.6436170212765957 0.4162037037037037 0.018085106382978722 0.04351851851851852
0 0.7569148936170212 0.34814814814814815 0.00851063829787234 0.018518518518518517
0 0.5781914893617022 0.3597222222222222 0.006382978723404255 0.017592592592592594
0 0.6571808510638298 0.3537037037037037 0.006914893617021276 0.016666666666666666
0 0.872872340425532 0.3453703703703704 0.006382978723404255 0.016666666666666666
4 0.7875 0.3523148148148148 0.011170212765957447 0.021296296296296296
4 0.7486702127659575 0.39351851851851855 0.01648936170212766 0.037037037037037035
4 0.6273936170212766 0.38333333333333336 0.01223404255319149 0.02962962962962963
4 0.4002659574468085 0.41435185185185186 0.017553191489361703 0.04351851851851852
4 0.6452127659574468 0.3611111111111111 0.007446808510638298 0.022222222222222223
4 0.7074468085106383 0.3560185185185185 0.00851063829787234 0.019444444444444445
4 0.10132978723404255 0.35324074074074074 0.006914893617021276 0.017592592592592594
4 0.3055851063829787 0.35138888888888886 0.006914893617021276 0.017592592592592594
4 0.4095744680851064 0.35509259259259257 0.007446808510638298 0.01574074074074074
4 0.5877659574468085 0.3763888888888889 0.00851063829787234 0.023148148148148147
4 0.6002659574468086 0.36944444444444446 0.009042553191489361 0.022222222222222223
4 0.8808510638297873 0.35138888888888886 0.00851063829787234 0.019444444444444445
2 0.711968085106383 0.4685185185185185 0.03031914893617021 0.06666666666666667
2 0.3404255319148936 0.46296296296296297 0.026595744680851064 0.06296296296296296
2 0.4875 0.3574074074074074 0.005851063829787234 0.016666666666666666
2 0.5010638297872341 0.3375 0.005319148936170213 0.010185185185185186
2 0.5162234042553191 0.337037037037037 0.0047872340425531915 0.011111111111111112
2 0.5313829787234042 0.3375 0.00425531914893617 0.012037037037037037
2 0.5449468085106383 0.3365740740740741 0.0047872340425531915 0.012037037037037037
2 0.5651595744680851 0.3578703703703704 0.005851063829787234 0.01574074074074074
2 0.5601063829787234 0.35138888888888886 0.005319148936170213 0.013888888888888888
2 0.5558510638297872 0.3439814814814815 0.005319148936170213 0.012037037037037037
2 0.5502659574468085 0.3398148148148148 0.0047872340425531915 0.011111111111111112
1 0.4648936170212766 0.3736111111111111 0.010638297872340425 0.03981481481481482
1 0.4747340425531915 0.36898148148148147 0.011170212765957447 0.03796296296296296
1 0.5954787234042553 0.3731481481481482 0.01223404255319149 0.040740740740740744
1 0.5885638297872341 0.36527777777777776 0.010106382978723405 0.032407407407407406