4 0.48676880222841223 0.39619565217391306 0.016713091922005572 0.075
0 0.10497910863509749 0.3652173913043478 0.028203342618384402 0.08478260869565217
0 0.8767409470752089 0.34891304347826085 0.005571030640668524 0.021739130434782608
4 0.44098189415041783 0.5565217391304348 0.03586350974930362 0.14782608695652175
0 0.15912256267409472 0.19891304347826086 0.005571030640668524 0.02391304347826087
0 0.2318941504178273 0.2233695652173913 0.006963788300835654 0.02717391304347826
1 0.7367688022284122 0.30869565217391304 0.006267409470752089 0.03260869565217391
4 0.45473537604456826 0.28695652173913044 0.00766016713091922 0.034782608695652174
4 0.4885097493036212 0.32771739130434785 0.010445682451253482 0.04456521739130435
0 0.05118384401114206 0.17880434782608695 0.004178272980501393 0.02717391304347826
4 0.3004874651810585 0.225 0.006267409470752089 0.02391304347826087
4 0.38213788300835655 0.2543478260869565 0.006615598885793872 0.02826086956521739
1 0.7136142061281338 0.30217391304347824 0.005919220055710306 0.030434782608695653
0 0.2743732590529248 0.3157608695652174 0.016713091922005572 0.05543478260869565
0 0.31197771587743733 0.28369565217391307 0.009749303621169917 0.041304347826086954
4 0.22423398328690808 0.20326086956521738 0.004874651810584958 0.01956521739130435
4 0.6420612813370473 0.29293478260869565 0.004874651810584958 0.020652173913043477
4 0.594533426183844 0.2777173913043478 0.004526462395543176 0.020652173913043477
0 0.2865598885793872 0.2516304347826087 0.00766016713091922 0.03152173913043478
0 0.5097493036211699 0.2483695652173913 0.003481894150417827 0.014130434782608696
4 0.5524025069637883 0.266304347826087 0.004526462395543176 0.017391304347826087
4 0.12291086350974931 0.18641304347826088 0.004874651810584958 0.020652173913043477
0 0.6018454038997214 0.2777173913043478 0.0031337047353760445 0.014130434782608696
0 0.7978760445682451 0.33043478260869563 0.005222841225626741 0.01956521739130435
4 0.7674094707520891 0.33043478260869563 0.006267409470752089 0.02391304347826087
1 0.6770543175487466 0.2956521739130435 0.005919220055710306 0.034782608695652174
4 0.4829387186629526 0.24565217391304348 0.003481894150417827 0.017391304347826087
0 0.7230153203342619 0.31032608695652175 0.004526462395543176 0.01847826086956522
4 0.8593314763231198 0.3565217391304348 0.006267409470752089 0.02608695652173913
4 0.12987465181058497 0.16521739130434782 0.003481894150417827 0.015217391304347827
4 0.6887186629526463 0.3065217391304348 0.004874651810584958 0.021739130434782608
0 0.4622214484679666 0.23478260869565218 0.002437325905292479 0.013043478260869565
1 0.7012534818941504 0.30543478260869567 0.006267409470752089 0.03260869565217391
4 0.5154944289693594 0.2559782608695652 0.0031337047353760445 0.016304347826086956
0 0.557799442896936 0.26304347826086955 0.002785515320334262 0.015217391304347827
4 0.44637883008356544 0.23532608695652174 0.002785515320334262 0.016304347826086956
0 0.31563370473537605 0.2016304347826087 0.002437325905292479 0.011956521739130435
0 0.6401462395543176 0.28858695652173916 0.002437325905292479 0.016304347826086956
0 0.2538300835654596 0.18967391304347825 0.0020891364902506965 0.011956521739130435
4 0.2336350974930362 0.1842391304347826 0.003481894150417827 0.014130434782608696
4 0.35219359331476324 0.21032608695652175 0.0031337047353760445 0.014130434782608696
4 0.07503481894150418 0.15760869565217392 0.0031337047353760445 0.008695652173913044
4 0.18715181058495822 0.17554347826086958 0.0031337047353760445 0.014130434782608696
0 0.1934192200557103 0.17717391304347826 0.002437325905292479 0.010869565217391304
4 0.2970055710306407 0.1967391304347826 0.003481894150417827 0.015217391304347827