0 0.1 0.42407407407407405 0.013829787234042552 0.03333333333333333
0 0.1776595744680851 0.4097222222222222 0.007446808510638298 0.017592592592592594
0 0.24707446808510639 0.3962962962962963 0.007978723404255319 0.020370370370370372
0 0.324468085106383 0.387037037037037 0.007446808510638298 0.016666666666666666
0 0.38377659574468087 0.3800925925925926 0.0047872340425531915 0.013888888888888888
0 0.40452127659574466 0.37407407407407406 0.0047872340425531915 0.012962962962962963
0 0.45026595744680853 0.37037037037037035 0.005851063829787234 0.011111111111111112
0 0.4949468085106383 0.36435185185185187 0.005851063829787234 0.012037037037037037
0 0.5207446808510638 0.36203703703703705 0.00425531914893617 0.009259259259259259
0 0.523936170212766 0.35648148148148145 0.0031914893617021275 0.007407407407407408
0 0.5257978723404255 0.35462962962962963 0.0026595744680851063 0.007407407407407408
0 0.5335106382978724 0.35694444444444445 0.0031914893617021275 0.008333333333333333
0 0.8827127659574469 0.425462962962963 0.018617021276595744 0.041666666666666664
0 0.8468085106382979 0.4074074074074074 0.014893617021276596 0.03148148148148148
0 0.8646276595744681 0.39537037037037037 0.01223404255319149 0.027777777777777776
0 0.8718085106382979 0.38472222222222224 0.009574468085106383 0.023148148148148147
0 0.8577127659574468 0.36157407407407405 0.005851063829787234 0.013888888888888888
0 0.9148936170212766 0.3638888888888889 0.007446808510638298 0.014814814814814815
0 0.9223404255319149 0.37546296296296294 0.005319148936170213 0.019444444444444445
0 0.7978723404255319 0.35833333333333334 0.005319148936170213 0.012962962962962963
0 0.788031914893617 0.3578703703703704 0.0047872340425531915 0.010185185185185186
4 0.5718085106382979 0.5615740740740741 0.05 0.09907407407407408
4 0.39680851063829786 0.4925925925925926 0.029787234042553193 0.06666666666666667
4 0.39361702127659576 0.4439814814814815 0.02127659574468085 0.04351851851851852
4 0.413031914893617 0.425462962962963 0.01648936170212766 0.03611111111111111
4 0.43882978723404253 0.41435185185185186 0.013829787234042552 0.032407407407407406
4 0.46675531914893614 0.3990740740740741 0.011170212765957447 0.025925925925925925
4 0.4954787234042553 0.3861111111111111 0.007978723404255319 0.020370370370370372
4 0.510904255319149 0.37592592592592594 0.005851063829787234 0.014814814814814815
4 0.538563829787234 0.37083333333333335 0.005851063829787234 0.01574074074074074
4 0.5771276595744681 0.412962962962963 0.014893617021276596 0.03333333333333333
4 0.5949468085106383 0.4388888888888889 0.02074468085106383 0.04259259259259259
4 0.6273936170212766 0.4 0.01223404255319149 0.02962962962962963
4 0.7239361702127659 0.4912037037037037 0.030851063829787233 0.06759259259259259
4 0.589095744680851 0.36574074074074076 0.005851063829787234 0.014814814814814815
4 0.5843085106382979 0.3541666666666667 0.003723404255319149 0.008333333333333333
4 0.6175531914893617 0.36157407407407405 0.00425531914893617 0.012037037037037037
4 0.6281914893617021 0.3578703703703704 0.00425531914893617 0.012037037037037037
4 0.6566489361702128 0.38842592592592595 0.010106382978723405 0.025
4 0.6859042553191489 0.3800925925925926 0.007978723404255319 0.021296296296296296
4 0.7242021276595745 0.37453703703703706 0.006914893617021276 0.017592592592592594
4 0.7055851063829788 0.3597222222222222 0.0047872340425531915 0.013888888888888888
4 0.7319148936170212 0.3625 0.005319148936170213 0.013888888888888888
4 0.760904255319149 0.3699074074074074 0.006914893617021276 0.017592592592592594
4 0.752127659574468 0.36527777777777776 0.00425531914893617 0.013888888888888888