2 0.7883008356545961 0.3391304347826087 0.02158774373259053 0.08695652173913043
2 0.8986768802228412 0.25869565217391305 0.014623955431754874 0.05434782608695652
2 0.8314763231197771 0.2592391304347826 0.013231197771587743 0.051086956521739134
4 0.5802576601671309 0.18097826086956523 0.0017409470752089136 0.009782608695652175
3 0.8821378830083565 0.22826086956521738 0.006615598885793872 0.034782608695652174
4 0.6612116991643454 0.1733695652173913 0.001392757660167131 0.009782608695652175
4 0.5433495821727019 0.18369565217391304 0.0017409470752089136 0.008695652173913044
2 0.7049094707520891 0.16902173913043478 0.0017409470752089136 0.011956521739130435
4 0.6197771587743732 0.17717391304347826 0.001392757660167131 0.008695652173913044
2 0.6161211699164345 0.657608695652174 0.06302228412256268 0.22608695652173913
4 0.7524373259052924 0.16521739130434782 0.001392757660167131 0.010869565217391304
0 0.42374651810584957 0.1983695652173913 0.001392757660167131 0.007608695652173913
4 0.41991643454038996 0.19619565217391305 0.001392757660167131 0.007608695652173913
4 0.44672701949860727 0.19402173913043477 0.001392757660167131 0.007608695652173913
0 0.45508356545961004 0.19456521739130433 0.001392757660167131 0.008695652173913044
0 0.4878133704735376 0.19130434782608696 0.001392757660167131 0.008695652173913044
4 0.47719359331476324 0.1907608695652174 0.0017409470752089136 0.007608695652173913
4 0.5092270194986073 0.18695652173913044 0.0017409470752089136 0.008695652173913044
0 0.524025069637883 0.1875 0.001392757660167131 0.009782608695652175
0 0.5626740947075209 0.18478260869565216 0.001392757660167131 0.008695652173913044
0 0.6039345403899722 0.18043478260869567 0.0017409470752089136 0.008695652173913044
0 0.6486768802228412 0.17608695652173914 0.0020891364902506965 0.010869565217391304
2 0.6951601671309192 0.17173913043478262 0.002437325905292479 0.010869565217391304
0 0.746866295264624 0.1673913043478261 0.0020891364902506965 0.010869565217391304
2 0.8013579387186629 0.16304347826086957 0.0017409470752089136 0.008695652173913044
0 0.8586350974930362 0.15706521739130436 0.0020891364902506965 0.009782608695652175
4 0.8561977715877437 0.15760869565217392 0.001392757660167131 0.008695652173913044
2 0.36542479108635095 0.20217391304347826 0.002437325905292479 0.013043478260869565
2 0.37012534818941506 0.2016304347826087 0.0020891364902506965 0.011956521739130435
2 0.3447075208913649 0.20652173913043478 0.001392757660167131 0.008695652173913044
2 0.3464484679665738 0.2048913043478261 0.001392757660167131 0.007608695652173913
2 0.3908426183844011 0.19891304347826086 0.0010445682451253482 0.008695652173913044
4 0.3931058495821727 0.19891304347826086 0.001392757660167131 0.006521739130434782