0 0.3295212765957447 0.5361111111111111 0.04202127659574468 0.08333333333333333
0 0.49122340425531913 0.4601851851851852 0.025 0.05
0 0.6268617021276596 0.41064814814814815 0.013297872340425532 0.030555555555555555
0 0.6856382978723404 0.3902777777777778 0.009574468085106383 0.023148148148148147
0 0.7186170212765958 0.37777777777777777 0.007446808510638298 0.018518518518518517
0 0.7321808510638298 0.3726851851851852 0.006914893617021276 0.017592592592592594
0 0.7430851063829788 0.36944444444444446 0.006382978723404255 0.014814814814814815
0 0.7531914893617021 0.36527777777777776 0.005319148936170213 0.013888888888888888
0 0.7622340425531915 0.36203703703703705 0.00425531914893617 0.012962962962962963
0 0.7978723404255319 0.3611111111111111 0.005319148936170213 0.012962962962962963
4 0.8922872340425532 0.5884259259259259 0.06542553191489361 0.11203703703703703
4 0.7728723404255319 0.4699074074074074 0.02553191489361702 0.058333333333333334
4 0.8090425531914893 0.41435185185185186 0.014893617021276596 0.03611111111111111
4 0.8231382978723404 0.3921296296296296 0.011170212765957447 0.025
4 0.9164893617021277 0.36527777777777776 0.005319148936170213 0.013888888888888888
4 0.8835106382978724 0.36435185185185187 0.006382978723404255 0.013888888888888888
4 0.8518617021276595 0.36435185185185187 0.005851063829787234 0.013888888888888888
4 0.8281914893617022 0.3787037037037037 0.007446808510638298 0.022222222222222223
4 0.8321808510638298 0.3731481481481482 0.005851063829787234 0.016666666666666666
4 0.8359042553191489 0.36944444444444446 0.0047872340425531915 0.014814814814814815