0 0.4975626740947075 0.8043384879725086 0.09261838440111421 0.15506872852233677
0 0.24460306406685237 0.5184707903780069 0.014275766016713091 0.02147766323024055
0 0.4254874651810585 0.5210481099656358 0.013231197771587743 0.022336769759450172
0 0.6253481894150418 0.521692439862543 0.012534818941504178 0.02104810996563574
0 0.7992688022284122 0.5390893470790378 0.017757660167130918 0.02663230240549828
0 0.8615947075208914 0.5322164948453608 0.017061281337047353 0.023195876288659795
0 0.8991991643454039 0.5605670103092784 0.026114206128133706 0.03436426116838488
4 0.07433844011142061 0.5255584192439863 0.019846796657381614 0.02620274914089347
4 0.16643454038997216 0.5444587628865979 0.02576601671309192 0.03479381443298969
4 0.3020543175487465 0.5073024054982818 0.010793871866295265 0.01718213058419244
4 0.4371518105849582 0.5822594501718213 0.028899721448467967 0.04939862542955326
4 0.4634401114206128 0.5124570446735395 0.010445682451253482 0.01804123711340206
4 0.6573816155988857 0.5270618556701031 0.01532033426183844 0.023195876288659795
4 0.7057799442896936 0.5234106529209622 0.011838440111420613 0.02104810996563574
4 0.8640320334261838 0.5964347079037801 0.04004178272980501 0.05369415807560137
2 0.25487465181058494 0.5077319587628866 0.011142061281337047 0.01804123711340206
2 0.3675139275766017 0.5281357388316151 0.015668523676880222 0.02534364261168385
2 0.5074860724233984 0.5139604810996563 0.010793871866295265 0.018470790378006873
2 0.557625348189415 0.5339347079037801 0.016364902506963788 0.02663230240549828
2 0.6866295264623955 0.5472508591065293 0.018802228412256268 0.03006872852233677
2 0.8452298050139275 0.5244845360824743 0.01288300835654596 0.019759450171821305