0 0.2348404255319149 0.39351851851851855 0.010106382978723405 0.024074074074074074
0 0.13856382978723406 0.44027777777777777 0.018617021276595744 0.041666666666666664
0 0.30425531914893617 0.38055555555555554 0.009574468085106383 0.020370370370370372
0 0.1779255319148936 0.41203703703703703 0.013297872340425532 0.03148148148148148
0 0.0851063829787234 0.4949074074074074 0.02127659574468085 0.062037037037037036
0 0.3515957446808511 0.3712962962962963 0.007446808510638298 0.018518518518518517
0 0.38670212765957446 0.36527777777777776 0.005319148936170213 0.013888888888888888
0 0.3571808510638298 0.35694444444444445 0.0047872340425531915 0.012037037037037037
0 0.37686170212765957 0.3587962962962963 0.006914893617021276 0.013888888888888888
0 0.3997340425531915 0.36064814814814816 0.0047872340425531915 0.013888888888888888
0 0.39654255319148934 0.3587962962962963 0.003723404255319149 0.012037037037037037
0 0.8164893617021277 0.37222222222222223 0.010638297872340425 0.012962962962962963
0 0.875 0.3800925925925926 0.011702127659574468 0.013888888888888888
4 0.49388297872340425 0.4837962962962963 0.02925531914893617 0.062037037037037036
4 0.4273936170212766 0.43425925925925923 0.01648936170212766 0.040740740740740744
4 0.42127659574468085 0.38055555555555554 0.00851063829787234 0.020370370370370372
4 0.7093085106382979 0.6069444444444444 0.06329787234042553 0.12314814814814815
4 0.4720744680851064 0.3726851851851852 0.006914893617021276 0.017592592592592594
4 0.40797872340425534 0.4101851851851852 0.01276595744680851 0.02962962962962963
4 0.4023936170212766 0.3939814814814815 0.010106382978723405 0.023148148148148147
4 0.43563829787234043 0.3560185185185185 0.005319148936170213 0.013888888888888888
4 0.474468085106383 0.3592592592592593 0.005319148936170213 0.012962962962962963
4 0.48909574468085104 0.36574074074074076 0.005851063829787234 0.012962962962962963
4 0.49148936170212765 0.3611111111111111 0.005319148936170213 0.011111111111111112
4 0.3930851063829787 0.3527777777777778 0.00425531914893617 0.012962962962962963
2 0.25957446808510637 0.3574074074074074 0.011702127659574468 0.011111111111111112