4 0.8452298050139275 0.6103260869565217 0.03447075208913649 0.12282608695652174
4 0.8770891364902507 0.5125 0.02158774373259053 0.07282608695652174
4 0.8727367688022284 0.4342391304347826 0.008704735376044569 0.035869565217391305
0 0.34975626740947074 0.5494565217391304 0.03655988857938719 0.125
0 0.5748607242339833 0.4673913043478261 0.02158774373259053 0.06956521739130435
4 0.8960654596100278 0.46793478260869564 0.013579387186629526 0.05326086956521739
4 0.8476671309192201 0.41793478260869565 0.007311977715877437 0.03152173913043478
0 0.6951601671309192 0.43967391304347825 0.012186629526462395 0.04891304347826087
0 0.7144846796657381 0.4190217391304348 0.008356545961002786 0.03152173913043478
0 0.8561977715877437 0.3907608695652174 0.005571030640668524 0.01847826086956522
4 0.9477715877437326 0.40869565217391307 0.006267409470752089 0.021739130434782608
4 0.8225974930362117 0.4048913043478261 0.007311977715877437 0.025
0 0.7540041782729805 0.3842391304347826 0.005222841225626741 0.01847826086956522
0 0.8034470752089137 0.3864130434782609 0.005919220055710306 0.01847826086956522
4 0.8746518105849582 0.39891304347826084 0.005571030640668524 0.01956521739130435
0 0.7176183844011143 0.4032608695652174 0.005571030640668524 0.02826086956521739
4 0.8178969359331476 0.39565217391304347 0.005571030640668524 0.021739130434782608