4 0.7299791086350975 0.5815217391304348 0.03516713091922006 0.1282608695652174
0 0.4014623955431755 0.39021739130434785 0.012534818941504178 0.043478260869565216
4 0.549616991643454 0.4722826086956522 0.01915041782729805 0.07717391304347826
0 0.3382660167130919 0.41358695652173916 0.014275766016713091 0.05543478260869565
4 0.5099233983286908 0.42391304347826086 0.017061281337047353 0.05652173913043478
0 0.3675139275766017 0.36630434782608695 0.008008356545961003 0.03260869565217391
0 0.42392061281337046 0.3423913043478261 0.005222841225626741 0.02391304347826087
4 0.6037604456824512 0.3766304347826087 0.009052924791086351 0.03369565217391304
0 0.23694289693593315 0.3760869565217391 0.010793871866295265 0.0391304347826087
0 0.3788300835654596 0.32663043478260867 0.004874651810584958 0.020652173913043477
0 0.4592618384401114 0.32608695652173914 0.003481894150417827 0.015217391304347827
0 0.10741643454038997 0.39293478260869563 0.013579387186629526 0.04891304347826087
4 0.5861768802228412 0.35380434782608694 0.005919220055710306 0.025
4 0.5583217270194986 0.39565217391304347 0.010793871866295265 0.043478260869565216
4 0.5786908077994429 0.3451086956521739 0.005571030640668524 0.020652173913043477
0 0.522458217270195 0.32119565217391305 0.0031337047353760445 0.02282608695652174
4 0.30362116991643456 0.34619565217391307 0.00766016713091922 0.02717391304347826
0 0.4925139275766017 0.37228260869565216 0.0100974930362117 0.035869565217391305
0 0.5092270194986073 0.3581521739130435 0.008008356545961003 0.029347826086956522
0 0.4126044568245125 0.32608695652173914 0.004178272980501393 0.017391304347826087
4 0.38857938718662954 0.3184782608695652 0.004178272980501393 0.017391304347826087
4 0.5938370473537604 0.36195652173913045 0.008008356545961003 0.02826086956521739
4 0.3104108635097493 0.33152173913043476 0.006615598885793872 0.02391304347826087
4 0.2994428969359331 0.3222826086956522 0.005571030640668524 0.020652173913043477
4 0.5731197771587744 0.3375 0.004178272980501393 0.01847826086956522
0 0.38474930362116994 0.33315217391304347 0.004874651810584958 0.020652173913043477
4 0.2943941504178273 0.3173913043478261 0.004526462395543176 0.017391304347826087
4 0.5483983286908078 0.3157608695652174 0.003481894150417827 0.011956521739130435
4 0.5670264623955432 0.33206521739130435 0.00383008356545961 0.016304347826086956
0 0.5198467966573816 0.33315217391304347 0.004178272980501393 0.02282608695652174
4 0.4740598885793872 0.3092391304347826 0.002437325905292479 0.011956521739130435
0 0.4717966573816156 0.31956521739130433 0.002785515320334262 0.015217391304347827
0 0.45630222841225626 0.3130434782608696 0.002437325905292479 0.010869565217391304
4 0.5106197771587744 0.3119565217391304 0.002437325905292479 0.010869565217391304
0 0.41469359331476324 0.35434782608695653 0.00766016713091922 0.02826086956521739
4 0.5621518105849582 0.3244565217391304 0.002437325905292479 0.011956521739130435
4 0.3462743732590529 0.3173913043478261 0.004526462395543176 0.017391304347826087
0 0.459958217270195 0.3135869565217391 0.0020891364902506965 0.011956521739130435
0 0.4923398328690808 0.3130434782608696 0.002785515320334262 0.010869565217391304
0 0.46831476323119775 0.3125 0.002785515320334262 0.011956521739130435
4 0.564066852367688 0.32771739130434785 0.002785515320334262 0.014130434782608696
0 0.5134052924791086 0.34945652173913044 0.004526462395543176 0.025
0 0.5163649025069638 0.3423913043478261 0.004178272980501393 0.021739130434782608
4 0.5604108635097493 0.32065217391304346 0.0017409470752089136 0.010869565217391304
4 0.4399373259052925 0.3092391304347826 0.0031337047353760445 0.011956521739130435
4 0.5588440111420613 0.3184782608695652 0.0020891364902506965 0.010869565217391304
0 0.5125348189415042 0.3141304347826087 0.0020891364902506965 0.010869565217391304
0 0.47493036211699163 0.3233695652173913 0.002785515320334262 0.014130434782608696
0 0.2526114206128134 0.5896739130434783 0.03655988857938719 0.1423913043478261
0 0.29491643454038996 0.46467391304347827 0.023676880222841225 0.07717391304347826
4 0.08931058495821727 0.3592391304347826 0.01149025069637883 0.04021739130434782
4 0.2280640668523677 0.35380434782608694 0.009749303621169917 0.03369565217391304
4 0.41608635097493035 0.3190217391304348 0.003481894150417827 0.014130434782608696
4 0.4141713091922006 0.31032608695652175 0.002437325905292479 0.014130434782608696
4 0.4176532033426184 0.3141304347826087 0.002437325905292479 0.013043478260869565