0 0.7813829787234042 0.4462962962962963 0.022340425531914895 0.046296296296296294
0 0.12074468085106382 0.3907407407407407 0.00851063829787234 0.020370370370370372
0 0.3601063829787234 0.5064814814814815 0.030851063829787233 0.07037037037037037
0 0.21595744680851064 0.3837962962962963 0.006382978723404255 0.017592592592592594
0 0.5694148936170212 0.4666666666666667 0.021808510638297873 0.053703703703703705
0 0.6885638297872341 0.37824074074074077 0.005851063829787234 0.01574074074074074
0 0.6218085106382979 0.3763888888888889 0.005319148936170213 0.01574074074074074
0 0.5486702127659574 0.375 0.005851063829787234 0.014814814814814815
0 0.5050531914893617 0.3712962962962963 0.0047872340425531915 0.014814814814814815
0 0.27154255319148934 0.3768518518518518 0.0047872340425531915 0.016666666666666666
0 0.31170212765957445 0.37083333333333335 0.005319148936170213 0.013888888888888888
0 0.3425531914893617 0.36666666666666664 0.00425531914893617 0.012962962962962963
0 0.37127659574468086 0.3625 0.00425531914893617 0.012037037037037037
0 0.3952127659574468 0.3611111111111111 0.00425531914893617 0.011111111111111112
0 0.4444148936170213 0.3611111111111111 0.003723404255319149 0.011111111111111112
0 0.4843085106382979 0.36712962962962964 0.003723404255319149 0.013888888888888888
0 0.47686170212765955 0.3638888888888889 0.003723404255319149 0.011111111111111112
0 0.8973404255319148 0.37407407407407406 0.007446808510638298 0.018518518518518517
4 0.7247340425531915 0.3731481481481482 0.006914893617021276 0.016666666666666666
4 0.8587765957446809 0.6194444444444445 0.056914893617021275 0.12777777777777777
4 0.1976063829787234 0.3731481481481482 0.006914893617021276 0.016666666666666666
4 0.651595744680851 0.37175925925925923 0.006382978723404255 0.017592592592592594
4 0.13297872340425532 0.37916666666666665 0.007446808510638298 0.017592592592592594
4 0.249468085106383 0.3680555555555556 0.006382978723404255 0.01574074074074074
4 0.3414893617021277 0.3574074074074074 0.005319148936170213 0.011111111111111112
4 0.8914893617021277 0.3699074074074074 0.006382978723404255 0.017592592592592594
4 0.5901595744680851 0.37175925925925923 0.005851063829787234 0.01574074074074074
4 0.28324468085106386 0.3638888888888889 0.0047872340425531915 0.014814814814814815
4 0.30851063829787234 0.36064814814814816 0.005319148936170213 0.012037037037037037
4 0.38218085106382976 0.35694444444444445 0.003723404255319149 0.010185185185185186
4 0.42819148936170215 0.3578703703703704 0.00425531914893617 0.012037037037037037
4 0.4696808510638298 0.35833333333333334 0.00425531914893617 0.011111111111111112
4 0.5074468085106383 0.36018518518518516 0.005319148936170213 0.012962962962962963
4 0.535904255319149 0.3638888888888889 0.0047872340425531915 0.012962962962962963
4 0.5561170212765958 0.3680555555555556 0.0047872340425531915 0.013888888888888888
2 0.17101063829787233 0.43657407407407406 0.03776595744680851 0.032407407407407406
2 0.36648936170212765 0.3958333333333333 0.014893617021276596 0.017592592592592594
1 0.7904255319148936 0.3662037037037037 0.00851063829787234 0.026851851851851852
1 0.7981382978723405 0.37083333333333335 0.009042553191489361 0.028703703703703703
1 0.8125 0.3680555555555556 0.009042553191489361 0.025
1 0.823936170212766 0.37037037037037035 0.009574468085106383 0.02962962962962963