0 0.7620125348189415 0.3119565217391304 0.006615598885793872 0.021739130434782608
0 0.14676183844011143 0.30869565217391304 0.017061281337047353 0.05217391304347826
0 0.8067548746518106 0.32282608695652176 0.006267409470752089 0.02608695652173913
0 0.8838788300835655 0.33695652173913043 0.008008356545961003 0.02826086956521739
0 0.3629874651810585 0.2619565217391304 0.005222841225626741 0.021739130434782608
0 0.27959610027855153 0.27119565217391306 0.008356545961002786 0.03152173913043478
0 0.2400766016713092 0.2875 0.01288300835654596 0.04021739130434782
4 0.403899721448468 0.28804347826086957 0.00766016713091922 0.03260869565217391
4 0.4101671309192201 0.3092391304347826 0.010445682451253482 0.04021739130434782
0 0.8152855153203342 0.30380434782608695 0.00383008356545961 0.016304347826086956
4 0.3125 0.4489130434782609 0.030292479108635098 0.10652173913043478
0 0.7943941504178273 0.30380434782608695 0.00383008356545961 0.016304347826086956
4 0.37308495821727017 0.33043478260869563 0.014275766016713091 0.05
4 0.41051532033426186 0.27445652173913043 0.006963788300835654 0.025
4 0.6140320334261838 0.7608695652173914 0.03238161559888579 0.17173913043478262
4 0.4813718662952646 0.26902173913043476 0.004526462395543176 0.01847826086956522
4 0.6700905292479109 0.2847826086956522 0.00383008356545961 0.017391304347826087
4 0.493558495821727 0.26413043478260867 0.00383008356545961 0.017391304347826087
4 0.650591922005571 0.2875 0.004526462395543176 0.020652173913043477
4 0.5026114206128134 0.2608695652173913 0.0031337047353760445 0.015217391304347827
4 0.7155292479108635 0.28858695652173916 0.003481894150417827 0.016304347826086956
4 0.7994428969359332 0.28804347826086957 0.0020891364902506965 0.010869565217391304
4 0.9251392757660167 0.3081521739130435 0.002785515320334262 0.011956521739130435
4 0.8598537604456824 0.2956521739130435 0.002437325905292479 0.013043478260869565
4 0.7261490250696379 0.3135869565217391 0.007311977715877437 0.029347826086956522
4 0.4402855153203343 0.2728260869565217 0.005222841225626741 0.021739130434782608
0 0.7350278551532033 0.29728260869565215 0.004178272980501393 0.01847826086956522
0 0.8321727019498607 0.296195652173913 0.003481894150417827 0.014130434782608696
0 0.4782381615598886 0.24945652173913044 0.0031337047353760445 0.014130434782608696
0 0.4113857938718663 0.25706521739130433 0.004526462395543176 0.01847826086956522
0 0.8894498607242339 0.3059782608695652 0.0031337047353760445 0.014130434782608696
0 0.8229456824512534 0.30217391304347824 0.00383008356545961 0.015217391304347827
4 0.8628133704735376 0.34619565217391307 0.011142061281337047 0.035869565217391305
4 0.3126740947075209 0.37119565217391304 0.017409470752089137 0.07065217391304347
0 0.31963788300835655 0.2668478260869565 0.006963788300835654 0.025
4 0.5562325905292479 0.2548913043478261 0.002437325905292479 0.014130434782608696
4 0.9355849582172702 0.29836956521739133 0.002785515320334262 0.009782608695652175
4 0.7221448467966574 0.26413043478260867 0.0020891364902506965 0.010869565217391304
0 0.5013927576601671 0.2483695652173913 0.003481894150417827 0.014130434782608696
0 0.43036211699164345 0.25217391304347825 0.004874651810584958 0.017391304347826087
4 0.5428272980501393 0.25706521739130433 0.002785515320334262 0.014130434782608696
4 0.5933147632311978 0.2548913043478261 0.0020891364902506965 0.011956521739130435
4 0.7526114206128134 0.28532608695652173 0.002437325905292479 0.011956521739130435
4 0.6643454038997214 0.29728260869565215 0.005571030640668524 0.02282608695652174
4 0.8142409470752089 0.2798913043478261 0.0017409470752089136 0.009782608695652175
0 0.7306754874651811 0.3027173913043478 0.004526462395543176 0.01847826086956522
4 0.841399721448468 0.2842391304347826 0.0017409470752089136 0.009782608695652175
0 0.453516713091922 0.2510869565217391 0.00383008356545961 0.015217391304347827
0 0.8203342618384402 0.29782608695652174 0.002785515320334262 0.013043478260869565
4 0.5250696378830083 0.2592391304347826 0.002785515320334262 0.014130434782608696
4 0.6887186629526463 0.2608695652173913 0.0020891364902506965 0.008695652173913044
4 0.748433147632312 0.28641304347826085 0.002437325905292479 0.014130434782608696
4 0.5706824512534819 0.2543478260869565 0.002785515320334262 0.013043478260869565
4 0.870125348189415 0.2891304347826087 0.001392757660167131 0.008695652173913044
0 0.8384401114206128 0.2826086956521739 0.0020891364902506965 0.008695652173913044
0 0.9284470752089137 0.296195652173913 0.002437325905292479 0.009782608695652175
0 0.5215877437325905 0.2467391304347826 0.002785515320334262 0.013043478260869565
4 0.6175139275766016 0.2559782608695652 0.0017409470752089136 0.011956521739130435
4 0.7493036211699164 0.26956521739130435 0.0020891364902506965 0.008695652173913044
4 0.7827298050139275 0.27554347826086956 0.0020891364902506965 0.007608695652173913
0 0.5442200557103064 0.2483695652173913 0.0020891364902506965 0.009782608695652175
0 0.5760793871866295 0.25217391304347825 0.0017409470752089136 0.008695652173913044
4 0.75 0.29130434782608694 0.003481894150417827 0.015217391304347827
0 0.7646239554317549 0.26956521739130435 0.0020891364902506965 0.008695652173913044
0 0.7273676880222841 0.26358695652173914 0.0020891364902506965 0.009782608695652175
4 0.6418871866295265 0.25706521739130433 0.0017409470752089136 0.011956521739130435
0 0.6027158774373259 0.2532608695652174 0.0020891364902506965 0.008695652173913044
0 0.6319637883008357 0.2565217391304348 0.0020891364902506965 0.008695652173913044
0 0.666782729805014 0.25869565217391305 0.0020891364902506965 0.008695652173913044
0 0.6963788300835655 0.2608695652173913 0.001392757660167131 0.008695652173913044
0 0.8010097493036211 0.27608695652173915 0.0017409470752089136 0.008695652173913044
4 0.6598189415041783 0.25706521739130433 0.0020891364902506965 0.011956521739130435
0 0.871866295264624 0.2891304347826087 0.001392757660167131 0.006521739130434782
0 0.9011142061281338 0.29293478260869565 0.0020891364902506965 0.009782608695652175
4 0.9026810584958217 0.29293478260869565 0.0010445682451253482 0.009782608695652175