0 0.2402506963788301 0.4267611683848797 0.012534818941504178 0.018470790378006873
0 0.18906685236768803 0.49742268041237114 0.013231197771587743 0.02147766323024055
0 0.13248607242339833 0.5195446735395189 0.022632311977715876 0.0313573883161512
0 0.14049442896935932 0.49377147766323026 0.014275766016713091 0.019329896907216496
0 0.06389275766016714 0.48109965635738833 0.01288300835654596 0.01718213058419244
0 0.07468662952646239 0.47100515463917525 0.008704735376044569 0.01245704467353952
4 0.6317896935933147 0.6928694158075601 0.06023676880222841 0.09965635738831616
4 0.3368732590529248 0.5796821305841925 0.03238161559888579 0.054553264604811
4 0.2540041782729805 0.5371563573883161 0.02402506963788301 0.037371134020618556
4 0.2762883008356546 0.5176116838487973 0.019846796657381614 0.027491408934707903
4 0.201949860724234 0.42933848797250856 0.009749303621169917 0.015034364261168385
4 0.1655640668523677 0.45103092783505155 0.007311977715877437 0.01288659793814433
4 0.11716573816155988 0.5431701030927835 0.029596100278551533 0.041666666666666664
4 0.125 0.4686426116838488 0.006963788300835654 0.012027491408934709
2 0.2851671309192201 0.5594931271477663 0.03899721448467967 0.0313573883161512
2 0.15633704735376044 0.4849656357388316 0.011838440111420613 0.01718213058419244