0 0.8313022284122563 0.22934782608695653 0.007311977715877437 0.02826086956521739
0 0.8452298050139275 0.21684782608695652 0.005919220055710306 0.02282608695652174
0 0.8114554317548747 0.24891304347826088 0.0100974930362117 0.03695652173913044
0 0.7747214484679665 0.2831521739130435 0.013231197771587743 0.04891304347826087
0 0.4218314763231198 0.5896739130434783 0.047701949860724235 0.175
2 0.7240598885793872 0.23152173913043478 0.006615598885793872 0.02608695652173913
2 0.7853412256267409 0.20869565217391303 0.005919220055710306 0.01956521739130435
0 0.8723885793871866 0.19130434782608696 0.00383008356545961 0.015217391304347827
0 0.8680362116991643 0.1956521739130435 0.004874651810584958 0.015217391304347827
0 0.7014275766016713 0.3483695652173913 0.019846796657381614 0.075
0 0.8549791086350975 0.2076086956521739 0.005222841225626741 0.01956521739130435
1 0.4620473537604457 0.5108695652173914 0.057799442896935935 0.25217391304347825
0 0.8617688022284122 0.2016304347826087 0.004178272980501393 0.016304347826086956
0 0.8763927576601671 0.1891304347826087 0.002785515320334262 0.013043478260869565
1 0.37169220055710306 0.5793478260869566 0.07277158774373259 0.30217391304347824
0 0.8790041782729805 0.18641304347826088 0.002437325905292479 0.011956521739130435
0 0.8844011142061281 0.18097826086956523 0.0020891364902506965 0.009782608695652175
4 0.950383008356546 0.17880434782608695 0.0017409470752089136 0.014130434782608696
4 0.9482938718662952 0.1766304347826087 0.002437325905292479 0.011956521739130435
4 0.9462047353760445 0.17554347826086958 0.002437325905292479 0.009782608695652175
0 0.8816155988857939 0.18315217391304348 0.002785515320334262 0.011956521739130435
0 0.8859679665738162 0.17989130434782608 0.0017409470752089136 0.009782608695652175