0 0.17200557103064068 0.7405405405405405 0.12047353760445682 0.2554054054054054
0 0.6058495821727019 0.2733108108108108 0.018802228412256268 0.038513513513513516
0 0.7677576601671309 0.25 0.0201949860724234 0.03648648648648649
0 0.8372214484679665 0.22195945945945947 0.012186629526462395 0.030405405405405407
0 0.3788300835654596 0.2885135135135135 0.016713091922005572 0.03648648648648649
0 0.23015320334261838 0.2908783783783784 0.018105849582172703 0.037162162162162164
0 0.0807799442896936 0.2902027027027027 0.017409470752089137 0.03445945945945946
4 0.6323119777158774 0.37263513513513513 0.037604456824512536 0.0804054054054054
4 0.23938022284122562 0.36858108108108106 0.03307799442896936 0.07094594594594594
4 0.2837743732590529 0.35 0.03064066852367688 0.062162162162162166
4 0.9272284122562674 0.39222972972972975 0.04665738161559889 0.10608108108108108
4 0.6260445682451253 0.3331081081081081 0.028551532033426183 0.06621621621621622
2 0.06197771587743733 0.2902027027027027 0.017409470752089137 0.03445945945945946