0 0.41451949860724235 0.5315721649484536 0.017061281337047353 0.02534364261168385
0 0.5698119777158774 0.552405498281787 0.02541782729805014 0.0352233676975945
0 0.9334958217270195 0.5895618556701031 0.034818941504178275 0.05283505154639175
4 0.1535515320334262 0.5573453608247423 0.025069637883008356 0.03651202749140894
4 0.2562674094707521 0.5302835051546392 0.014623955431754874 0.024484536082474227
4 0.5504874651810585 0.520618556701031 0.013927576601671309 0.02147766323024055
4 0.711525069637883 0.5399484536082474 0.019846796657381614 0.029209621993127148
2 0.4451601671309192 0.5567010309278351 0.02193593314763231 0.03608247422680412
2 0.4979108635097493 0.5189003436426117 0.013927576601671309 0.020618556701030927
2 0.6443245125348189 0.6054553264604811 0.03447075208913649 0.05713058419243986
2 0.7700208913649025 0.5472508591065293 0.02054317548746518 0.03264604810996564
2 0.7585306406685237 0.7356099656357389 0.07486072423398328 0.11554982817869416