0 0.8516713091922006 0.20978260869565218 0.006267409470752089 0.02608695652173913
4 0.8838788300835655 0.23097826086956522 0.009401114206128134 0.035869565217391305
0 0.5873955431754875 0.38804347826086955 0.0201949860724234 0.08695652173913043
0 0.7832520891364902 0.225 0.007311977715877437 0.02826086956521739
0 0.8212047353760445 0.21793478260869564 0.006615598885793872 0.02717391304347826
0 0.5351671309192201 0.3173913043478261 0.012534818941504178 0.05434782608695652
0 0.6284818941504178 0.24619565217391304 0.006267409470752089 0.029347826086956522
0 0.5586699164345403 0.4657608695652174 0.02681058495821727 0.12282608695652174
4 0.8732590529247911 0.31032608695652175 0.017409470752089137 0.06847826086956521
0 0.5586699164345403 0.2592391304347826 0.007311977715877437 0.03152173913043478
4 0.9432451253481894 0.2184782608695652 0.009052924791086351 0.03260869565217391
4 0.7125696378830083 0.2614130434782609 0.0100974930362117 0.04021739130434782
0 0.5135793871866295 0.2847826086956522 0.009052924791086351 0.0391304347826087
0 0.5781685236768802 0.34402173913043477 0.015668523676880222 0.06630434782608696
0 0.37970055710306405 0.6608695652173913 0.05466573816155989 0.20434782608695654
0 0.9305362116991643 0.18097826086956523 0.00383008356545961 0.016304347826086956
0 0.8527158774373259 0.1956521739130435 0.004178272980501393 0.01956521739130435
0 0.887883008356546 0.18858695652173912 0.003481894150417827 0.01847826086956522
0 0.7073467966573816 0.2358695652173913 0.006615598885793872 0.030434782608695653
0 0.8600278551532033 0.2016304347826087 0.004178272980501393 0.02282608695652174
4 0.7503481894150418 0.28369565217391307 0.012534818941504178 0.05217391304347826
0 0.8642061281337048 0.2048913043478261 0.004874651810584958 0.025
4 0.7498259052924791 0.25 0.009401114206128134 0.03695652173913044