0 0.58008356545961 0.38804347826086955 0.01532033426183844 0.06086956521739131
0 0.45125348189415043 0.4043478260869565 0.016713091922005572 0.07391304347826087
4 0.8803969359331476 0.4940217391304348 0.021239554317548745 0.08369565217391305
4 0.9153899721448467 0.35434782608695653 0.005571030640668524 0.021739130434782608
0 0.620125348189415 0.3402173913043478 0.009052924791086351 0.041304347826086954
4 0.7613161559888579 0.6152173913043478 0.03447075208913649 0.15
4 0.7522632311977716 0.32119565217391305 0.005222841225626741 0.020652173913043477
4 0.8311281337047354 0.3967391304347826 0.013927576601671309 0.04782608695652174
0 0.5510097493036211 0.3027173913043478 0.006615598885793872 0.02717391304347826
0 0.6309192200557103 0.35543478260869565 0.011142061281337047 0.043478260869565216
0 0.599408077994429 0.2940217391304348 0.004526462395543176 0.020652173913043477
0 0.5713788300835655 0.296195652173913 0.005571030640668524 0.02282608695652174
0 0.5926183844011143 0.325 0.00766016713091922 0.034782608695652174
0 0.6211699164345403 0.3755434782608696 0.013927576601671309 0.051086956521739134
0 0.24129526462395542 0.4152173913043478 0.02298050139275766 0.09565217391304348
4 0.8715181058495822 0.4434782608695652 0.01532033426183844 0.06304347826086956
4 0.6782729805013927 0.32608695652173914 0.006963788300835654 0.02826086956521739
4 0.7144846796657381 0.3407608695652174 0.006963788300835654 0.03152173913043478
0 0.7052576601671309 0.3059782608695652 0.00383008356545961 0.01847826086956522
4 0.6704387186629527 0.3157608695652174 0.005919220055710306 0.025
0 0.9298398328690808 0.35108695652173916 0.004526462395543176 0.01956521739130435
4 0.7816852367688022 0.3690217391304348 0.009052924791086351 0.03804347826086957
0 0.8483635097493036 0.3342391304347826 0.004526462395543176 0.016304347826086956
4 0.7982242339832869 0.328804347826087 0.004526462395543176 0.020652173913043477
0 0.7721100278551533 0.3184782608695652 0.00383008356545961 0.01956521739130435
0 0.647458217270195 0.29782608695652174 0.004526462395543176 0.017391304347826087
4 0.6850626740947076 0.3135869565217391 0.005919220055710306 0.02282608695652174
4 0.8683844011142061 0.34347826086956523 0.005571030640668524 0.021739130434782608
4 0.8387883008356546 0.782608695652174 0.028551532033426183 0.12608695652173912
4 0.7143105849582173 0.31467391304347825 0.005222841225626741 0.020652173913043477