0 0.8293871866295265 0.3755434782608696 0.009052924791086351 0.03369565217391304
4 0.5447423398328691 0.46467391304347827 0.022632311977715876 0.0967391304347826
0 0.5835654596100278 0.3358695652173913 0.008356545961002786 0.03695652173913044
0 0.3384401114206128 0.33858695652173915 0.014623955431754874 0.057608695652173914
0 0.9141713091922006 0.39456521739130435 0.009401114206128134 0.03260869565217391
4 0.6389275766016713 0.3875 0.011838440111420613 0.05543478260869565
0 0.17792479108635098 0.3864130434782609 0.025069637883008356 0.09021739130434783
0 0.6996866295264624 0.35 0.008008356545961003 0.03260869565217391
4 0.7073467966573816 0.38315217391304346 0.010793871866295265 0.04673913043478261
4 0.5783426183844012 0.4076086956521739 0.014623955431754874 0.06739130434782609
0 0.9305362116991643 0.35978260869565215 0.004526462395543176 0.017391304347826087
0 0.46674791086350975 0.3298913043478261 0.010793871866295265 0.042391304347826085
4 0.7940459610027855 0.3923913043478261 0.0100974930362117 0.043478260869565216
4 0.8760445682451253 0.40706521739130436 0.010445682451253482 0.042391304347826085
4 0.6422353760445683 0.6309782608695652 0.046309192200557105 0.15978260869565217
0 0.9213091922005571 0.3527173913043478 0.004178272980501393 0.016304347826086956
0 0.9411559888579387 0.35543478260869565 0.004178272980501393 0.015217391304347827