0 0.5186281337047354 0.48967391304347824 0.023328690807799445 0.08152173913043478
0 0.666782729805014 0.4423913043478261 0.016016713091922007 0.05652173913043478
0 0.7365947075208914 0.4206521739130435 0.01149025069637883 0.04565217391304348
0 0.3328690807799443 0.4032608695652174 0.010445682451253482 0.041304347826086954
0 0.6723537604456824 0.39891304347826084 0.008356545961002786 0.03695652173913044
0 0.28151114206128136 0.6385869565217391 0.047701949860724235 0.16195652173913044
0 0.1512883008356546 0.4 0.01149025069637883 0.043478260869565216
4 0.9308844011142061 0.5809782608695652 0.030988857938718663 0.11630434782608695
4 0.36821030640668523 0.38532608695652176 0.008008356545961003 0.03369565217391304
0 0.46918523676880225 0.40217391304347827 0.0100974930362117 0.0391304347826087
4 0.8135445682451253 0.4081521739130435 0.0100974930362117 0.035869565217391305
4 0.07938718662952646 0.3739130434782609 0.009749303621169917 0.034782608695652174
4 0.7071727019498607 0.3847826086956522 0.008356545961002786 0.030434782608695653
4 0.8960654596100278 0.43369565217391304 0.01149025069637883 0.041304347826086954
4 0.4972144846796657 0.3798913043478261 0.00766016713091922 0.03152173913043478
0 0.5839136490250696 0.39565217391304347 0.009052924791086351 0.03695652173913044
4 0.6067200557103064 0.37771739130434784 0.008008356545961003 0.03152173913043478
4 0.2198816155988858 0.38532608695652176 0.0100974930362117 0.035869565217391305
4 0.9432451253481894 0.5027173913043478 0.016016713091922007 0.07282608695652174