0 0.2646276595744681 0.587037037037037 0.054787234042553194 0.10925925925925926
0 0.1797872340425532 0.3814814814814815 0.014893617021276596 0.02962962962962963
0 0.5061170212765957 0.45740740740740743 0.027127659574468086 0.05740740740740741
0 0.48377659574468085 0.37083333333333335 0.011170212765957447 0.025
0 0.6239361702127659 0.4185185185185185 0.02021276595744681 0.040740740740740744
0 0.3422872340425532 0.37546296296296294 0.010106382978723405 0.026851851851851852
0 0.5803191489361702 0.3699074074074074 0.010638297872340425 0.025
0 0.6909574468085107 0.40046296296296297 0.018085106382978722 0.03425925925925926
0 0.6882978723404255 0.37962962962962965 0.011702127659574468 0.027777777777777776
4 0.8409574468085106 0.37777777777777777 0.013829787234042552 0.02962962962962963
4 0.20877659574468085 0.36574074074074076 0.01223404255319149 0.025925925925925925
4 0.7425531914893617 0.36666666666666664 0.011702127659574468 0.024074074074074074
4 0.6420212765957447 0.3587962962962963 0.011702127659574468 0.023148148148148147
4 0.5351063829787234 0.35648148148148145 0.009574468085106383 0.022222222222222223
4 0.43377659574468086 0.3578703703703704 0.009042553191489361 0.021296296296296296
4 0.33882978723404256 0.36018518518518516 0.009574468085106383 0.022222222222222223