0 0.15079787234042552 0.39305555555555555 0.009042553191489361 0.021296296296296296
0 0.08085106382978724 0.40555555555555556 0.010638297872340425 0.024074074074074074
0 0.09122340425531915 0.3787037037037037 0.007978723404255319 0.018518518518518517
0 0.1976063829787234 0.3851851851851852 0.007978723404255319 0.020370370370370372
0 0.15824468085106383 0.37453703703703706 0.005851063829787234 0.017592592592592594
0 0.2154255319148936 0.3768518518518518 0.006382978723404255 0.018518518518518517
0 0.7813829787234042 0.40046296296296297 0.015957446808510637 0.019444444444444445
0 0.6691489361702128 0.3912037037037037 0.01276595744680851 0.013888888888888888
0 0.5922872340425532 0.3814814814814815 0.011170212765957447 0.012962962962962963
0 0.5340425531914894 0.37175925925925923 0.010638297872340425 0.010185185185185186
0 0.4965425531914894 0.36527777777777776 0.007978723404255319 0.008333333333333333
4 0.373936170212766 0.5097222222222222 0.036170212765957444 0.07314814814814814
4 0.17712765957446808 0.44675925925925924 0.01702127659574468 0.03981481481481482
4 0.16382978723404254 0.42777777777777776 0.014893617021276596 0.03333333333333333
4 0.17845744680851064 0.4134259259259259 0.013297872340425532 0.028703703703703703
4 0.13537234042553192 0.36898148148148147 0.007978723404255319 0.017592592592592594
4 0.25079787234042555 0.39814814814814814 0.010106382978723405 0.022222222222222223
4 0.20957446808510638 0.36666666666666664 0.007446808510638298 0.016666666666666666
4 0.2651595744680851 0.36898148148148147 0.006914893617021276 0.01574074074074074
4 0.3351063829787234 0.37453703703703706 0.007446808510638298 0.017592592592592594
4 0.3101063829787234 0.38564814814814813 0.007446808510638298 0.019444444444444445
4 0.30664893617021277 0.3712962962962963 0.006914893617021276 0.016666666666666666
1 0.26143617021276594 0.45694444444444443 0.032446808510638296 0.0824074074074074
1 0.22925531914893618 0.4527777777777778 0.031914893617021274 0.07962962962962963