0 0.3199860724233983 0.3407608695652174 0.014623955431754874 0.0641304347826087
4 0.5085306406685237 0.39021739130434785 0.017061281337047353 0.07173913043478261
0 0.6063718662952646 0.3282608695652174 0.009401114206128134 0.0391304347826087
0 0.9016364902506964 0.37282608695652175 0.009401114206128134 0.03695652173913044
0 0.46465877437325903 0.3239130434782609 0.010793871866295265 0.04782608695652174
0 0.1451949860724234 0.4027173913043478 0.03203342618384401 0.10326086956521739
4 0.9401114206128134 0.4 0.013231197771587743 0.043478260869565216
4 0.5907033426183844 0.36467391304347824 0.014275766016713091 0.05543478260869565
4 0.6920264623955432 0.3630434782608696 0.013579387186629526 0.04782608695652174
0 0.7489554317548747 0.3456521739130435 0.009749303621169917 0.034782608695652174
2 0.09836350974930362 0.34402173913043477 0.02193593314763231 0.07717391304347826
4 0.8079735376044568 0.3755434782608696 0.010793871866295265 0.042391304347826085
4 0.46309192200557103 0.47282608695652173 0.027158774373259052 0.1108695652173913
4 0.5708565459610028 0.7445652173913043 0.05605849582172702 0.20434782608695654