0 0.2957446808510638 0.612037037037037 0.05 0.12407407407407407
0 0.6438829787234043 0.5138888888888888 0.03563829787234043 0.07592592592592592
0 0.8215425531914894 0.46944444444444444 0.028191489361702127 0.05555555555555555
0 0.08111702127659574 0.3574074074074074 0.0047872340425531915 0.016666666666666666
0 0.15079787234042552 0.3578703703703704 0.0047872340425531915 0.01574074074074074
0 0.19175531914893618 0.3625 0.0047872340425531915 0.012037037037037037
0 0.20106382978723406 0.3675925925925926 0.00425531914893617 0.014814814814814815
0 0.22659574468085106 0.3726851851851852 0.005319148936170213 0.01574074074074074
0 0.28111702127659577 0.37962962962962965 0.005851063829787234 0.014814814814814815
0 0.3680851063829787 0.38101851851851853 0.006382978723404255 0.017592592592592594
0 0.44388297872340426 0.38333333333333336 0.006914893617021276 0.018518518518518517
0 0.6484042553191489 0.3800925925925926 0.006382978723404255 0.017592592592592594
0 0.7029255319148936 0.38055555555555554 0.006914893617021276 0.018518518518518517
0 0.7819148936170213 0.38101851851851853 0.006382978723404255 0.017592592592592594
0 0.8271276595744681 0.38333333333333336 0.007446808510638298 0.018518518518518517
0 0.8686170212765958 0.3851851851851852 0.00851063829787234 0.020370370370370372
0 0.9228723404255319 0.3939814814814815 0.00425531914893617 0.025
4 0.1300531914893617 0.35462962962962963 0.005851063829787234 0.016666666666666666
4 0.1853723404255319 0.3560185185185185 0.005851063829787234 0.01574074074074074
4 0.23297872340425532 0.35833333333333334 0.005319148936170213 0.014814814814814815
4 0.2667553191489362 0.3638888888888889 0.005851063829787234 0.014814814814814815
4 0.2912234042553192 0.36898148148148147 0.005851063829787234 0.017592592592592594
4 0.3313829787234043 0.375 0.005319148936170213 0.016666666666666666
4 0.4007978723404255 0.3768518518518518 0.005851063829787234 0.016666666666666666
4 0.47925531914893615 0.37592592592592594 0.006382978723404255 0.016666666666666666
4 0.6372340425531915 0.37546296296296294 0.006382978723404255 0.017592592592592594
4 0.7555851063829787 0.37546296296296294 0.006914893617021276 0.017592592592592594
4 0.8609042553191489 0.3768518518518518 0.007978723404255319 0.018518518518518517
1 0.5441489361702128 0.37175925925925923 0.00851063829787234 0.025
1 0.5566489361702127 0.37546296296296294 0.009042553191489361 0.030555555555555555
1 0.5654255319148936 0.37083333333333335 0.007446808510638298 0.025
1 0.5811170212765957 0.37546296296296294 0.009042553191489361 0.028703703703703703