0 0.22719359331476324 0.6273625429553265 0.03934540389972145 0.055412371134020616
0 0.23328690807799443 0.5337199312714777 0.009052924791086351 0.014175257731958763
0 0.35376044568245124 0.5401632302405498 0.012534818941504178 0.018470790378006873
0 0.3178969359331476 0.5642182130584192 0.019498607242339833 0.028780068728522335
0 0.41591225626740946 0.5732388316151202 0.022632311977715876 0.03307560137457045
0 0.42896935933147634 0.5251288659793815 0.00766016713091922 0.01245704467353952
0 0.42235376044568246 0.5120274914089347 0.004874651810584958 0.007731958762886598
0 0.3931058495821727 0.5150343642611683 0.004874651810584958 0.00859106529209622
0 0.3763927576601671 0.5191151202749141 0.005571030640668524 0.009879725085910653
0 0.37952646239554316 0.523840206185567 0.006963788300835654 0.011597938144329897
0 0.4777158774373259 0.5096649484536082 0.004178272980501393 0.006443298969072165
0 0.47893454038997213 0.5302835051546392 0.009401114206128134 0.015893470790378006
0 0.5235027855153204 0.5083762886597938 0.00383008356545961 0.006443298969072165
0 0.533774373259053 0.5191151202749141 0.006267409470752089 0.010738831615120275
0 0.528725626740947 0.5360824742268041 0.01149025069637883 0.018900343642611683
0 0.5584958217270195 0.5083762886597938 0.004178272980501393 0.007302405498281787
0 0.584958217270195 0.5088058419243986 0.003481894150417827 0.007302405498281787
0 0.6129874651810585 0.5096649484536082 0.004526462395543176 0.00816151202749141
0 0.6845403899721448 0.5259879725085911 0.009749303621169917 0.015893470790378006
0 0.692200557103064 0.5143900343642611 0.006267409470752089 0.010738831615120275
0 0.6920264623955432 0.5358676975945017 0.01288300835654596 0.020189003436426118
0 0.7849930362116991 0.5180412371134021 0.008704735376044569 0.014604810996563574
0 0.5633704735376045 0.5584192439862543 0.018802228412256268 0.028350515463917526
4 0.2336350974930362 0.5962199312714777 0.031337047353760444 0.0429553264604811
4 0.235550139275766 0.5287800687285223 0.008008356545961003 0.012027491408934709
4 0.3178969359331476 0.5219072164948454 0.006963788300835654 0.010309278350515464
4 0.3245125348189415 0.5496134020618557 0.013927576601671309 0.02276632302405498
4 0.33130222841225626 0.6091065292096219 0.03447075208913649 0.04896907216494845
4 0.44620473537604455 0.5255584192439863 0.009401114206128134 0.01331615120274914
4 0.4348885793871866 0.5161082474226805 0.006267409470752089 0.009879725085910653
4 0.5391713091922006 0.5163230240549829 0.006615598885793872 0.010309278350515464
4 0.6194289693593314 0.5156786941580757 0.00766016713091922 0.011597938144329897
4 0.6563370473537604 0.5173969072164949 0.008356545961002786 0.01331615120274914
4 0.7651462395543176 0.5532646048109966 0.018454038997214484 0.03006872852233677
4 0.8857938718662952 0.5294243986254296 0.014623955431754874 0.02104810996563574
2 0.20525766016713093 0.5674398625429553 0.021239554317548745 0.028350515463917526
2 0.1979456824512535 0.5444587628865979 0.01149025069637883 0.01761168384879725
2 0.298050139275766 0.531786941580756 0.008356545961002786 0.013745704467353952
2 0.31841922005571033 0.5240549828178694 0.006615598885793872 0.010309278350515464
2 0.4449860724233983 0.5429553264604811 0.012534818941504178 0.019759450171821305
2 0.4155640668523677 0.5180412371134021 0.005919220055710306 0.009450171821305841
2 0.48467966573816157 0.5158934707903781 0.005571030640668524 0.009450171821305841
2 0.5123607242339833 0.522766323024055 0.008704735376044569 0.013745704467353952
2 0.5414345403899722 0.5279209621993127 0.009052924791086351 0.015463917525773196
2 0.5567548746518106 0.5528350515463918 0.013231197771587743 0.02577319587628866
2 0.5875696378830083 0.5874140893470791 0.027506963788300837 0.040807560137457045
2 0.5581476323119777 0.6400343642611683 0.04387186629526462 0.06357388316151202