4 0.7506963788300836 0.5679347826086957 0.028551532033426183 0.10543478260869565
0 0.8997214484679665 0.4418478260869565 0.012534818941504178 0.04456521739130435
4 0.6048050139275766 0.4766304347826087 0.018802228412256268 0.06847826086956521
0 0.3384401114206128 0.4277173913043478 0.011838440111420613 0.04891304347826087
0 0.32172701949860727 0.4 0.009052924791086351 0.0391304347826087
0 0.37308495821727017 0.47934782608695653 0.017757660167130918 0.07173913043478261
0 0.3309540389972145 0.6070652173913044 0.03934540389972145 0.1358695652173913
4 0.6384052924791086 0.4108695652173913 0.009401114206128134 0.034782608695652174
0 0.3709958217270195 0.38858695652173914 0.007311977715877437 0.029347826086956522
4 0.5008704735376045 0.40054347826086956 0.008704735376044569 0.03369565217391304
4 0.5955779944289693 0.38369565217391305 0.005919220055710306 0.02391304347826087
4 0.7842966573816156 0.3733695652173913 0.00383008356545961 0.020652173913043477
4 0.7977019498607242 0.3934782608695652 0.005571030640668524 0.02608695652173913
0 0.44446378830083566 0.3760869565217391 0.005919220055710306 0.02608695652173913
0 0.6885445682451253 0.36684782608695654 0.005222841225626741 0.01847826086956522
4 0.7235376044568245 0.3815217391304348 0.004874651810584958 0.021739130434782608
4 0.8904944289693594 0.3907608695652174 0.005222841225626741 0.020652173913043477
4 0.623433147632312 0.3983695652173913 0.007311977715877437 0.029347826086956522
4 0.5334261838440112 0.3923913043478261 0.006963788300835654 0.02826086956521739
0 0.49912952646239556 0.3695652173913043 0.005222841225626741 0.02391304347826087
4 0.7924791086350975 0.45760869565217394 0.013927576601671309 0.058695652173913045
4 0.692374651810585 0.4315217391304348 0.010793871866295265 0.043478260869565216
4 0.7651462395543176 0.3766304347826087 0.005222841225626741 0.02282608695652174
4 0.7430362116991643 0.39456521739130435 0.006963788300835654 0.02608695652173913
0 0.5767757660167131 0.3695652173913043 0.005222841225626741 0.021739130434782608
0 0.6469359331476323 0.3701086956521739 0.004178272980501393 0.020652173913043477
4 0.9218314763231198 0.3793478260869565 0.005222841225626741 0.01956521739130435
4 0.6643454038997214 0.38369565217391305 0.004874651810584958 0.02391304347826087
4 0.4838091922005571 0.4157608695652174 0.0100974930362117 0.04021739130434782
0 0.9143454038997214 0.4043478260869565 0.005571030640668524 0.02608695652173913
0 0.737116991643454 0.3641304347826087 0.003481894150417827 0.017391304347826087
4 0.6831476323119777 0.39456521739130435 0.006267409470752089 0.030434782608695653
4 0.9267061281337048 0.38913043478260867 0.005222841225626741 0.021739130434782608
0 0.9315807799442897 0.375 0.00383008356545961 0.017391304347826087
0 0.7924791086350975 0.42282608695652174 0.008356545961002786 0.03695652173913044
4 0.8022284122562674 0.37119565217391304 0.004178272980501393 0.01847826086956522
4 0.8711699164345403 0.37119565217391304 0.003481894150417827 0.01847826086956522
0 0.7214484679665738 0.36467391304347824 0.002785515320334262 0.014130434782608696
4 0.8246866295264624 0.36630434782608695 0.0031337047353760445 0.015217391304347827
0 0.762883008356546 0.36141304347826086 0.003481894150417827 0.016304347826086956
4 0.5410863509749304 0.4440217391304348 0.012534818941504178 0.05326086956521739
0 0.7684540389972145 0.40869565217391307 0.008356545961002786 0.034782608695652174
0 0.8523676880222841 0.40597826086956523 0.006963788300835654 0.035869565217391305
4 0.8502785515320335 0.39402173913043476 0.004874651810584958 0.025
0 0.8447075208913649 0.36467391304347824 0.004178272980501393 0.016304347826086956
0 0.8873607242339833 0.3657608695652174 0.00383008356545961 0.01847826086956522
4 0.7722841225626741 0.34456521739130436 0.002785515320334262 0.010869565217391304
4 0.7829038997214485 0.34456521739130436 0.002437325905292479 0.010869565217391304
4 0.7855153203342619 0.34619565217391307 0.002785515320334262 0.011956521739130435
4 0.8311281337047354 0.34619565217391307 0.001392757660167131 0.007608695652173913
0 0.8133704735376045 0.34456521739130436 0.002785515320334262 0.013043478260869565
0 0.8111072423398329 0.34782608695652173 0.002437325905292479 0.008695652173913044
0 0.7992688022284122 0.34619565217391307 0.002437325905292479 0.009782608695652175
2 0.866991643454039 0.3516304347826087 0.0020891364902506965 0.009782608695652175
4 0.8823119777158774 0.3521739130434783 0.002785515320334262 0.013043478260869565
2 0.8037952646239555 0.3483695652173913 0.002437325905292479 0.009782608695652175