0 0.36786211699164345 0.2559782608695652 0.007311977715877437 0.029347826086956522
0 0.6326601671309192 0.31032608695652175 0.013231197771587743 0.05543478260869565
0 0.5635445682451253 0.2717391304347826 0.009401114206128134 0.0391304347826087
0 0.25087047353760444 0.2614130434782609 0.008008356545961003 0.03152173913043478
0 0.6652158774373259 0.4 0.022632311977715876 0.09347826086956522
0 0.08286908077994429 0.26358695652173914 0.00766016713091922 0.02717391304347826
0 0.1512883008356546 0.26467391304347826 0.008008356545961003 0.029347826086956522
4 0.235550139275766 0.24945652173913044 0.006615598885793872 0.025
4 0.7947423398328691 0.28043478260869564 0.014275766016713091 0.04565217391304348
4 0.1592966573816156 0.24891304347826088 0.005222841225626741 0.021739130434782608
4 0.5696378830083565 0.2407608695652174 0.006963788300835654 0.02717391304347826
4 0.46048050139275765 0.2440217391304348 0.005222841225626741 0.02282608695652174
4 0.3321727019498607 0.2451086956521739 0.005571030640668524 0.025
0 0.5104456824512534 0.6331521739130435 0.055710306406685235 0.20326086956521738
4 0.9378481894150418 0.22880434782608697 0.005222841225626741 0.025
4 0.6648676880222841 0.25380434782608696 0.009401114206128134 0.03369565217391304
0 0.2562674094707521 0.22554347826086957 0.003481894150417827 0.014130434782608696
0 0.05954038997214485 0.2375 0.003481894150417827 0.014130434782608696
4 0.8727367688022284 0.22282608695652173 0.005919220055710306 0.02391304347826087
0 0.48346100278551535 0.2532608695652174 0.007311977715877437 0.030434782608695653
4 0.33756963788300837 0.22445652173913044 0.00383008356545961 0.014130434782608696
0 0.18697771587743733 0.22880434782608697 0.003481894150417827 0.014130434782608696
4 0.11263927576601672 0.2467391304347826 0.004526462395543176 0.01956521739130435
0 0.8941504178272981 0.21684782608695652 0.004874651810584958 0.020652173913043477
4 0.594533426183844 0.21358695652173912 0.0031337047353760445 0.014130434782608696
4 0.16434540389972144 0.23423913043478262 0.002785515320334262 0.014130434782608696
4 0.48763927576601673 0.21630434782608696 0.0031337047353760445 0.015217391304347827
4 0.23067548746518104 0.23097826086956522 0.0031337047353760445 0.014130434782608696
4 0.28986768802228413 0.2266304347826087 0.0031337047353760445 0.014130434782608696
0 0.1288300835654596 0.2326086956521739 0.003481894150417827 0.013043478260869565
0 0.8158077994428969 0.21358695652173912 0.004178272980501393 0.014130434782608696
4 0.4376740947075209 0.2184782608695652 0.002785515320334262 0.013043478260869565
4 0.7367688022284122 0.21521739130434783 0.003481894150417827 0.015217391304347827
4 0.0504874651810585 0.24239130434782608 0.002785515320334262 0.017391304347826087
4 0.5443941504178273 0.2157608695652174 0.00383008356545961 0.014130434782608696
4 0.6678272980501393 0.2141304347826087 0.004178272980501393 0.015217391304347827
0 0.6911559888579387 0.21358695652173912 0.004178272980501393 0.016304347826086956
4 0.10950557103064067 0.2375 0.0031337047353760445 0.016304347826086956
0 0.3128481894150418 0.22228260869565217 0.0031337047353760445 0.014130434782608696
0 0.6189066852367688 0.21467391304347827 0.0031337047353760445 0.014130434782608696
0 0.554491643454039 0.21521739130434783 0.0031337047353760445 0.015217391304347827