4 0.1977715877437326 0.4032608695652174 0.023676880222841225 0.09347826086956522
4 0.16364902506963788 0.20652173913043478 0.004178272980501393 0.015217391304347827
4 0.5019150417827298 0.2483695652173913 0.004526462395543176 0.01847826086956522
4 0.05605849582172702 0.21195652173913043 0.004874651810584958 0.021739130434782608
4 0.057103064066852366 0.34891304347826085 0.016016713091922007 0.08043478260869565
4 0.39275766016713093 0.23369565217391305 0.004178272980501393 0.017391304347826087
4 0.6737465181058496 0.2597826086956522 0.002785515320334262 0.013043478260869565
4 0.5877437325905293 0.2565217391304348 0.004178272980501393 0.017391304347826087
4 0.2865598885793872 0.21684782608695652 0.004178272980501393 0.016304347826086956
4 0.36159470752089135 0.508695652173913 0.03516713091922006 0.1391304347826087
0 0.407033426183844 0.22934782608695653 0.003481894150417827 0.015217391304347827
4 0.849408077994429 0.29130434782608694 0.00383008356545961 0.015217391304347827
0 0.5163649025069638 0.24456521739130435 0.004178272980501393 0.015217391304347827
4 0.7721100278551533 0.27445652173913043 0.0031337047353760445 0.014130434782608696
4 0.5522284122562674 0.2532608695652174 0.004178272980501393 0.015217391304347827
4 0.6312674094707521 0.2565217391304348 0.003481894150417827 0.015217391304347827
0 0.07729805013927576 0.19891304347826086 0.004178272980501393 0.01956521739130435
4 0.8058844011142061 0.28152173913043477 0.002437325905292479 0.013043478260869565
0 0.3138927576601671 0.21684782608695652 0.00383008356545961 0.014130434782608696
0 0.2016016713091922 0.2048913043478261 0.004178272980501393 0.016304347826086956
4 0.8939763231197771 0.30434782608695654 0.00383008356545961 0.017391304347826087
4 0.7040389972144847 0.26413043478260867 0.002785515320334262 0.013043478260869565
0 0.4885097493036212 0.2418478260869565 0.003481894150417827 0.016304347826086956
4 0.08756963788300835 0.20271739130434782 0.005222841225626741 0.01847826086956522
4 0.32607938718662954 0.22228260869565217 0.00383008356545961 0.016304347826086956
4 0.2566155988857939 0.21358695652173912 0.004178272980501393 0.016304347826086956
4 0.9481197771587744 0.31521739130434784 0.004178272980501393 0.01956521739130435
0 0.14032033426183843 0.2016304347826087 0.004178272980501393 0.016304347826086956
4 0.6128133704735376 0.2565217391304348 0.002785515320334262 0.015217391304347827
4 0.20473537604456823 0.2076086956521739 0.004178272980501393 0.017391304347826087
0 0.6424094707520891 0.2532608695652174 0.003481894150417827 0.010869565217391304
0 0.26114206128133705 0.21032608695652175 0.004178272980501393 0.014130434782608696
0 0.45665041782729804 0.2375 0.00383008356545961 0.016304347826086956
4 0.36246518105849584 0.22826086956521738 0.004178272980501393 0.017391304347826087
0 0.9336699164345403 0.3059782608695652 0.00383008356545961 0.016304347826086956
0 0.5557103064066853 0.2467391304347826 0.003481894150417827 0.015217391304347827
0 0.6880222841225627 0.2592391304347826 0.002785515320334262 0.011956521739130435
0 0.6046309192200557 0.24945652173913044 0.0031337047353760445 0.011956521739130435
4 0.06006267409470752 0.20380434782608695 0.005222841225626741 0.020652173913043477
4 0.6483286908077994 0.2565217391304348 0.002785515320334262 0.013043478260869565
0 0.43279944289693595 0.23423913043478262 0.003481894150417827 0.016304347826086956
4 0.12465181058495822 0.20380434782608695 0.004178272980501393 0.01847826086956522
0 0.833391364902507 0.2826086956521739 0.0031337047353760445 0.013043478260869565
4 0.866991643454039 0.2967391304347826 0.004178272980501393 0.017391304347826087
0 0.7851671309192201 0.27445652173913043 0.002785515320334262 0.011956521739130435
0 0.9171309192200557 0.30217391304347824 0.003481894150417827 0.015217391304347827
0 0.8810933147632312 0.29293478260869565 0.0031337047353760445 0.014130434782608696
4 0.7378133704735376 0.26956521739130435 0.002785515320334262 0.013043478260869565
4 0.8048398328690808 0.7842391304347827 0.02681058495821727 0.12065217391304348
4 0.07399025069637884 0.225 0.006615598885793872 0.02826086956521739
4 0.8351323119777159 0.28695652173913044 0.0031337047353760445 0.015217391304347827
4 0.4298398328690808 0.23858695652173914 0.00383008356545961 0.01847826086956522
0 0.36403203342618384 0.22282608695652173 0.0031337047353760445 0.015217391304347827
0 0.7352019498607242 0.26521739130434785 0.002437325905292479 0.013043478260869565
4 0.07816852367688022 0.2184782608695652 0.005919220055710306 0.02608695652173913
0 0.5762534818941504 0.24782608695652175 0.003481894150417827 0.015217391304347827
0 0.5393454038997214 0.24728260869565216 0.003481894150417827 0.016304347826086956