0 0.9002437325905293 0.3706521739130435 0.012186629526462395 0.04782608695652174
4 0.22701949860724233 0.40054347826086956 0.02576601671309192 0.08369565217391305
0 0.7594011142061281 0.3402173913043478 0.010445682451253482 0.03695652173913044
0 0.7320682451253482 0.32282608695652176 0.008008356545961003 0.02826086956521739
0 0.6984679665738162 0.3119565217391304 0.006963788300835654 0.02608695652173913
4 0.5917479108635098 0.3027173913043478 0.006615598885793872 0.02717391304347826
4 0.7768105849582173 0.375 0.013927576601671309 0.05434782608695652
0 0.07486072423398328 0.25380434782608696 0.006963788300835654 0.025
4 0.7397284122562674 0.29184782608695653 0.004526462395543176 0.011956521739130435
4 0.15981894150417827 0.30978260869565216 0.00766016713091922 0.041304347826086954
4 0.19707520891364902 0.25815217391304346 0.006267409470752089 0.02282608695652174
4 0.34697075208913647 0.5070652173913044 0.03586350974930362 0.12282608695652174
4 0.16504178272980502 0.3483695652173913 0.018105849582172703 0.06195652173913044
0 0.6526810584958217 0.3016304347826087 0.005919220055710306 0.02282608695652174
4 0.22719359331476324 0.2543478260869565 0.005919220055710306 0.021739130434782608
4 0.8720403899721448 0.3081521739130435 0.00383008356545961 0.016304347826086956
4 0.5349930362116991 0.29130434782608694 0.005919220055710306 0.02391304347826087
0 0.12865598885793872 0.2510869565217391 0.006615598885793872 0.02391304347826087
4 0.6142061281337048 0.33206521739130435 0.009749303621169917 0.03804347826086957
4 0.8107590529247911 0.3 0.00383008356545961 0.013043478260869565
4 0.6735724233983287 0.2842391304347826 0.0031337047353760445 0.014130434782608696
0 0.7308495821727019 0.2967391304347826 0.004874651810584958 0.017391304347826087
0 0.786908077994429 0.30380434782608695 0.004178272980501393 0.016304347826086956
0 0.8450557103064067 0.3141304347826087 0.004874651810584958 0.017391304347826087
4 0.6149025069637883 0.2798913043478261 0.004178272980501393 0.014130434782608696
0 0.6197771587743732 0.2858695652173913 0.004178272980501393 0.01956521739130435
4 0.17026462395543177 0.26521739130434785 0.00766016713091922 0.02826086956521739
4 0.5631963788300836 0.27608695652173915 0.00383008356545961 0.015217391304347827
4 0.48241643454038996 0.2826086956521739 0.005222841225626741 0.021739130434782608
4 0.5097493036211699 0.27391304347826084 0.004178272980501393 0.017391304347826087
0 0.5769498607242339 0.28369565217391307 0.004874651810584958 0.017391304347826087
4 0.29926880222841223 0.24565217391304348 0.00383008356545961 0.015217391304347827
0 0.16643454038997216 0.25 0.004874651810584958 0.01956521739130435
0 0.602541782729805 0.29130434782608694 0.004526462395543176 0.021739130434782608
4 0.9131267409470752 0.30869565217391304 0.002437325905292479 0.013043478260869565
4 0.2705431754874652 0.24782608695652175 0.004874651810584958 0.017391304347826087
4 0.612116991643454 0.3157608695652174 0.005571030640668524 0.03152173913043478
4 0.2540041782729805 0.25 0.004526462395543176 0.01956521739130435
4 0.16399721448467966 0.275 0.006267409470752089 0.030434782608695653
4 0.16208217270194986 0.2891304347826087 0.009401114206128134 0.03695652173913044
0 0.9152158774373259 0.3222826086956522 0.00383008356545961 0.016304347826086956
0 0.6707869080779945 0.2907608695652174 0.004526462395543176 0.016304347826086956
1 0.5712047353760445 0.26032608695652176 0.00383008356545961 0.01847826086956522
1 0.5825208913649025 0.2619565217391304 0.004178272980501393 0.017391304347826087
1 0.5510097493036211 0.25706521739130433 0.002437325905292479 0.016304347826086956
1 0.5628481894150418 0.2576086956521739 0.004526462395543176 0.01956521739130435
0 0.20490947075208912 0.2467391304347826 0.004526462395543176 0.017391304347826087
0 0.2501740947075209 0.24456521739130435 0.00383008356545961 0.015217391304347827
0 0.2862116991643454 0.24347826086956523 0.003481894150417827 0.015217391304347827
0 0.3239902506963788 0.24293478260869567 0.0031337047353760445 0.014130434782608696
0 0.36803621169916434 0.24565217391304348 0.002785515320334262 0.013043478260869565
0 0.4089484679665738 0.24945652173913044 0.0031337047353760445 0.011956521739130435
4 0.3372214484679666 0.2467391304347826 0.00383008356545961 0.015217391304347827
4 0.36612116991643456 0.24891304347826088 0.0031337047353760445 0.013043478260869565
4 0.40302924791086353 0.2510869565217391 0.0031337047353760445 0.013043478260869565
4 0.43819637883008355 0.25380434782608696 0.0031337047353760445 0.014130434782608696
4 0.4674442896935933 0.2559782608695652 0.0031337047353760445 0.014130434782608696
4 0.4959958217270195 0.25815217391304346 0.0031337047353760445 0.011956521739130435
0 0.44864206128133705 0.2532608695652174 0.0031337047353760445 0.013043478260869565
0 0.4813718662952646 0.2559782608695652 0.002437325905292479 0.011956521739130435
0 0.5094011142061281 0.25869565217391305 0.003481894150417827 0.013043478260869565
0 0.5330779944289693 0.2597826086956522 0.002785515320334262 0.013043478260869565
0 0.5569289693593314 0.2614130434782609 0.0031337047353760445 0.011956521739130435
4 0.5254178272980501 0.2597826086956522 0.003481894150417827 0.013043478260869565
4 0.552924791086351 0.2614130434782609 0.002785515320334262 0.011956521739130435
4 0.5762534818941504 0.26304347826086955 0.002785515320334262 0.013043478260869565
4 0.6105501392757661 0.2668478260869565 0.0031337047353760445 0.011956521739130435
4 0.6415389972144847 0.2673913043478261 0.0031337047353760445 0.013043478260869565
0 0.6194289693593314 0.2619565217391304 0.002785515320334262 0.010869565217391304
0 0.6488509749303621 0.26304347826086955 0.002437325905292479 0.010869565217391304
0 0.6709610027855153 0.26358695652173914 0.002785515320334262 0.011956521739130435
0 0.7054317548746518 0.26467391304347826 0.0020891364902506965 0.009782608695652175
0 0.7355501392757661 0.2657608695652174 0.002437325905292479 0.009782608695652175
4 0.6669568245125348 0.26793478260869563 0.0031337047353760445 0.011956521739130435
4 0.6942896935933147 0.26793478260869563 0.002785515320334262 0.011956521739130435
4 0.7256267409470752 0.2684782608695652 0.002785515320334262 0.010869565217391304
4 0.7543523676880223 0.27010869565217394 0.0031337047353760445 0.011956521739130435
4 0.7853412256267409 0.2717391304347826 0.0031337047353760445 0.010869565217391304
4 0.8196378830083565 0.2728260869565217 0.002785515320334262 0.010869565217391304
0 0.7653203342618384 0.2668478260869565 0.002785515320334262 0.009782608695652175
0 0.7931754874651811 0.266304347826087 0.002785515320334262 0.010869565217391304
4 0.9357590529247911 0.3070652173913043 0.00383008356545961 0.016304347826086956
4 0.9432451253481894 0.30217391304347824 0.004178272980501393 0.015217391304347827
4 0.9354108635097493 0.28804347826086957 0.0031337047353760445 0.010869565217391304
4 0.9056406685236769 0.28152173913043477 0.002785515320334262 0.010869565217391304
4 0.9484679665738162 0.29945652173913045 0.003481894150417827 0.014130434782608696
4 0.9465529247910863 0.29347826086956524 0.002437325905292479 0.013043478260869565
0 0.9444637883008357 0.2847826086956522 0.0031337047353760445 0.010869565217391304
0 0.8991991643454039 0.27717391304347827 0.002437325905292479 0.010869565217391304
0 0.8158077994428969 0.2673913043478261 0.002785515320334262 0.010869565217391304