0 0.22353760445682452 0.5369415807560137 0.0201949860724234 0.027491408934707903
0 0.40407381615598886 0.5208333333333334 0.013579387186629526 0.019329896907216496
0 0.42026462395543174 0.5300687285223368 0.014623955431754874 0.023195876288659795
0 0.48119777158774374 0.501073883161512 0.006963788300835654 0.010738831615120275
0 0.5214136490250696 0.5107388316151202 0.009401114206128134 0.014604810996563574
0 0.5492688022284122 0.5322164948453608 0.015668523676880222 0.024054982817869417
0 0.623433147632312 0.501073883161512 0.006615598885793872 0.009879725085910653
0 0.6446727019498607 0.5173969072164949 0.010793871866295265 0.01761168384879725
0 0.647458217270195 0.5105240549828178 0.008704735376044569 0.014175257731958763
0 0.6465877437325905 0.5047250859106529 0.00766016713091922 0.012027491408934709
0 0.6478064066852368 0.49763745704467355 0.005919220055710306 0.00816151202749141
0 0.6831476323119777 0.4944158075601375 0.005571030640668524 0.007731958762886598
0 0.7240598885793872 0.49377147766323026 0.004526462395543176 0.007302405498281787
0 0.7674094707520891 0.5053694158075601 0.00766016713091922 0.011597938144329897
0 0.7717618384401114 0.529639175257732 0.014972144846796657 0.022336769759450172
0 0.788474930362117 0.4944158075601375 0.004526462395543176 0.006872852233676976
0 0.8487116991643454 0.5219072164948454 0.012186629526462395 0.01804123711340206
0 0.8387883008356546 0.4954896907216495 0.005571030640668524 0.007302405498281787
0 0.8751740947075209 0.49742268041237114 0.005222841225626741 0.00859106529209622
0 0.8998955431754875 0.4993556701030928 0.005222841225626741 0.00902061855670103
0 0.9225278551532033 0.502147766323024 0.006615598885793872 0.009450171821305841
4 0.11333565459610027 0.8195876288659794 0.12917827298050139 0.17697594501718214
4 0.28725626740947074 0.5378006872852233 0.020891364902506964 0.02663230240549828
4 0.2862116991643454 0.5287800687285223 0.016016713091922007 0.024054982817869417
4 0.46465877437325903 0.5141752577319587 0.0100974930362117 0.01718213058419244
4 0.5062674094707521 0.49806701030927836 0.006267409470752089 0.009879725085910653
4 0.5898328690807799 0.49699312714776633 0.006267409470752089 0.009450171821305841
4 0.6545961002785515 0.5053694158075601 0.008356545961002786 0.01245704467353952
4 0.6754874651810585 0.5972938144329897 0.035515320334261836 0.05283505154639175
4 0.692374651810585 0.5461769759450171 0.02193593314763231 0.03049828178694158
4 0.7028203342618384 0.49785223367697595 0.006615598885793872 0.009450171821305841
4 0.7963091922005571 0.5034364261168385 0.008356545961002786 0.011168384879725086
4 0.8666434540389972 0.5083762886597938 0.009749303621169917 0.01331615120274914
4 0.887883008356546 0.5122422680412371 0.010445682451253482 0.015034364261168385
2 0.2839484679665738 0.5584192439862543 0.022632311977715876 0.0352233676975945
2 0.3508008356545961 0.5171821305841925 0.012186629526462395 0.01804123711340206
2 0.44202646239554316 0.5472508591065293 0.01915041782729805 0.03006872852233677
2 0.42252785515320335 0.5064432989690721 0.008008356545961003 0.01288659793814433
2 0.5273328690807799 0.5025773195876289 0.008008356545961003 0.012027491408934709
2 0.5732938718662952 0.5294243986254296 0.014275766016713091 0.02276632302405498
2 0.5651114206128134 0.5169673539518901 0.010445682451253482 0.01675257731958763
2 0.5814763231197771 0.49828178694158076 0.006267409470752089 0.010309278350515464
2 0.6796657381615598 0.49828178694158076 0.006267409470752089 0.009450171821305841
2 0.7022980501392758 0.5124570446735395 0.011142061281337047 0.015463917525773196
2 0.7186629526462396 0.506872852233677 0.009052924791086351 0.013745704467353952
2 0.751566852367688 0.5 0.006615598885793872 0.010309278350515464