0 0.22234042553191488 0.5518518518518518 0.04148936170212766 0.09259259259259259
0 0.17420212765957446 0.4777777777777778 0.027127659574468086 0.05925925925925926
0 0.10531914893617021 0.44722222222222224 0.022340425531914895 0.046296296296296294
0 0.800531914893617 0.40879629629629627 0.00851063829787234 0.023148148148148147
0 0.6518617021276596 0.39537037037037037 0.007978723404255319 0.018518518518518517
4 0.16675531914893618 0.4101851851851852 0.014361702127659574 0.03148148148148148
4 0.2922872340425532 0.4097222222222222 0.015425531914893617 0.032407407407407406
4 0.3569148936170213 0.41944444444444445 0.018085106382978722 0.03518518518518519
4 0.45851063829787236 0.44305555555555554 0.022340425531914895 0.04722222222222222
4 0.6478723404255319 0.4935185185185185 0.030851063829787233 0.06851851851851852
4 0.7941489361702128 0.40694444444444444 0.00851063829787234 0.023148148148148147
4 0.7896276595744681 0.40046296296296297 0.006914893617021276 0.019444444444444445
4 0.7819148936170213 0.39675925925925926 0.006382978723404255 0.017592592592592594
4 0.7776595744680851 0.3925925925925926 0.005319148936170213 0.016666666666666666
4 0.7710106382978723 0.38796296296296295 0.005851063829787234 0.014814814814814815
4 0.7603723404255319 0.3837962962962963 0.0047872340425531915 0.013888888888888888
4 0.6476063829787234 0.3939814814814815 0.006914893617021276 0.019444444444444445