0 0.8428191489361702 0.6199324324324325 0.022872340425531913 0.03310810810810811
0 0.6797872340425531 0.6266891891891891 0.023404255319148935 0.037162162162162164
0 0.2691489361702128 0.5736486486486486 0.011702127659574468 0.021621621621621623
0 0.22925531914893618 0.7182432432432433 0.06170212765957447 0.09054054054054055
0 0.7843085106382979 0.5733108108108108 0.010106382978723405 0.018243243243243244
0 0.5 0.6493243243243243 0.036170212765957444 0.052702702702702706
0 0.652127659574468 0.5878378378378378 0.01276595744680851 0.022972972972972974
0 0.8111702127659575 0.5706081081081081 0.010638297872340425 0.015540540540540541
0 0.8292553191489361 0.5695945945945946 0.009574468085106383 0.014864864864864866
0 0.15398936170212765 0.5631756756756757 0.011170212765957447 0.019594594594594596
0 0.8893617021276595 0.5722972972972973 0.00851063829787234 0.013513513513513514
0 0.4877659574468085 0.5891891891891892 0.01276595744680851 0.025675675675675677
0 0.10851063829787234 0.5564189189189189 0.00851063829787234 0.016891891891891893
0 0.1148936170212766 0.5506756756756757 0.006382978723404255 0.014864864864864866
4 0.7398936170212767 0.5804054054054054 0.011702127659574468 0.01891891891891892
4 0.4295212765957447 0.5672297297297297 0.01223404255319149 0.016891891891891893
4 0.32845744680851063 0.5614864864864865 0.010106382978723405 0.014864864864864866
4 0.2933510638297872 0.5574324324324325 0.010106382978723405 0.014864864864864866
4 0.3872340425531915 0.5652027027027027 0.009574468085106383 0.016891891891891893
4 0.5667553191489362 0.5645270270270271 0.011170212765957447 0.016891891891891893
4 0.4824468085106383 0.5692567567567568 0.01276595744680851 0.02364864864864865
4 0.6438829787234043 0.5604729729729729 0.009042553191489361 0.01418918918918919
4 0.6691489361702128 0.5540540540540541 0.006382978723404255 0.010810810810810811
4 0.899468085106383 0.5695945945945946 0.00851063829787234 0.014864864864864866
4 0.9228723404255319 0.5591216216216216 0.00425531914893617 0.010135135135135136
4 0.7912234042553191 0.5645270270270271 0.006914893617021276 0.012837837837837839
4 0.7053191489361702 0.5604729729729729 0.007446808510638298 0.01418918918918919
4 0.6864361702127659 0.5540540540540541 0.005851063829787234 0.00945945945945946
4 0.2590425531914894 0.5523648648648649 0.007446808510638298 0.012837837837837839
4 0.24973404255319148 0.5496621621621621 0.006914893617021276 0.012837837837837839
4 0.2404255319148936 0.5466216216216216 0.006382978723404255 0.012162162162162163