0 0.1270891364902507 0.5124570446735395 0.006963788300835654 0.013745704467353952
0 0.16608635097493035 0.5487542955326461 0.018802228412256268 0.028780068728522335
0 0.19516016713091922 0.5176116838487973 0.0100974930362117 0.015463917525773196
0 0.28934540389972147 0.538659793814433 0.01532033426183844 0.024054982817869417
0 0.30396935933147634 0.523840206185567 0.011142061281337047 0.01761168384879725
0 0.39519498607242337 0.5399484536082474 0.016713091922005572 0.024054982817869417
0 0.6190807799442897 0.5798969072164949 0.028551532033426183 0.041237113402061855
0 0.5156685236768802 0.6754725085910653 0.060584958217270196 0.08719931271477663
0 0.21901114206128133 0.5994415807560137 0.03690807799442897 0.05283505154639175
4 0.2200557103064067 0.5094501718213058 0.009052924791086351 0.01288659793814433
4 0.27942200557103064 0.5152491408934707 0.007311977715877437 0.014175257731958763
4 0.2827298050139276 0.5272766323024055 0.009052924791086351 0.019329896907216496
4 0.3485376044568245 0.5274914089347079 0.012534818941504178 0.019759450171821305
4 0.5055710306406686 0.5551975945017182 0.019498607242339833 0.03049828178694158
2 0.7667130919220055 0.5567010309278351 0.020891364902506964 0.028350515463917526
2 0.13231197771587744 0.5182560137457045 0.011838440111420613 0.01675257731958763
2 0.1674791086350975 0.5541237113402062 0.022284122562674095 0.030927835051546393
2 0.1613857938718663 0.5345790378006873 0.01149025069637883 0.02276632302405498
2 0.1876740947075209 0.5257731958762887 0.013927576601671309 0.018900343642611683
2 0.18837047353760444 0.5085910652920962 0.00766016713091922 0.012027491408934709
2 0.2957869080779944 0.5171821305841925 0.009401114206128134 0.014604810996563574
2 0.39240947075208915 0.5796821305841925 0.027855153203342618 0.03994845360824742
2 0.4754526462395543 0.5365120274914089 0.014275766016713091 0.022336769759450172
2 0.17688022284122562 0.7265893470790378 0.08217270194986072 0.1172680412371134