0 0.2696727019498607 0.4989130434782609 0.02681058495821727 0.0891304347826087
0 0.27698467966573814 0.42336956521739133 0.015668523676880222 0.05326086956521739
0 0.36176880222841223 0.4016304347826087 0.009749303621169917 0.04021739130434782
4 0.9141713091922006 0.7331521739130434 0.06232590529247911 0.19456521739130433
4 0.7853412256267409 0.40597826086956523 0.009401114206128134 0.035869565217391305
4 0.8617688022284122 0.4048913043478261 0.008356545961002786 0.03152173913043478
0 0.46535515320334264 0.3809782608695652 0.008704735376044569 0.03369565217391304
4 0.5524025069637883 0.4657608695652174 0.018454038997214484 0.0641304347826087
4 0.6638231197771588 0.391304347826087 0.007311977715877437 0.030434782608695653
0 0.2541782729805014 0.7505434782608695 0.05988857938718663 0.19456521739130433
0 0.5383008356545961 0.3706521739130435 0.006963788300835654 0.02826086956521739
0 0.7205779944289693 0.3684782608695652 0.005919220055710306 0.02391304347826087
4 0.7190111420612814 0.4407608695652174 0.014623955431754874 0.05326086956521739
4 0.932625348189415 0.4027173913043478 0.008008356545961003 0.029347826086956522
0 0.6326601671309192 0.36793478260869567 0.006267409470752089 0.025
4 0.5591922005571031 0.4266304347826087 0.009749303621169917 0.04891304347826087
4 0.5835654596100278 0.4048913043478261 0.009749303621169917 0.03804347826086957
0 0.8046657381615598 0.3625 0.005571030640668524 0.01847826086956522
0 0.8471448467966574 0.3565217391304348 0.004178272980501393 0.015217391304347827
4 0.8196378830083565 0.3842391304347826 0.006267409470752089 0.025
4 0.748433147632312 0.3869565217391304 0.007311977715877437 0.02826086956521739
4 0.8810933147632312 0.3739130434782609 0.005222841225626741 0.021739130434782608
4 0.8588091922005571 0.3782608695652174 0.005222841225626741 0.02391304347826087
0 0.7686281337047354 0.3652173913043478 0.005919220055710306 0.021739130434782608
4 0.8960654596100278 0.3695652173913043 0.004526462395543176 0.01956521739130435
4 0.711525069637883 0.41684782608695653 0.010793871866295265 0.04021739130434782
0 0.8206824512534819 0.35978260869565215 0.004178272980501393 0.017391304347826087
0 0.9446378830083565 0.4380434782608696 0.013231197771587743 0.04565217391304348
4 0.6749651810584958 0.5418478260869565 0.028899721448467967 0.09891304347826087
4 0.828516713091922 0.5 0.021239554317548745 0.07608695652173914