0 0.3635097493036212 0.32282608695652176 0.011142061281337047 0.04565217391304348
4 0.443941504178273 0.29347826086956524 0.00766016713091922 0.030434782608695653
4 0.3983286908077994 0.2777173913043478 0.00766016713091922 0.02717391304347826
0 0.34192200557103064 0.3353260869565217 0.012534818941504178 0.051086956521739134
4 0.3553272980501393 0.2657608695652174 0.006615598885793872 0.025
0 0.32486072423398327 0.28043478260869564 0.00766016713091922 0.03260869565217391
0 0.2642757660167131 0.2597826086956522 0.006267409470752089 0.02826086956521739
0 0.22841225626740946 0.24891304347826088 0.005571030640668524 0.02608695652173913
4 0.5172353760445683 0.43532608695652175 0.021239554317548745 0.08586956521739131
0 0.15981894150417827 0.2326086956521739 0.004874651810584958 0.02391304347826087
4 0.5241991643454039 0.32771739130434785 0.008704735376044569 0.03804347826086957
4 0.4820682451253482 0.3081521739130435 0.008704735376044569 0.03369565217391304
0 0.24756267409470753 0.3483695652173913 0.016016713091922007 0.0641304347826087
4 0.4869428969359331 0.5114130434782609 0.02681058495821727 0.12282608695652174
4 0.5736420612813371 0.35597826086956524 0.0100974930362117 0.04456521739130435
0 0.34366295264623953 0.29239130434782606 0.008356545961002786 0.03695652173913044
0 0.1979456824512535 0.2418478260869565 0.005919220055710306 0.025
4 0.5323816155988857 0.2728260869565217 0.003481894150417827 0.015217391304347827
4 0.5788649025069638 0.3847826086956522 0.013579387186629526 0.05652173913043478
0 0.10201949860724234 0.2184782608695652 0.004874651810584958 0.021739130434782608
4 0.2038649025069638 0.2190217391304348 0.004526462395543176 0.016304347826086956
4 0.18662952646239556 0.225 0.004178272980501393 0.01956521739130435
0 0.06928969359331476 0.20652173913043478 0.004874651810584958 0.01956521739130435
4 0.6034122562674095 0.2847826086956522 0.003481894150417827 0.015217391304347827
4 0.6429317548746518 0.2826086956521739 0.002437325905292479 0.010869565217391304
4 0.31145543175487467 0.2548913043478261 0.006615598885793872 0.025
0 0.22040389972144847 0.21684782608695652 0.002785515320334262 0.014130434782608696
4 0.3810933147632312 0.2467391304347826 0.00383008356545961 0.015217391304347827
4 0.24042479108635098 0.23695652173913043 0.006615598885793872 0.021739130434782608
0 0.9026810584958217 0.34293478260869564 0.0031337047353760445 0.014130434782608696
0 0.29334958217270196 0.26956521739130435 0.006615598885793872 0.030434782608695653
4 0.23938022284122562 0.22282608695652173 0.00383008356545961 0.015217391304347827
4 0.6321378830083565 0.28641304347826085 0.002437325905292479 0.011956521739130435
4 0.7797701949860725 0.31630434782608696 0.0031337047353760445 0.013043478260869565
4 0.2736768802228412 0.22826086956521738 0.004178272980501393 0.015217391304347827
4 0.3245125348189415 0.23695652173913043 0.003481894150417827 0.015217391304347827
0 0.6969011142061281 0.29293478260869565 0.002437325905292479 0.009782608695652175
0 0.825208913649025 0.3239130434782609 0.002785515320334262 0.013043478260869565
4 0.278899721448468 0.24728260869565216 0.005571030640668524 0.02282608695652174
4 0.6256963788300836 0.2798913043478261 0.0020891364902506965 0.011956521739130435
4 0.75 0.3065217391304348 0.002785515320334262 0.010869565217391304
4 0.6836699164345403 0.29184782608695653 0.0031337047353760445 0.011956521739130435
4 0.1753133704735376 0.21630434782608696 0.00383008356545961 0.017391304347826087
0 0.33408774373259054 0.2358695652173913 0.0031337047353760445 0.013043478260869565
4 0.16573816155988857 0.21956521739130436 0.003481894150417827 0.01956521739130435
4 0.4923398328690808 0.266304347826087 0.002785515320334262 0.015217391304347827
0 0.5931406685236769 0.2733695652173913 0.002437325905292479 0.009782608695652175
0 0.07816852367688022 0.20434782608695654 0.00383008356545961 0.017391304347826087
4 0.5684192200557103 0.2793478260869565 0.0031337047353760445 0.015217391304347827
0 0.5595403899721448 0.27391304347826084 0.003481894150417827 0.013043478260869565
0 0.9368036211699164 0.35054347826086957 0.0031337047353760445 0.014130434782608696
0 0.5393454038997214 0.2717391304347826 0.003481894150417827 0.015217391304347827
0 0.27907381615598886 0.22608695652173913 0.0031337047353760445 0.013043478260869565
4 0.895891364902507 0.34456521739130436 0.004178272980501393 0.015217391304347827
4 0.7646239554317549 0.3108695652173913 0.002785515320334262 0.013043478260869565
0 0.5153203342618384 0.2673913043478261 0.002785515320334262 0.015217391304347827
4 0.6599930362116991 0.2858695652173913 0.002437325905292479 0.010869565217391304
0 0.4885097493036212 0.26304347826086955 0.002785515320334262 0.013043478260869565
0 0.11316155988857939 0.2048913043478261 0.003481894150417827 0.016304347826086956
4 0.9402855153203342 0.35489130434782606 0.004526462395543176 0.016304347826086956
4 0.6230849582172702 0.28695652173913044 0.0031337047353760445 0.013043478260869565
0 0.7928272980501393 0.3157608695652174 0.002785515320334262 0.011956521739130435
4 0.7108286908077994 0.29728260869565215 0.002437325905292479 0.011956521739130435
4 0.16277855153203344 0.2157608695652174 0.0031337047353760445 0.01847826086956522
0 0.8788300835654597 0.33695652173913043 0.004178272980501393 0.013043478260869565
0 0.38614206128133705 0.2440217391304348 0.002785515320334262 0.014130434782608696
0 0.849408077994429 0.3309782608695652 0.002437325905292479 0.011956521739130435
0 0.8121518105849582 0.3201086956521739 0.002437325905292479 0.011956521739130435
0 0.3631615598885794 0.3065217391304348 0.00766016713091922 0.043478260869565216
4 0.6276114206128134 0.7657608695652174 0.030292479108635098 0.16195652173913044
4 0.8105849582172702 0.325 0.002785515320334262 0.010869565217391304
0 0.7661908077994429 0.3081521739130435 0.002437325905292479 0.009782608695652175
4 0.629874651810585 0.28532608695652173 0.002785515320334262 0.011956521739130435
4 0.8483635097493036 0.3342391304347826 0.00383008356545961 0.011956521739130435
1 0.42653203342618384 0.24945652173913044 0.003481894150417827 0.025
4 0.43158077994428967 0.2554347826086957 0.0031337047353760445 0.015217391304347827
0 0.4334958217270195 0.2516304347826087 0.002785515320334262 0.014130434782608696
1 0.4293175487465181 0.24782608695652175 0.002785515320334262 0.021739130434782608
1 0.43645543175487467 0.25271739130434784 0.00383008356545961 0.020652173913043477
1 0.43819637883008355 0.2483695652173913 0.0031337047353760445 0.02282608695652174
0 0.5717270194986073 0.27608695652173915 0.002785515320334262 0.013043478260869565
0 0.5715529247910863 0.2717391304347826 0.002437325905292479 0.013043478260869565
0 0.58008356545961 0.27608695652173915 0.002785515320334262 0.013043478260869565
0 0.5814763231197771 0.275 0.002785515320334262 0.013043478260869565
0 0.5741643454038997 0.26956521739130435 0.0020891364902506965 0.010869565217391304
4 0.6157729805013927 0.2793478260869565 0.0031337047353760445 0.013043478260869565
4 0.7338091922005571 0.3027173913043478 0.0031337047353760445 0.011956521739130435
0 0.73241643454039 0.3 0.002437325905292479 0.010869565217391304
4 0.623433147632312 0.2798913043478261 0.002437325905292479 0.011956521739130435