0 0.1696808510638298 0.38425925925925924 0.00851063829787234 0.018518518518518517
0 0.5609042553191489 0.39861111111111114 0.010106382978723405 0.025
0 0.6856382978723404 0.3787037037037037 0.00851063829787234 0.020370370370370372
0 0.4720744680851064 0.4162037037037037 0.013297872340425532 0.032407407407407406
0 0.2590425531914894 0.4837962962962963 0.026595744680851064 0.05648148148148148
0 0.6351063829787233 0.38657407407407407 0.009574468085106383 0.021296296296296296
0 0.39095744680851063 0.4439814814814815 0.018085106382978722 0.03981481481481482
0 0.6422872340425532 0.3648148148148148 0.006914893617021276 0.014814814814814815
0 0.7047872340425532 0.37037037037037035 0.006382978723404255 0.018518518518518517
0 0.28643617021276596 0.38101851851851853 0.007978723404255319 0.01574074074074074
0 0.5773936170212766 0.36666666666666664 0.006914893617021276 0.016666666666666666
0 0.3976063829787234 0.37453703703703706 0.006914893617021276 0.017592592592592594
0 0.48829787234042554 0.37083333333333335 0.006382978723404255 0.01574074074074074
0 0.8553191489361702 0.3472222222222222 0.007446808510638298 0.011111111111111112
0 0.7656914893617022 0.35 0.006914893617021276 0.009259259259259259
0 0.6622340425531915 0.3523148148148148 0.006382978723404255 0.010185185185185186
0 0.4787234042553192 0.3523148148148148 0.005319148936170213 0.008333333333333333
4 0.6696808510638298 0.49537037037037035 0.03404255319148936 0.06666666666666667
4 0.863563829787234 0.3731481481481482 0.010106382978723405 0.022222222222222223
4 0.648936170212766 0.44537037037037036 0.019148936170212766 0.04259259259259259
4 0.8327127659574468 0.38796296296296295 0.011170212765957447 0.024074074074074074
4 0.8186170212765957 0.36666666666666664 0.009574468085106383 0.020370370370370372
4 0.7627659574468085 0.36157407407407405 0.007446808510638298 0.01574074074074074
4 0.7574468085106383 0.4023148148148148 0.013829787234042552 0.028703703703703703
4 0.48590425531914894 0.362962962962963 0.006914893617021276 0.014814814814814815
4 0.21941489361702127 0.3731481481481482 0.007978723404255319 0.016666666666666666
4 0.6667553191489362 0.4199074074074074 0.014361702127659574 0.03425925925925926
4 0.31063829787234043 0.37037037037037035 0.006382978723404255 0.016666666666666666
4 0.6976063829787233 0.3574074074074074 0.005851063829787234 0.016666666666666666
4 0.6202127659574468 0.3574074074074074 0.006382978723404255 0.016666666666666666
4 0.5486702127659574 0.3597222222222222 0.006914893617021276 0.01574074074074074
4 0.40611702127659577 0.3662037037037037 0.006914893617021276 0.01574074074074074
4 0.12579787234042553 0.375 0.006914893617021276 0.016666666666666666
2 0.11622340425531914 0.41574074074074074 0.023936170212765957 0.024074074074074074
2 0.12393617021276596 0.3699074074074074 0.014893617021276596 0.013888888888888888
1 0.09547872340425533 0.5916666666666667 0.04202127659574468 0.18703703703703703
1 0.8848404255319149 0.6222222222222222 0.07925531914893617 0.22037037037037038
1 0.7893617021276595 0.5662037037037037 0.07553191489361702 0.17314814814814813