0 0.25372340425531914 0.6412037037037037 0.06595744680851064 0.1361111111111111
0 0.43351063829787234 0.48842592592592593 0.030851063829787233 0.06759259259259259
0 0.4553191489361702 0.43425925925925923 0.018085106382978722 0.040740740740740744
0 0.43829787234042555 0.412962962962963 0.013829787234042552 0.03148148148148148
0 0.3840425531914894 0.399537037037037 0.010638297872340425 0.026851851851851852
0 0.32526595744680853 0.3912037037037037 0.010106382978723405 0.025
0 0.28191489361702127 0.38842592592592595 0.00851063829787234 0.023148148148148147
0 0.2297872340425532 0.387037037037037 0.00851063829787234 0.022222222222222223
0 0.12526595744680852 0.3907407407407407 0.011170212765957447 0.025925925925925925
0 0.6382978723404256 0.37916666666666665 0.00425531914893617 0.013888888888888888
4 0.3156914893617021 0.37916666666666665 0.009042553191489361 0.019444444444444445
4 0.20106382978723406 0.38055555555555554 0.009574468085106383 0.022222222222222223
4 0.8202127659574469 0.48148148148148145 0.035106382978723406 0.06481481481481481
4 0.7127659574468085 0.4310185185185185 0.019148936170212766 0.03981481481481482
4 0.601063829787234 0.40555555555555556 0.01276595744680851 0.02962962962962963
4 0.5106382978723404 0.3921296296296296 0.010638297872340425 0.023148148148148147
4 0.44468085106382976 0.38333333333333336 0.009574468085106383 0.022222222222222223
4 0.3976063829787234 0.37916666666666665 0.009042553191489361 0.019444444444444445
4 0.6351063829787233 0.3787037037037037 0.005319148936170213 0.012962962962962963
2 0.7912234042553191 0.41574074074074074 0.03138297872340425 0.03148148148148148