0 0.39547872340425533 0.5787162162162162 0.010106382978723405 0.018243243243243244
0 0.38351063829787235 0.5756756756756757 0.009574468085106383 0.01756756756756757
0 0.3752659574468085 0.5891891891891892 0.01223404255319149 0.022972972972972974
0 0.34547872340425534 0.5753378378378379 0.009042553191489361 0.016891891891891893
0 0.34574468085106386 0.6067567567567568 0.01702127659574468 0.02972972972972973
0 0.30186170212765956 0.5780405405405405 0.009042553191489361 0.015540540540540541
0 0.2821808510638298 0.6398648648648648 0.028191489361702127 0.0472972972972973
0 0.11090425531914894 0.7341216216216216 0.06542553191489361 0.08986486486486486
0 0.1723404255319149 0.5831081081081081 0.011702127659574468 0.01891891891891892
4 0.7465425531914893 0.7378378378378379 0.06436170212765957 0.09324324324324325
4 0.6172872340425531 0.6378378378378379 0.03031914893617021 0.04594594594594595
4 0.5776595744680851 0.6047297297297297 0.019148936170212766 0.031081081081081083
4 0.5571808510638298 0.5885135135135136 0.014361702127659574 0.022972972972972974
4 0.5417553191489362 0.5787162162162162 0.011170212765957447 0.016891891891891893
4 0.5228723404255319 0.5736486486486486 0.009574468085106383 0.014864864864864866
4 0.47154255319148936 0.5709459459459459 0.007978723404255319 0.014864864864864866
4 0.4276595744680851 0.5695945945945946 0.007446808510638298 0.014864864864864866
4 0.3625 0.5702702702702702 0.007978723404255319 0.014864864864864866
4 0.3023936170212766 0.5702702702702702 0.009042553191489361 0.014864864864864866
4 0.2476063829787234 0.5733108108108108 0.009042553191489361 0.015540540540540541
4 0.12526595744680852 0.581081081081081 0.011170212765957447 0.01891891891891892