0 0.12343314763231197 0.5627147766323024 0.024721448467966575 0.036941580756013746
0 0.3142409470752089 0.5341494845360825 0.014972144846796657 0.023625429553264604
0 0.6239554317548747 0.523840206185567 0.012534818941504178 0.01761168384879725
0 0.7200557103064067 0.5365120274914089 0.01532033426183844 0.022336769759450172
0 0.9319289693593314 0.5616408934707904 0.027506963788300837 0.03221649484536082
0 0.8065807799442897 0.6499140893470791 0.05327298050139276 0.07130584192439862
4 0.3986768802228412 0.6056701030927835 0.04108635097493036 0.05670103092783505
4 0.3993732590529248 0.5502577319587629 0.02158774373259053 0.030927835051546393
4 0.46552924791086353 0.5274914089347079 0.013231197771587743 0.02147766323024055
4 0.5163649025069638 0.5186855670103093 0.010445682451253482 0.01675257731958763
4 0.7298050139275766 0.5219072164948454 0.009749303621169917 0.01632302405498282
4 0.8354805013927576 0.5367268041237113 0.014275766016713091 0.02190721649484536
4 0.9133008356545961 0.570446735395189 0.028551532033426183 0.036941580756013746
2 0.6384052924791086 0.5354381443298969 0.013579387186629526 0.02276632302405498
2 0.6897632311977716 0.5195446735395189 0.009052924791086351 0.015034364261168385
2 0.7258008356545961 0.5818298969072165 0.026114206128133706 0.040807560137457045
2 0.7331128133704735 0.5562714776632303 0.021239554317548745 0.03006872852233677
2 0.8704735376044568 0.5414518900343642 0.01532033426183844 0.023625429553264604
2 0.8570682451253482 0.695446735395189 0.0665041782729805 0.0936426116838488