0 0.5473404255319149 0.4976851851851852 0.029787234042553193 0.06759259259259259
0 0.7819148936170213 0.45046296296296295 0.019148936170212766 0.04351851851851852
0 0.7611702127659574 0.4013888888888889 0.00851063829787234 0.023148148148148147
0 0.7308510638297873 0.3925925925925926 0.00851063829787234 0.020370370370370372
0 0.7481382978723404 0.38564814814814813 0.007978723404255319 0.017592592592592594
0 0.8489361702127659 0.4162037037037037 0.013829787234042552 0.028703703703703703
0 0.800531914893617 0.3824074074074074 0.007446808510638298 0.016666666666666666
0 0.8667553191489362 0.3824074074074074 0.006914893617021276 0.016666666666666666
4 0.7545212765957446 0.42268518518518516 0.015425531914893617 0.032407407407407406
4 0.7271276595744681 0.3773148148148148 0.005319148936170213 0.017592592592592594
4 0.6343085106382979 0.3976851851851852 0.010106382978723405 0.025
4 0.6186170212765958 0.38657407407407407 0.009574468085106383 0.019444444444444445
4 0.6595744680851063 0.37962962962962965 0.007446808510638298 0.016666666666666666
4 0.8074468085106383 0.3768518518518518 0.006382978723404255 0.016666666666666666
4 0.9188829787234043 0.3787037037037037 0.006914893617021276 0.016666666666666666
2 0.5311170212765958 0.43472222222222223 0.017553191489361703 0.03981481481481482
2 0.5678191489361702 0.41203703703703703 0.013297872340425532 0.03148148148148148
2 0.24840425531914895 0.42592592592592593 0.019148936170212766 0.037037037037037035
2 0.3422872340425532 0.4060185185185185 0.014361702127659574 0.028703703703703703