0 0.2449468085106383 0.4046296296296296 0.011170212765957447 0.025925925925925925
0 0.8444148936170213 0.39537037037037037 0.01223404255319149 0.02962962962962963
0 0.2789893617021277 0.4217592592592593 0.01223404255319149 0.032407407407407406
0 0.08723404255319149 0.38333333333333336 0.009574468085106383 0.018518518518518517
0 0.20132978723404255 0.3907407407407407 0.011170212765957447 0.022222222222222223
0 0.3034574468085106 0.44351851851851853 0.01648936170212766 0.040740740740740744
0 0.23351063829787233 0.524074074074074 0.04042553191489362 0.07962962962962963
0 0.1452127659574468 0.38333333333333336 0.00851063829787234 0.020370370370370372
0 0.3122340425531915 0.3662037037037037 0.006382978723404255 0.013888888888888888
0 0.7242021276595745 0.3851851851851852 0.011170212765957447 0.027777777777777776
0 0.6664893617021277 0.37962962962962965 0.009574468085106383 0.024074074074074074
0 0.423936170212766 0.36666666666666664 0.006382978723404255 0.014814814814814815
0 0.5781914893617022 0.3731481481481482 0.007446808510638298 0.018518518518518517
0 0.5053191489361702 0.36944444444444446 0.007446808510638298 0.014814814814814815
0 0.3574468085106383 0.36712962962962964 0.005319148936170213 0.012037037037037037
0 0.2542553191489362 0.36203703703703705 0.00425531914893617 0.011111111111111112
0 0.11808510638297873 0.36342592592592593 0.005319148936170213 0.012037037037037037
0 0.18829787234042553 0.36157407407407405 0.00425531914893617 0.010185185185185186
4 0.45478723404255317 0.412962962962963 0.011702127659574468 0.02962962962962963
4 0.5178191489361702 0.43194444444444446 0.015425531914893617 0.03611111111111111
4 0.7109042553191489 0.4074074074074074 0.015425531914893617 0.03333333333333333
4 0.6069148936170212 0.47129629629629627 0.02127659574468085 0.05185185185185185
4 0.4085106382978723 0.40046296296296297 0.010638297872340425 0.025
4 0.9042553191489362 0.42453703703703705 0.018085106382978722 0.03425925925925926
4 0.22340425531914893 0.37777777777777777 0.00851063829787234 0.018518518518518517
4 0.36090425531914894 0.3912037037037037 0.010106382978723405 0.021296296296296296
4 0.2957446808510638 0.38425925925925924 0.009574468085106383 0.020370370370370372
4 0.175 0.37546296296296294 0.00851063829787234 0.017592592592592594
4 0.7718085106382979 0.5518518518518518 0.04893617021276596 0.09259259259259259
4 0.6125 0.39305555555555555 0.01223404255319149 0.026851851851851852
4 0.4574468085106383 0.375 0.007446808510638298 0.020370370370370372
4 0.386968085106383 0.36944444444444446 0.006914893617021276 0.014814814814814815
4 0.5486702127659574 0.38333333333333336 0.009042553191489361 0.020370370370370372
4 0.10797872340425532 0.37407407407407406 0.007446808510638298 0.016666666666666666
4 0.513563829787234 0.37962962962962965 0.006914893617021276 0.016666666666666666
4 0.24867021276595744 0.36666666666666664 0.005851063829787234 0.012962962962962963
4 0.14601063829787234 0.36435185185185187 0.0047872340425531915 0.010185185185185186
4 0.19361702127659575 0.3648148148148148 0.005319148936170213 0.011111111111111112