4 0.38335654596100277 0.6043478260869565 0.04944289693593315 0.19130434782608696
4 0.1836699164345404 0.4309782608695652 0.03238161559888579 0.11847826086956521
4 0.06302228412256268 0.3565217391304348 0.027158774373259052 0.0891304347826087
4 0.1453690807799443 0.22445652173913044 0.005919220055710306 0.025
4 0.24825905292479108 0.23315217391304346 0.006267409470752089 0.025
4 0.3373955431754875 0.2418478260869565 0.005571030640668524 0.025
4 0.4413300835654596 0.25217391304347825 0.005222841225626741 0.02391304347826087
4 0.5085306406685237 0.26032608695652176 0.005222841225626741 0.02282608695652174
4 0.5644150417827298 0.26304347826086955 0.004874651810584958 0.021739130434782608
4 0.6107242339832869 0.26521739130434785 0.003481894150417827 0.01956521739130435
4 0.6312674094707521 0.26358695652173914 0.002785515320334262 0.01847826086956522
4 0.6357938718662952 0.26032608695652176 0.003481894150417827 0.016304347826086956
4 0.625 0.2548913043478261 0.002785515320334262 0.014130434782608696
4 0.6048050139275766 0.24565217391304348 0.002785515320334262 0.013043478260869565
4 0.5983635097493036 0.24728260869565216 0.0031337047353760445 0.014130434782608696
4 0.5941852367688022 0.2467391304347826 0.0031337047353760445 0.013043478260869565
4 0.6476323119777159 0.2510869565217391 0.002785515320334262 0.010869565217391304
4 0.6793175487465181 0.2554347826086957 0.002785515320334262 0.010869565217391304
4 0.7169220055710307 0.2619565217391304 0.002785515320334262 0.013043478260869565
4 0.7513927576601671 0.2684782608695652 0.002785515320334262 0.013043478260869565
4 0.7780292479108635 0.27391304347826084 0.0031337047353760445 0.013043478260869565
4 0.8102367688022284 0.2831521739130435 0.003481894150417827 0.014130434782608696
4 0.8401810584958217 0.2896739130434783 0.003481894150417827 0.016304347826086956
4 0.8943245125348189 0.3005434782608696 0.004526462395543176 0.01847826086956522
0 0.07590529247910864 0.20978260869565218 0.005571030640668524 0.021739130434782608
0 0.17426880222841226 0.2184782608695652 0.005222841225626741 0.021739130434782608
0 0.26270891364902504 0.22608695652173913 0.005222841225626741 0.021739130434782608
0 0.3410515320334262 0.23369565217391305 0.0031337047353760445 0.01956521739130435
0 0.43053621169916434 0.24293478260869567 0.004526462395543176 0.020652173913043477
0 0.47284122562674097 0.24782608695652175 0.004178272980501393 0.01956521739130435
0 0.5370821727019499 0.2510869565217391 0.00383008356545961 0.01956521739130435
0 0.5513579387186629 0.2505434782608696 0.00383008356545961 0.01847826086956522
0 0.5597144846796658 0.2483695652173913 0.0031337047353760445 0.01847826086956522
0 0.5389972144846796 0.23967391304347826 0.0020891364902506965 0.014130434782608696
0 0.6411908077994429 0.24728260869565216 0.002437325905292479 0.011956521739130435
0 0.6894150417827298 0.2548913043478261 0.002785515320334262 0.011956521739130435
0 0.737116991643454 0.26304347826086955 0.002785515320334262 0.013043478260869565
0 0.7851671309192201 0.2717391304347826 0.002785515320334262 0.013043478260869565
0 0.8281685236768802 0.28097826086956523 0.0031337047353760445 0.014130434782608696
0 0.8659470752089137 0.2902173913043478 0.003481894150417827 0.015217391304347827
0 0.8889275766016713 0.2940217391304348 0.004178272980501393 0.016304347826086956
0 0.9300139275766016 0.3027173913043478 0.004178272980501393 0.016304347826086956
1 0.328516713091922 0.23369565217391305 0.007311977715877437 0.0391304347826087
1 0.34575208913649025 0.2358695652173913 0.00766016713091922 0.0391304347826087
1 0.34975626740947074 0.22826086956521738 0.00383008356545961 0.034782608695652174
1 0.33356545961002787 0.22717391304347825 0.004874651810584958 0.03260869565217391
3 0.06162952646239554 0.1842391304347826 0.002785515320334262 0.014130434782608696
3 0.1048050139275766 0.1858695652173913 0.002785515320334262 0.010869565217391304
3 0.157033426183844 0.1956521739130435 0.002785515320334262 0.010869565217391304
3 0.18192896935933148 0.19510869565217392 0.002437325905292479 0.009782608695652175
3 0.21657381615598886 0.19891304347826086 0.002785515320334262 0.010869565217391304
3 0.2217966573816156 0.1956521739130435 0.002785515320334262 0.008695652173913044
3 0.2296309192200557 0.20271739130434782 0.0031337047353760445 0.011956521739130435
3 0.24094707520891365 0.2 0.0020891364902506965 0.010869565217391304
3 0.24547353760445684 0.19945652173913042 0.0020891364902506965 0.007608695652173913
3 0.28743036211699163 0.20597826086956522 0.0031337047353760445 0.011956521739130435
3 0.31580779944289694 0.20054347826086957 0.0020891364902506965 0.007608695652173913