0 0.23085106382978723 0.475462962962963 0.026595744680851064 0.06018518518518518
0 0.41462765957446807 0.43425925925925923 0.017553191489361703 0.04259259259259259
0 0.5704787234042553 0.41574074074074074 0.013297872340425532 0.03148148148148148
0 0.6127659574468085 0.4 0.010638297872340425 0.025925925925925925
0 0.6375 0.38564814814814813 0.007978723404255319 0.019444444444444445
0 0.6422872340425532 0.3925925925925926 0.009042553191489361 0.020370370370370372
0 0.872872340425532 0.37407407407407406 0.006382978723404255 0.014814814814814815
0 0.7848404255319149 0.37175925925925923 0.005851063829787234 0.013888888888888888
0 0.6015957446808511 0.3800925925925926 0.007446808510638298 0.017592592592592594
0 0.5601063829787234 0.3768518518518518 0.006382978723404255 0.014814814814814815
0 0.5154255319148936 0.3736111111111111 0.005319148936170213 0.013888888888888888
0 0.46808510638297873 0.3699074074074074 0.005319148936170213 0.013888888888888888
0 0.46037234042553193 0.3625 0.003723404255319149 0.010185185185185186
0 0.44148936170212766 0.3638888888888889 0.00425531914893617 0.011111111111111112
0 0.4263297872340426 0.3675925925925926 0.0047872340425531915 0.011111111111111112
0 0.48164893617021276 0.36064814814814816 0.0047872340425531915 0.010185185185185186
0 0.49042553191489363 0.35462962962962963 0.0031914893617021275 0.007407407407407408
0 0.5164893617021277 0.3597222222222222 0.00425531914893617 0.010185185185185186
0 0.5316489361702128 0.35833333333333334 0.003723404255319149 0.009259259259259259
0 0.7252659574468086 0.36944444444444446 0.0047872340425531915 0.012962962962962963
0 0.7167553191489362 0.36435185185185187 0.003723404255319149 0.010185185185185186
0 0.698936170212766 0.3662037037037037 0.005319148936170213 0.013888888888888888
0 0.7034574468085106 0.35509259259259257 0.0026595744680851063 0.006481481481481481
0 0.6859042553191489 0.35324074074074074 0.0015957446808510637 0.006481481481481481
0 0.6941489361702128 0.3537037037037037 0.002127659574468085 0.005555555555555556
0 0.7156914893617021 0.35694444444444445 0.0026595744680851063 0.006481481481481481
0 0.726063829787234 0.35833333333333334 0.0031914893617021275 0.009259259259259259
0 0.7289893617021277 0.3625 0.0026595744680851063 0.008333333333333333
0 0.7308510638297873 0.36018518518518516 0.0031914893617021275 0.009259259259259259
0 0.5188829787234043 0.35555555555555557 0.0026595744680851063 0.009259259259259259
0 0.5364361702127659 0.35648148148148145 0.0026595744680851063 0.009259259259259259
0 0.5390957446808511 0.3587962962962963 0.0026595744680851063 0.008333333333333333
0 0.4672872340425532 0.3537037037037037 0.0026595744680851063 0.007407407407407408
0 0.4742021276595745 0.3509259259259259 0.0026595744680851063 0.007407407407407408
4 0.7837765957446808 0.5217592592592593 0.036702127659574466 0.0787037037037037
4 0.8457446808510638 0.46435185185185185 0.02446808510638298 0.05462962962962963
4 0.8638297872340426 0.4337962962962963 0.018085106382978722 0.041666666666666664
4 0.8420212765957447 0.412962962962963 0.013829787234042552 0.03148148148148148
4 0.8178191489361702 0.4 0.011170212765957447 0.025925925925925925
4 0.8143617021276596 0.3907407407407407 0.00851063829787234 0.022222222222222223
4 0.8385638297872341 0.3837962962962963 0.007978723404255319 0.019444444444444445
4 0.8779255319148936 0.38796296296296295 0.009042553191489361 0.020370370370370372
4 0.9058510638297872 0.3921296296296296 0.009574468085106383 0.023148148148148147
4 0.7773936170212766 0.37824074074074077 0.006914893617021276 0.017592592592592594
4 0.7598404255319149 0.38425925925925924 0.007978723404255319 0.020370370370370372
4 0.7162234042553192 0.37592592592592594 0.006914893617021276 0.016666666666666666
4 0.6978723404255319 0.37824074074074077 0.006382978723404255 0.017592592592592594
4 0.5289893617021276 0.36574074074074076 0.005851063829787234 0.012962962962962963
4 0.5037234042553191 0.3523148148148148 0.0031914893617021275 0.008333333333333333
4 0.5079787234042553 0.35138888888888886 0.0031914893617021275 0.008333333333333333
4 0.5497340425531915 0.3685185185185185 0.005851063829787234 0.012962962962962963
4 0.5473404255319149 0.3638888888888889 0.00425531914893617 0.012962962962962963
4 0.5683510638297873 0.3560185185185185 0.003723404255319149 0.010185185185185186
4 0.5832446808510638 0.3625 0.003723404255319149 0.012037037037037037
4 0.5928191489361702 0.37037037037037035 0.0047872340425531915 0.014814814814814815
4 0.5946808510638298 0.36574074074074076 0.00425531914893617 0.014814814814814815
4 0.5976063829787234 0.35648148148148145 0.003723404255319149 0.011111111111111112
4 0.6042553191489362 0.3611111111111111 0.00425531914893617 0.011111111111111112
4 0.6231382978723404 0.36944444444444446 0.005851063829787234 0.014814814814814815
4 0.6159574468085106 0.362962962962963 0.00425531914893617 0.011111111111111112
4 0.6138297872340426 0.3592592592592593 0.0031914893617021275 0.009259259259259259
4 0.6207446808510638 0.3523148148148148 0.0031914893617021275 0.008333333333333333
4 0.6311170212765957 0.3537037037037037 0.0026595744680851063 0.007407407407407408
4 0.6478723404255319 0.37453703703703706 0.005319148936170213 0.01574074074074074
4 0.6553191489361702 0.3712962962962963 0.006382978723404255 0.014814814814814815
4 0.5207446808510638 0.3541666666666667 0.002127659574468085 0.008333333333333333
4 0.5417553191489362 0.3541666666666667 0.0026595744680851063 0.008333333333333333
4 0.5388297872340425 0.35324074074074074 0.0031914893617021275 0.008333333333333333
4 0.8454787234042553 0.3597222222222222 0.003723404255319149 0.008333333333333333