0 0.125 0.39305555555555555 0.00851063829787234 0.013888888888888888
0 0.22526595744680852 0.39166666666666666 0.009042553191489361 0.014814814814814815
0 0.3393617021276596 0.38796296296296295 0.00851063829787234 0.014814814814814815
0 0.48829787234042554 0.3837962962962963 0.00851063829787234 0.013888888888888888
0 0.6558510638297872 0.3851851851851852 0.007446808510638298 0.012962962962962963
4 0.4422872340425532 0.44166666666666665 0.02074468085106383 0.044444444444444446
4 0.5348404255319149 0.4736111111111111 0.026063829787234042 0.06018518518518518
4 0.7699468085106383 0.600462962962963 0.059042553191489364 0.12314814814814815
4 0.28164893617021275 0.43287037037037035 0.01648936170212766 0.03796296296296296
4 0.9143617021276595 0.37824074074074077 0.005319148936170213 0.013888888888888888
4 0.9095744680851063 0.37222222222222223 0.00425531914893617 0.011111111111111112
4 0.8625 0.375 0.003723404255319149 0.012962962962962963
4 0.8593085106382978 0.3712962962962963 0.003723404255319149 0.011111111111111112