4 0.2278899721448468 0.3923913043478261 0.022632311977715876 0.08478260869565217
4 0.17096100278551532 0.30869565217391304 0.014623955431754874 0.05217391304347826
4 0.12343314763231197 0.24945652173913044 0.007311977715877437 0.029347826086956522
0 0.7895194986072424 0.42282608695652174 0.01288300835654596 0.05652173913043478
4 0.13962395543175488 0.27119565217391306 0.009749303621169917 0.03804347826086957
4 0.8264275766016713 0.37282608695652175 0.017757660167130918 0.06086956521739131
4 0.5057451253481894 0.7423913043478261 0.06232590529247911 0.20434782608695654
4 0.8053621169916435 0.3798913043478261 0.017409470752089137 0.06195652173913044
4 0.11350974930362116 0.2358695652173913 0.006267409470752089 0.02608695652173913
4 0.10915738161559889 0.22608695652173913 0.004526462395543176 0.01956521739130435
4 0.10341225626740948 0.2190217391304348 0.004178272980501393 0.01847826086956522