0 0.3997214484679666 0.5320652173913043 0.03064066852367688 0.09891304347826087
0 0.08408774373259052 0.7043478260869566 0.06789693593314763 0.1956521739130435
4 0.8090181058495822 0.6266304347826087 0.042827298050139274 0.13369565217391305
0 0.4101671309192201 0.44021739130434784 0.012534818941504178 0.05
4 0.7783774373259053 0.42934782608695654 0.008704735376044569 0.034782608695652174
4 0.6629526462395543 0.45163043478260867 0.014623955431754874 0.051086956521739134
4 0.450383008356546 0.42282608695652174 0.009401114206128134 0.03695652173913044
4 0.6946378830083565 0.421195652173913 0.008356545961002786 0.03152173913043478
4 0.9437674094707521 0.4951086956521739 0.014275766016713091 0.06630434782608696
0 0.854108635097493 0.42336956521739133 0.00766016713091922 0.02717391304347826
4 0.8852715877437326 0.4548913043478261 0.012186629526462395 0.04673913043478261
0 0.12134401114206128 0.3847826086956522 0.005919220055710306 0.02391304347826087
4 0.20299442896935932 0.41141304347826085 0.010445682451253482 0.04021739130434782
0 0.23241643454038996 0.4380434782608696 0.013579387186629526 0.05652173913043478
4 0.06789693593314763 0.4097826086956522 0.012534818941504178 0.043478260869565216
0 0.49651810584958217 0.4777173913043478 0.019498607242339833 0.0641304347826087
4 0.6023676880222841 0.4141304347826087 0.006267409470752089 0.02826086956521739
4 0.5586699164345403 0.4320652173913043 0.0100974930362117 0.04021739130434782
0 0.5125348189415042 0.4032608695652174 0.005571030640668524 0.021739130434782608
4 0.07381615598885793 0.3918478260869565 0.005571030640668524 0.029347826086956522
4 0.40302924791086353 0.40543478260869564 0.007311977715877437 0.02826086956521739
0 0.7386838440111421 0.4157608695652174 0.006615598885793872 0.025
0 0.18697771587743733 0.3918478260869565 0.003481894150417827 0.025
4 0.32782033426183843 0.41739130434782606 0.0100974930362117 0.0391304347826087
4 0.2985724233983287 0.40380434782608693 0.005919220055710306 0.02717391304347826
2 0.44063370473537605 0.3793478260869565 0.00383008356545961 0.015217391304347827
4 0.8716922005571031 0.4391304347826087 0.009401114206128134 0.03695652173913044
2 0.3788300835654596 0.3760869565217391 0.003481894150417827 0.015217391304347827
0 0.6229108635097493 0.4076086956521739 0.006267409470752089 0.02391304347826087
2 0.41225626740947074 0.3782608695652174 0.003481894150417827 0.015217391304347827
4 0.19028551532033428 0.3978260869565217 0.007311977715877437 0.03260869565217391
4 0.7435584958217271 0.5016304347826087 0.021239554317548745 0.075
2 0.6117688022284122 0.38804347826086955 0.004178272980501393 0.015217391304347827
2 0.5515320334261838 0.3864130434782609 0.003481894150417827 0.014130434782608696
0 0.30118384401114207 0.39456521739130435 0.004178272980501393 0.02608695652173913
2 0.333391364902507 0.3739130434782609 0.0031337047353760445 0.015217391304347827
0 0.40825208913649025 0.39891304347826084 0.006615598885793872 0.02391304347826087
2 0.48276462395543174 0.38206521739130433 0.00383008356545961 0.014130434782608696
4 0.5022632311977716 0.4097826086956522 0.005222841225626741 0.02391304347826087
2 0.6690459610027855 0.38967391304347826 0.0031337047353760445 0.014130434782608696
2 0.7381615598885793 0.39293478260869563 0.004178272980501393 0.014130434782608696