0 0.15198467966573817 0.6292955326460481 0.041434540389972144 0.06701030927835051
0 0.08286908077994429 0.5167525773195877 0.011142061281337047 0.01632302405498282
0 0.15964484679665739 0.4959192439862543 0.009401114206128134 0.007302405498281787
0 0.12552228412256267 0.49248281786941583 0.004526462395543176 0.00816151202749141
0 0.1048050139275766 0.49140893470790376 0.004178272980501393 0.006872852233676976
4 0.09435933147632312 0.5573453608247423 0.02576601671309192 0.0313573883161512
4 0.05623259052924791 0.5135309278350515 0.010793871866295265 0.014175257731958763
4 0.16051532033426183 0.49226804123711343 0.004874651810584958 0.009450171821305841
4 0.12674094707520892 0.4950601374570447 0.005571030640668524 0.00902061855670103
4 0.09610027855153204 0.49377147766323026 0.004874651810584958 0.00816151202749141
2 0.10776462395543175 0.5225515463917526 0.01288300835654596 0.019329896907216496