0 0.33269498607242337 0.5066580756013745 0.006615598885793872 0.010738831615120275
0 0.3100626740947075 0.5107388316151202 0.008704735376044569 0.01288659793814433
0 0.31824512534818944 0.5199742268041238 0.009749303621169917 0.015893470790378006
0 0.14432451253481896 0.5745274914089347 0.026114206128133706 0.04252577319587629
0 0.389449860724234 0.5350085910652921 0.013579387186629526 0.02190721649484536
0 0.3995473537604457 0.5057989690721649 0.005919220055710306 0.009879725085910653
0 0.4616991643454039 0.5060137457044673 0.005571030640668524 0.009450171821305841
0 0.5144498607242339 0.5083762886597938 0.005222841225626741 0.009879725085910653
0 0.5612813370473537 0.5109536082474226 0.005571030640668524 0.009879725085910653
0 0.5355153203342619 0.5440292096219931 0.018802228412256268 0.024484536082474227
0 0.6166434540389972 0.5141752577319587 0.006267409470752089 0.011168384879725086
0 0.6335306406685237 0.5313573883161512 0.01149025069637883 0.01804123711340206
0 0.7251044568245125 0.626073883161512 0.044220055710306405 0.06142611683848797
0 0.774025069637883 0.5680841924398625 0.025069637883008356 0.033934707903780066
0 0.8267757660167131 0.5298539518900344 0.007311977715877437 0.015034364261168385
4 0.2280640668523677 0.5244845360824743 0.011838440111420613 0.019759450171821305
4 0.0868732590529248 0.5435996563573883 0.02193593314763231 0.028780068728522335
4 0.4117339832869081 0.5180412371134021 0.0100974930362117 0.015463917525773196
4 0.5884401114206128 0.5240549828178694 0.009749303621169917 0.015463917525773196
4 0.5884401114206128 0.5474656357388317 0.017409470752089137 0.02534364261168385
4 0.7376392757660167 0.5292096219931272 0.01149025069637883 0.01632302405498282
4 0.8307799442896936 0.5356529209621993 0.012534818941504178 0.01804123711340206
2 0.24930362116991645 0.5300687285223368 0.012534818941504178 0.02147766323024055
2 0.1737465181058496 0.7006013745704467 0.07172701949860724 0.1013745704467354
2 0.3177228412256267 0.564647766323024 0.024721448467966575 0.03651202749140894
2 0.3929317548746518 0.5204037800687286 0.008704735376044569 0.015034364261168385
2 0.4879874651810585 0.5193298969072165 0.008704735376044569 0.013745704467353952
2 0.6777506963788301 0.5420962199312714 0.014972144846796657 0.022336769759450172
2 0.858983286908078 0.5620704467353952 0.0201949860724234 0.029639175257731958