0 0.7769846796657381 0.3418478260869565 0.007311977715877437 0.02717391304347826
0 0.8549791086350975 0.3684782608695652 0.008704735376044569 0.030434782608695653
0 0.0908774373259053 0.29130434782608694 0.014623955431754874 0.05
4 0.3022284122562674 0.3353260869565217 0.014623955431754874 0.057608695652173914
4 0.3319986072423398 0.39402173913043476 0.019846796657381614 0.08152173913043478
0 0.179491643454039 0.22228260869565217 0.006615598885793872 0.025
4 0.8062325905292479 0.37228260869565216 0.0100974930362117 0.035869565217391305
0 0.18924094707520892 0.2157608695652174 0.005222841225626741 0.02282608695652174
4 0.3972841225626741 0.5032608695652174 0.034122562674094706 0.12608695652173912
1 0.11211699164345404 0.2614130434782609 0.014623955431754874 0.07065217391304347
4 0.6981197771587744 0.3342391304347826 0.00766016713091922 0.029347826086956522
0 0.14745821727019498 0.2483695652173913 0.008704735376044569 0.03369565217391304
0 0.16643454038997216 0.2358695652173913 0.00766016713091922 0.02826086956521739
4 0.28464484679665736 0.30434782608695654 0.01288300835654596 0.04565217391304348
4 0.5907033426183844 0.7597826086956522 0.030988857938718663 0.17608695652173914
4 0.6608635097493036 0.29130434782608694 0.004874651810584958 0.017391304347826087
4 0.5689415041782729 0.26467391304347826 0.004178272980501393 0.014130434782608696
4 0.6723537604456824 0.3173913043478261 0.006267409470752089 0.02391304347826087
0 0.24303621169916434 0.19456521739130433 0.004178272980501393 0.013043478260869565
0 0.2240598885793872 0.20108695652173914 0.004526462395543176 0.017391304347826087
0 0.20038300835654596 0.20923913043478262 0.005222841225626741 0.01847826086956522
0 0.5597144846796658 0.25815217391304346 0.00383008356545961 0.011956521739130435
0 0.7686281337047354 0.33043478260869563 0.005222841225626741 0.01956521739130435
0 0.21448467966573817 0.20597826086956522 0.004874651810584958 0.016304347826086956
4 0.3239902506963788 0.20869565217391303 0.00383008356545961 0.013043478260869565
0 0.7578342618384402 0.33043478260869563 0.005919220055710306 0.021739130434782608
0 0.9427228412256268 0.3076086956521739 0.00383008356545961 0.013043478260869565
0 0.7170961002785515 0.3027173913043478 0.00383008356545961 0.016304347826086956
0 0.7526114206128134 0.3173913043478261 0.005222841225626741 0.017391304347826087
4 0.6831476323119777 0.3027173913043478 0.004874651810584958 0.01847826086956522
0 0.9474233983286908 0.31521739130434784 0.003481894150417827 0.013043478260869565
4 0.5184540389972145 0.2510869565217391 0.003481894150417827 0.013043478260869565
4 0.6767061281337048 0.3076086956521739 0.00383008356545961 0.01956521739130435
0 0.25487465181058494 0.1956521739130435 0.002785515320334262 0.010869565217391304
0 0.22945682451253482 0.19510869565217392 0.004178272980501393 0.014130434782608696
0 0.9371518105849582 0.31032608695652175 0.00383008356545961 0.011956521739130435
0 0.6363161559888579 0.27880434782608693 0.00383008356545961 0.014130434782608696
4 0.6171657381615598 0.2777173913043478 0.004526462395543176 0.016304347826086956
0 0.1208217270194986 0.27119565217391306 0.008356545961002786 0.042391304347826085
1 0.12482590529247911 0.2543478260869565 0.009401114206128134 0.06521739130434782
1 0.27802924791086353 0.27717391304347827 0.008704735376044569 0.06521739130434782
4 0.27263231197771587 0.2847826086956522 0.006963788300835654 0.0391304347826087
4 0.2696727019498607 0.266304347826087 0.005919220055710306 0.03260869565217391
4 0.26758356545961004 0.2532608695652174 0.005222841225626741 0.02391304347826087
4 0.2658426183844011 0.23967391304347826 0.004526462395543176 0.02282608695652174
4 0.2684540389972145 0.23043478260869565 0.004874651810584958 0.01956521739130435
4 0.2703690807799443 0.22065217391304348 0.0031337047353760445 0.017391304347826087
4 0.2721100278551532 0.2157608695652174 0.002437325905292479 0.016304347826086956
4 0.2757660167130919 0.2108695652173913 0.004178272980501393 0.015217391304347827
4 0.2889972144846797 0.20706521739130435 0.003481894150417827 0.014130434782608696
0 0.28568941504178275 0.19891304347826086 0.0031337047353760445 0.013043478260869565
0 0.5967966573816156 0.26793478260869563 0.003481894150417827 0.014130434782608696
0 0.6718314763231198 0.2875 0.00383008356545961 0.016304347826086956
1 0.2733286908077994 0.27119565217391306 0.008356545961002786 0.059782608695652176