0 0.22945682451253482 0.5777491408934707 0.018105849582172703 0.02663230240549828
0 0.3546309192200557 0.6436855670103093 0.04073816155988858 0.05798969072164949
0 0.525591922005571 0.5590635738831615 0.012186629526462395 0.020189003436426118
0 0.5351671309192201 0.5461769759450171 0.009749303621169917 0.015034364261168385
0 0.5675487465181058 0.5382302405498282 0.00766016713091922 0.012027491408934709
0 0.6091573816155988 0.5695876288659794 0.016364902506963788 0.02577319587628866
0 0.6114206128133705 0.5337199312714777 0.005571030640668524 0.010738831615120275
0 0.6897632311977716 0.531786941580756 0.006267409470752089 0.009450171821305841
0 0.7571378830083565 0.530713058419244 0.006615598885793872 0.009879725085910653
0 0.8135445682451253 0.5582044673539519 0.014275766016713091 0.02190721649484536
0 0.8128481894150418 0.5313573883161512 0.008008356545961003 0.011168384879725086
0 0.8615947075208914 0.5335051546391752 0.008008356545961003 0.01288659793814433
0 0.9209610027855153 0.5367268041237113 0.009749303621169917 0.014175257731958763
0 0.7313718662952646 0.6058848797250859 0.029596100278551533 0.04338487972508591
4 0.2905640668523677 0.560352233676976 0.013579387186629526 0.020189003436426118
4 0.44063370473537605 0.5496134020618557 0.009401114206128134 0.01675257731958763
4 0.6443245125348189 0.5740979381443299 0.017757660167130918 0.027920962199312716
4 0.6267409470752089 0.5435996563573883 0.009749303621169917 0.015893470790378006
4 0.8098885793871866 0.5485395189003437 0.011838440111420613 0.01804123711340206
2 0.34314066852367686 0.5779639175257731 0.017061281337047353 0.027061855670103094
2 0.6319637883008357 0.728307560137457 0.06963788300835655 0.10094501718213059
2 0.43245125348189417 0.5541237113402062 0.010445682451253482 0.01804123711340206
2 0.5947075208913649 0.5468213058419243 0.010445682451253482 0.015463917525773196
2 0.708391364902507 0.5444587628865979 0.01149025069637883 0.015893470790378006
2 0.7877785515320335 0.571520618556701 0.01915041782729805 0.028780068728522335
2 0.9131267409470752 0.6073883161512027 0.041434540389972144 0.04725085910652921