0 0.42154255319148937 0.4722222222222222 0.027127659574468086 0.05925925925925926
0 0.5313829787234042 0.44074074074074077 0.01702127659574468 0.03888888888888889
0 0.5332446808510638 0.4148148148148148 0.013297872340425532 0.03148148148148148
0 0.5976063829787234 0.4041666666666667 0.01223404255319149 0.026851851851851852
0 0.6454787234042553 0.39166666666666666 0.009042553191489361 0.022222222222222223
0 0.6640957446808511 0.38425925925925924 0.007978723404255319 0.020370370370370372
0 0.676063829787234 0.37777777777777777 0.006382978723404255 0.018518518518518517
0 0.6441489361702127 0.3736111111111111 0.005319148936170213 0.013888888888888888
0 0.6220744680851064 0.37175925925925923 0.005851063829787234 0.013888888888888888
0 0.8843085106382979 0.36527777777777776 0.003723404255319149 0.010185185185185186
0 0.1970744680851064 0.5527777777777778 0.04840425531914894 0.09814814814814815
4 0.7904255319148936 0.42916666666666664 0.018085106382978722 0.03796296296296296
4 0.7840425531914894 0.40879629629629627 0.011702127659574468 0.030555555555555555
4 0.8268617021276595 0.39814814814814814 0.011170212765957447 0.025925925925925925
4 0.8289893617021277 0.387037037037037 0.009042553191489361 0.022222222222222223
4 0.8093085106382979 0.3800925925925926 0.009042553191489361 0.019444444444444445
4 0.7691489361702127 0.37453703703703706 0.007446808510638298 0.017592592592592594
4 0.7811170212765958 0.36666666666666664 0.0047872340425531915 0.012962962962962963
4 0.6962765957446808 0.36898148148148147 0.00425531914893617 0.013888888888888888
4 0.7031914893617022 0.3675925925925926 0.005319148936170213 0.012962962962962963
4 0.7242021276595745 0.37083333333333335 0.005851063829787234 0.01574074074074074
4 0.7417553191489362 0.36712962962962964 0.0047872340425531915 0.013888888888888888
4 0.9053191489361702 0.37962962962962965 0.009574468085106383 0.020370370370370372
4 0.8710106382978723 0.375 0.007978723404255319 0.018518518518518517
4 0.8422872340425532 0.37175925925925923 0.006914893617021276 0.01574074074074074
4 0.811968085106383 0.3675925925925926 0.005851063829787234 0.012962962962962963
4 0.125 0.40370370370370373 0.02127659574468085 0.05185185185185185