0 0.25069637883008355 0.2266304347826087 0.006267409470752089 0.02717391304347826
0 0.9334958217270195 0.35108695652173916 0.006267409470752089 0.02391304347826087
4 0.25295961002785516 0.41793478260869565 0.028203342618384402 0.10108695652173913
0 0.13231197771587744 0.21793478260869564 0.006963788300835654 0.029347826086956522
4 0.1817548746518106 0.3119565217391304 0.01532033426183844 0.06304347826086956
0 0.6418871866295265 0.28804347826086957 0.005222841225626741 0.021739130434782608
4 0.3633356545961003 0.24891304347826088 0.007311977715877437 0.02826086956521739
0 0.4176532033426184 0.2467391304347826 0.004526462395543176 0.021739130434782608
0 0.8290389972144847 0.328804347826087 0.004874651810584958 0.025
4 0.258008356545961 0.2451086956521739 0.00766016713091922 0.03369565217391304
4 0.47858635097493035 0.26521739130434785 0.005919220055710306 0.02608695652173913
4 0.6051532033426184 0.29130434782608694 0.005571030640668524 0.02608695652173913
4 0.18471448467966572 0.26358695652173914 0.01149025069637883 0.04456521739130435
4 0.8736072423398329 0.3483695652173913 0.00766016713091922 0.029347826086956522
4 0.7301532033426184 0.3184782608695652 0.006963788300835654 0.02826086956521739
0 0.48868384401114207 0.25815217391304346 0.005222841225626741 0.02282608695652174
0 0.5628481894150418 0.27065217391304347 0.004526462395543176 0.01956521739130435
0 0.7350278551532033 0.30869565217391304 0.004874651810584958 0.021739130434782608
0 0.34958217270194986 0.23804347826086958 0.005571030640668524 0.02391304347826087
4 0.5541434540389972 0.23641304347826086 0.0017409470752089136 0.009782608695652175
4 0.5268105849582173 0.7402173913043478 0.06197771587743733 0.2108695652173913
4 0.24721448467966572 0.20108695652173914 0.002785515320334262 0.010869565217391304
4 0.29596100278551535 0.20108695652173914 0.002785515320334262 0.010869565217391304
4 0.26740947075208915 0.19891304347826086 0.002785515320334262 0.010869565217391304
4 0.2416434540389972 0.1956521739130435 0.0020891364902506965 0.008695652173913044
0 0.25487465181058494 0.19130434782608696 0.001392757660167131 0.008695652173913044
4 0.251566852367688 0.19021739130434784 0.0017409470752089136 0.006521739130434782
0 0.0503133704735376 0.21956521739130436 0.0031337047353760445 0.030434782608695653
4 0.5597144846796658 0.2298913043478261 0.0017409470752089136 0.007608695652173913
4 0.29874651810584957 0.20380434782608695 0.002785515320334262 0.011956521739130435
4 0.283600278551532 0.1907608695652174 0.0017409470752089136 0.007608695652173913
0 0.5698119777158774 0.24565217391304348 0.002437325905292479 0.013043478260869565
0 0.32520891364902504 0.19782608695652174 0.001392757660167131 0.006521739130434782
4 0.32782033426183843 0.20380434782608695 0.002437325905292479 0.009782608695652175
0 0.27959610027855153 0.1923913043478261 0.001392757660167131 0.006521739130434782
0 0.3319986072423398 0.20326086956521738 0.0017409470752089136 0.008695652173913044
4 0.5099233983286908 0.23478260869565218 0.0017409470752089136 0.008695652173913044
4 0.5520543175487466 0.2233695652173913 0.0017409470752089136 0.007608695652173913
2 0.25 0.19728260869565217 0.0020891364902506965 0.009782608695652175
4 0.7364206128133705 0.24782608695652175 0.001392757660167131 0.006521739130434782
4 0.320508356545961 0.19728260869565217 0.0017409470752089136 0.007608695652173913
4 0.5325557103064067 0.22880434782608697 0.0010445682451253482 0.005434782608695652
2 0.24704038997214484 0.18967391304347825 0.0017409470752089136 0.007608695652173913
4 0.29892061281337046 0.19619565217391305 0.0017409470752089136 0.009782608695652175
0 0.26897632311977715 0.19782608695652174 0.002437325905292479 0.010869565217391304
4 0.3366991643454039 0.19891304347826086 0.0020891364902506965 0.008695652173913044
0 0.23868384401114207 0.19456521739130433 0.002437325905292479 0.010869565217391304