0 0.7895194986072424 0.5113831615120275 0.016364902506963788 0.02620274914089347
0 0.8246866295264624 0.551331615120275 0.030988857938718663 0.0313573883161512
0 0.838091922005571 0.47830756013745707 0.00766016713091922 0.01245704467353952
0 0.865424791086351 0.49183848797250856 0.010793871866295265 0.01804123711340206
0 0.858983286908078 0.47036082474226804 0.005571030640668524 0.009450171821305841
0 0.9482938718662952 0.47465635738831613 0.005222841225626741 0.01288659793814433
0 0.9491643454038997 0.4684278350515464 0.003481894150417827 0.009879725085910653
0 0.9186977715877437 0.6000859106529209 0.05536211699164345 0.06958762886597938
4 0.6678272980501393 0.48732817869415807 0.0201949860724234 0.03221649484536082
4 0.8149373259052924 0.48689862542955326 0.010793871866295265 0.01675257731958763
4 0.8595055710306406 0.4804553264604811 0.008704735376044569 0.014175257731958763
4 0.8802228412256268 0.4727233676975945 0.00766016713091922 0.011597938144329897
4 0.9449860724233984 0.48646907216494845 0.011838440111420613 0.018470790378006873
2 0.6723537604456824 0.5934278350515464 0.03969359331476323 0.05970790378006873
2 0.8711699164345403 0.4991408934707904 0.01532033426183844 0.022336769759450172