0 0.3156914893617021 0.5439814814814815 0.05372340425531915 0.10092592592592593
0 0.12074468085106382 0.38425925925925924 0.018085106382978722 0.03518518518518519
0 0.5813829787234043 0.41712962962962963 0.02021276595744681 0.04537037037037037
0 0.3194148936170213 0.3763888888888889 0.014361702127659574 0.030555555555555555
0 0.5662234042553191 0.38796296296296295 0.015425531914893617 0.03333333333333333
0 0.4396276595744681 0.37453703703703706 0.01223404255319149 0.028703703703703703
0 0.5013297872340425 0.44722222222222224 0.03031914893617021 0.05925925925925926
0 0.13856382978723406 0.34305555555555556 0.007978723404255319 0.013888888888888888
0 0.2824468085106383 0.3476851851851852 0.009574468085106383 0.017592592592592594
0 0.4319148936170213 0.34953703703703703 0.00851063829787234 0.013888888888888888
0 0.5691489361702128 0.34953703703703703 0.00851063829787234 0.013888888888888888
0 0.6731382978723405 0.3490740740740741 0.007978723404255319 0.012962962962962963
0 0.7912234042553191 0.350462962962963 0.010106382978723405 0.012037037037037037
0 0.875 0.3587962962962963 0.013829787234042552 0.013888888888888888
4 0.726063829787234 0.3819444444444444 0.014893617021276596 0.030555555555555555
4 0.910904255319149 0.44212962962962965 0.028191489361702127 0.05092592592592592
4 0.2601063829787234 0.3592592592592593 0.013829787234042552 0.027777777777777776
4 0.6186170212765958 0.36944444444444446 0.01276595744680851 0.027777777777777776
4 0.3851063829787234 0.3578703703703704 0.010638297872340425 0.025
4 0.5077127659574469 0.36064814814814816 0.011170212765957447 0.025
4 0.1321808510638298 0.362962962962963 0.01223404255319149 0.02962962962962963
4 0.8417553191489362 0.399537037037037 0.01648936170212766 0.03425925925925926