0 0.34383704735376047 0.5260869565217391 0.027506963788300837 0.1
0 0.4139972144846797 0.42880434782608695 0.012534818941504178 0.057608695652173914
0 0.7560933147632312 0.34130434782608693 0.006615598885793872 0.021739130434782608
0 0.4428969359331476 0.3918478260869565 0.010445682451253482 0.04021739130434782
4 0.7014275766016713 0.3521739130434783 0.006615598885793872 0.02608695652173913
4 0.5995821727019499 0.3673913043478261 0.005571030640668524 0.034782608695652174
0 0.8739554317548747 0.34130434782608693 0.006267409470752089 0.02391304347826087
4 0.7198816155988857 0.5190217391304348 0.028203342618384402 0.10543478260869565
0 0.5715529247910863 0.34891304347826085 0.008008356545961003 0.02391304347826087
4 0.9063370473537604 0.35489130434782606 0.00766016713091922 0.029347826086956522
0 0.4571727019498607 0.3701086956521739 0.008356545961002786 0.03152173913043478
0 0.657033426183844 0.34402173913043477 0.006267409470752089 0.02282608695652174
4 0.6290041782729805 0.358695652173913 0.008008356545961003 0.02826086956521739
4 0.5947075208913649 0.3869565217391304 0.011142061281337047 0.043478260869565216
0 0.508008356545961 0.35706521739130437 0.00766016713091922 0.02717391304347826
4 0.7898676880222841 0.3521739130434783 0.007311977715877437 0.02608695652173913
4 0.6269150417827298 0.42336956521739133 0.015668523676880222 0.057608695652173914