0 0.19601063829787235 0.5708333333333333 0.040957446808510635 0.09722222222222222
0 0.2890957446808511 0.49444444444444446 0.028191489361702127 0.06481481481481481
0 0.19069148936170213 0.4597222222222222 0.02074468085106383 0.04351851851851852
0 0.1920212765957447 0.42962962962962964 0.015957446808510637 0.03518518518518519
0 0.2968085106382979 0.4101851851851852 0.011702127659574468 0.025925925925925925
0 0.375 0.3976851851851852 0.00851063829787234 0.023148148148148147
0 0.3651595744680851 0.36944444444444446 0.0047872340425531915 0.011111111111111112
0 0.3771276595744681 0.3675925925925926 0.00425531914893617 0.011111111111111112
0 0.39148936170212767 0.3662037037037037 0.005319148936170213 0.010185185185185186
0 0.39867021276595743 0.37083333333333335 0.0047872340425531915 0.012037037037037037
0 0.39574468085106385 0.36018518518518516 0.0031914893617021275 0.005555555555555556
0 0.40877659574468084 0.36527777777777776 0.003723404255319149 0.008333333333333333
0 0.4162234042553192 0.36157407407407405 0.003723404255319149 0.008333333333333333
0 0.4343085106382979 0.37222222222222223 0.0047872340425531915 0.011111111111111112
0 0.4377659574468085 0.36342592592592593 0.0031914893617021275 0.008333333333333333
0 0.45053191489361705 0.3625 0.00425531914893617 0.010185185185185186
0 0.4401595744680851 0.36018518518518516 0.0026595744680851063 0.007407407407407408
0 0.45585106382978724 0.3611111111111111 0.00425531914893617 0.009259259259259259
0 0.4672872340425532 0.3712962962962963 0.0047872340425531915 0.009259259259259259
0 0.4678191489361702 0.375 0.003723404255319149 0.009259259259259259
0 0.46382978723404256 0.3907407407407407 0.006382978723404255 0.018518518518518517
0 0.4877659574468085 0.35509259259259257 0.0031914893617021275 0.006481481481481481
0 0.49414893617021277 0.38333333333333336 0.005319148936170213 0.014814814814814815
0 0.5172872340425532 0.3814814814814815 0.0047872340425531915 0.011111111111111112
0 0.5178191489361702 0.37546296296296294 0.0047872340425531915 0.010185185185185186
0 0.9220744680851064 0.38055555555555554 0.0047872340425531915 0.011111111111111112
0 0.8890957446808511 0.3768518518518518 0.0047872340425531915 0.011111111111111112
0 0.8401595744680851 0.37592592592592594 0.006914893617021276 0.012962962962962963
0 0.8007978723404255 0.37546296296296294 0.006914893617021276 0.013888888888888888
0 0.7460106382978723 0.3699074074074074 0.0047872340425531915 0.012037037037037037
0 0.6954787234042553 0.3685185185185185 0.0047872340425531915 0.011111111111111112
0 0.6367021276595745 0.3675925925925926 0.005319148936170213 0.011111111111111112
0 0.5776595744680851 0.36574074074074076 0.00425531914893617 0.011111111111111112
4 0.42819148936170215 0.3592592592592593 0.0031914893617021275 0.007407407407407408
4 0.4319148936170213 0.3587962962962963 0.0031914893617021275 0.006481481481481481
4 0.44707446808510637 0.3675925925925926 0.003723404255319149 0.011111111111111112
4 0.4420212765957447 0.35833333333333334 0.0031914893617021275 0.007407407407407408
4 0.4622340425531915 0.3685185185185185 0.00425531914893617 0.011111111111111112
4 0.4601063829787234 0.3592592592592593 0.00425531914893617 0.009259259259259259
4 0.4821808510638298 0.3597222222222222 0.003723404255319149 0.008333333333333333
4 0.4848404255319149 0.35648148148148145 0.0026595744680851063 0.005555555555555556
4 0.49122340425531913 0.3648148148148148 0.003723404255319149 0.009259259259259259
4 0.4965425531914894 0.37592592592592594 0.003723404255319149 0.009259259259259259
4 0.5093085106382979 0.362962962962963 0.003723404255319149 0.009259259259259259
4 0.5066489361702128 0.36018518518518516 0.0026595744680851063 0.007407407407407408
4 0.5183510638297872 0.36944444444444446 0.003723404255319149 0.009259259259259259
4 0.5178191489361702 0.362962962962963 0.0047872340425531915 0.009259259259259259
4 0.5340425531914894 0.37083333333333335 0.005319148936170213 0.012037037037037037
4 0.5412234042553191 0.3699074074074074 0.0047872340425531915 0.012037037037037037
4 0.5422872340425532 0.3625 0.0047872340425531915 0.010185185185185186
4 0.5375 0.3625 0.0047872340425531915 0.010185185185185186
4 0.5297872340425532 0.35694444444444445 0.0031914893617021275 0.006481481481481481
4 0.5476063829787234 0.36157407407407405 0.003723404255319149 0.008333333333333333
4 0.5507978723404255 0.36018518518518516 0.003723404255319149 0.007407407407407408
4 0.5670212765957446 0.37222222222222223 0.006382978723404255 0.012962962962962963
4 0.5297872340425532 0.4310185185185185 0.015957446808510637 0.03611111111111111
4 0.5260638297872341 0.4125 0.01276595744680851 0.026851851851851852
4 0.5819148936170213 0.4532407407407407 0.02127659574468085 0.04722222222222222
4 0.7218085106382979 0.4962962962962963 0.03404255319148936 0.06851851851851852
4 0.9079787234042553 0.4083333333333333 0.013829787234042552 0.02962962962962963
4 0.8529255319148936 0.3976851851851852 0.011170212765957447 0.023148148148148147
4 0.7646276595744681 0.3875 0.007978723404255319 0.019444444444444445
4 0.7212765957446808 0.3814814814814815 0.007446808510638298 0.016666666666666666
4 0.6893617021276596 0.37777777777777777 0.006382978723404255 0.014814814814814815
4 0.6779255319148936 0.37592592592592594 0.006914893617021276 0.014814814814814815
4 0.6585106382978724 0.37407407407407406 0.006382978723404255 0.014814814814814815
4 0.6143617021276596 0.39351851851851855 0.00851063829787234 0.022222222222222223
4 0.6226063829787234 0.387037037037037 0.007978723404255319 0.018518518518518517
4 0.6231382978723404 0.3814814814814815 0.007978723404255319 0.014814814814814815
4 0.6311170212765957 0.37777777777777777 0.006914893617021276 0.016666666666666666
4 0.6234042553191489 0.37175925925925923 0.007446808510638298 0.013888888888888888
4 0.6045212765957447 0.375 0.006914893617021276 0.014814814814814815
4 0.5808510638297872 0.4023148148148148 0.011702127659574468 0.025
4 0.5832446808510638 0.3699074074074074 0.0047872340425531915 0.013888888888888888