0 0.5520543175487466 0.4141304347826087 0.014972144846796657 0.05434782608695652
0 0.4639623955431755 0.4983695652173913 0.023328690807799445 0.09456521739130434
4 0.8206824512534819 0.5135869565217391 0.02576601671309192 0.09456521739130434
0 0.6112465181058496 0.38206521739130433 0.009401114206128134 0.03804347826086957
4 0.7592270194986073 0.38532608695652176 0.01149025069637883 0.03804347826086957
0 0.19237465181058497 0.7309782608695652 0.06162952646239554 0.2141304347826087
0 0.6319637883008357 0.3673913043478261 0.00766016713091922 0.030434782608695653
0 0.733983286908078 0.3347826086956522 0.004178272980501393 0.017391304347826087
0 0.8683844011142061 0.3565217391304348 0.005571030640668524 0.021739130434782608
4 0.682799442896936 0.35706521739130437 0.006267409470752089 0.025
4 0.6237813370473537 0.3184782608695652 0.0031337047353760445 0.015217391304347827
4 0.5541434540389972 0.3168478260869565 0.002437325905292479 0.009782608695652175
0 0.7963091922005571 0.3472826086956522 0.004874651810584958 0.01847826086956522
4 0.5861768802228412 0.33641304347826084 0.004526462395543176 0.01847826086956522
4 0.6932451253481894 0.32771739130434785 0.003481894150417827 0.014130434782608696
4 0.924791086350975 0.3766304347826087 0.008356545961002786 0.03152173913043478
0 0.7447771587743732 0.34130434782608693 0.004874651810584958 0.017391304347826087
4 0.6800139275766016 0.3298913043478261 0.003481894150417827 0.014130434782608696
4 0.5757311977715878 0.33043478260869563 0.00383008356545961 0.015217391304347827
0 0.5250696378830083 0.3423913043478261 0.005571030640668524 0.021739130434782608
0 0.5074860724233984 0.32717391304347826 0.00383008356545961 0.015217391304347827
4 0.6126392757660167 0.325 0.0031337047353760445 0.015217391304347827
4 0.6671309192200557 0.33315217391304347 0.004178272980501393 0.016304347826086956
4 0.6182103064066853 0.3451086956521739 0.005222841225626741 0.020652173913043477
4 0.5745125348189415 0.3184782608695652 0.0020891364902506965 0.010869565217391304
4 0.8471448467966574 0.36467391304347824 0.006963788300835654 0.02717391304347826
4 0.583391364902507 0.3157608695652174 0.002437325905292479 0.009782608695652175
4 0.5931406685236769 0.3173913043478261 0.002437325905292479 0.010869565217391304
4 0.5964484679665738 0.32717391304347826 0.003481894150417827 0.015217391304347827
4 0.7104805013927576 0.34619565217391307 0.005222841225626741 0.020652173913043477
4 0.7527855153203342 0.3701086956521739 0.00766016713091922 0.029347826086956522
4 0.671483286908078 0.3391304347826087 0.004526462395543176 0.017391304347826087
0 0.5001740947075209 0.33260869565217394 0.00383008356545961 0.017391304347826087
4 0.7797701949860725 0.3565217391304348 0.006615598885793872 0.021739130434782608
4 0.5990598885793872 0.3157608695652174 0.002437325905292479 0.009782608695652175
0 0.5233286908077994 0.3244565217391304 0.003481894150417827 0.014130434782608696
0 0.5665041782729805 0.3527173913043478 0.006267409470752089 0.025
0 0.5424791086350975 0.3190217391304348 0.002785515320334262 0.011956521739130435
0 0.5508356545961003 0.3233695652173913 0.002785515320334262 0.011956521739130435
4 0.7672353760445683 0.41793478260869565 0.015668523676880222 0.051086956521739134
0 0.7522632311977716 0.328804347826087 0.00383008356545961 0.014130434782608696
0 0.5616295264623955 0.32119565217391305 0.002785515320334262 0.011956521739130435
0 0.5088788300835655 0.31467391304347825 0.002437325905292479 0.009782608695652175