0 0.7148936170212766 0.43796296296296294 0.02021276595744681 0.04259259259259259
0 0.5670212765957446 0.46111111111111114 0.02553191489361702 0.053703703703703705
0 0.9045212765957447 0.3902777777777778 0.011170212765957447 0.025
0 0.39920212765957447 0.4898148148148148 0.026063829787234042 0.05925925925925926
0 0.8223404255319149 0.3814814814814815 0.00851063829787234 0.020370370370370372
0 0.8813829787234042 0.42453703703703705 0.018085106382978722 0.03981481481481482
0 0.7720744680851064 0.3768518518518518 0.007978723404255319 0.016666666666666666
0 0.8742021276595745 0.36203703703703705 0.0047872340425531915 0.011111111111111112
0 0.8090425531914893 0.3638888888888889 0.005319148936170213 0.011111111111111112
0 0.7518617021276596 0.3726851851851852 0.005851063829787234 0.012037037037037037
0 0.7558510638297873 0.36898148148148147 0.005319148936170213 0.013888888888888888
0 0.7702127659574468 0.3662037037037037 0.005319148936170213 0.012037037037037037
4 0.8699468085106383 0.37037037037037035 0.005851063829787234 0.016666666666666666
4 0.9114361702127659 0.37592592592592594 0.007978723404255319 0.018518518518518517
4 0.8832446808510638 0.3680555555555556 0.006914893617021276 0.01574074074074074