0 0.19095744680851065 0.5560185185185185 0.039361702127659576 0.08796296296296297
0 0.32632978723404255 0.46805555555555556 0.022872340425531913 0.05092592592592592
0 0.42925531914893617 0.42824074074074076 0.015957446808510637 0.03611111111111111
0 0.5390957446808511 0.3921296296296296 0.011170212765957447 0.025
0 0.5928191489361702 0.37546296296296294 0.007978723404255319 0.019444444444444445
0 0.6257978723404255 0.3648148148148148 0.006914893617021276 0.016666666666666666
0 0.6396276595744681 0.36018518518518516 0.006914893617021276 0.016666666666666666
0 0.6507978723404255 0.35694444444444445 0.005851063829787234 0.013888888888888888
0 0.6619680851063829 0.3537037037037037 0.005851063829787234 0.012962962962962963
0 0.6710106382978723 0.3509259259259259 0.0047872340425531915 0.011111111111111112
0 0.7031914893617022 0.34953703703703703 0.005319148936170213 0.012037037037037037
0 0.9236702127659574 0.3476851851851852 0.0026595744680851063 0.012037037037037037
4 0.7470744680851064 0.5763888888888888 0.05372340425531915 0.10833333333333334
4 0.651595744680851 0.4699074074074074 0.030851063829787233 0.06018518518518518
4 0.6247340425531915 0.42407407407407405 0.01648936170212766 0.040740740740740744
4 0.676595744680851 0.38981481481481484 0.011702127659574468 0.027777777777777776
4 0.701063829787234 0.3736111111111111 0.009574468085106383 0.021296296296296296
4 0.7135638297872341 0.362962962962963 0.006914893617021276 0.018518518518518517
4 0.7210106382978724 0.3574074074074074 0.005851063829787234 0.016666666666666666
4 0.7271276595744681 0.3541666666666667 0.005319148936170213 0.01574074074074074
4 0.7319148936170212 0.3509259259259259 0.00425531914893617 0.012962962962962963
4 0.7457446808510638 0.35 0.00425531914893617 0.014814814814814815
4 0.7720744680851064 0.34953703703703703 0.0047872340425531915 0.012037037037037037
4 0.7978723404255319 0.35 0.00425531914893617 0.012962962962962963
4 0.8284574468085106 0.34953703703703703 0.005851063829787234 0.013888888888888888
4 0.8545212765957447 0.350462962962963 0.005851063829787234 0.01574074074074074
4 0.9058510638297872 0.35 0.006382978723404255 0.016666666666666666