0 0.06824512534818941 0.5073024054982818 0.011142061281337047 0.014604810996563574
0 0.17635793871866295 0.507946735395189 0.009401114206128134 0.014175257731958763
0 0.21901114206128133 0.5008591065292096 0.006963788300835654 0.012027491408934709
0 0.21918523676880222 0.5360824742268041 0.017757660167130918 0.02663230240549828
0 0.2938718662952646 0.5186855670103093 0.013231197771587743 0.019329896907216496
0 0.3708217270194986 0.4944158075601375 0.006267409470752089 0.009450171821305841
0 0.41643454038997213 0.4965635738831615 0.005571030640668524 0.010309278350515464
0 0.4153899721448468 0.5085910652920962 0.008356545961002786 0.014604810996563574
0 0.4543871866295265 0.5197594501718213 0.012534818941504178 0.020618556701030927
0 0.479108635097493 0.5053694158075601 0.008356545961002786 0.014175257731958763
0 0.48729108635097496 0.4991408934707904 0.006615598885793872 0.011168384879725086
0 0.5407381615598886 0.5053694158075601 0.008356545961002786 0.014175257731958763
0 0.552924791086351 0.5309278350515464 0.016713091922005572 0.02491408934707904
0 0.6411908077994429 0.5182560137457045 0.01288300835654596 0.019329896907216496
0 0.7883008356545961 0.5543384879725086 0.02576601671309192 0.03479381443298969
0 0.9220055710306406 0.5240549828178694 0.01532033426183844 0.02147766323024055
0 0.6044568245125348 0.6333762886597938 0.04735376044568245 0.0700171821305842
4 0.06476323119777158 0.5884879725085911 0.03203342618384401 0.0506872852233677
4 0.10114902506963788 0.5193298969072165 0.014972144846796657 0.019759450171821305
4 0.27942200557103064 0.5019329896907216 0.008704735376044569 0.01331615120274914
4 0.2903899721448468 0.49720790378006874 0.00766016713091922 0.010738831615120275
4 0.30954038997214484 0.4944158075601375 0.006267409470752089 0.010309278350515464
4 0.3107590529247911 0.5073024054982818 0.0100974930362117 0.015463917525773196
4 0.42809888579387184 0.49269759450171824 0.005222841225626741 0.00859106529209622
4 0.4752785515320334 0.5006443298969072 0.00766016713091922 0.01245704467353952
4 0.471100278551532 0.4952749140893471 0.006267409470752089 0.010309278350515464
4 0.5151462395543176 0.5006443298969072 0.007311977715877437 0.01331615120274914
4 0.5978412256267409 0.5107388316151202 0.010445682451253482 0.01718213058419244
4 0.7129178272980501 0.5498281786941581 0.023328690807799445 0.03350515463917526
2 0.37813370473537605 0.49742268041237114 0.006963788300835654 0.011168384879725086
2 0.407033426183844 0.5040807560137457 0.009052924791086351 0.01331615120274914
2 0.4072075208913649 0.49205326460481097 0.005222841225626741 0.00816151202749141
2 0.4152158774373259 0.5006443298969072 0.006615598885793872 0.011597938144329897
2 0.4188718662952646 0.5096649484536082 0.009749303621169917 0.015893470790378006
2 0.4554317548746518 0.5326460481099656 0.016713091922005572 0.02577319587628866
2 0.4813718662952646 0.4961340206185567 0.005919220055710306 0.010309278350515464
2 0.5282033426183844 0.5173969072164949 0.011838440111420613 0.018470790378006873
2 0.570508356545961 0.560352233676976 0.02193593314763231 0.03823024054982818
2 0.5915738161559888 0.5040807560137457 0.008356545961002786 0.01331615120274914
2 0.7599233983286908 0.5128865979381443 0.010793871866295265 0.01632302405498282
2 0.8770891364902507 0.5298539518900344 0.016713091922005572 0.023625429553264604