0 0.7781914893617021 0.5462837837837838 0.011702127659574468 0.019594594594594596
0 0.5031914893617021 0.5375 0.010638297872340425 0.016891891891891893
0 0.3781914893617021 0.533445945945946 0.009574468085106383 0.015540540540540541
0 0.8606382978723405 0.55 0.01276595744680851 0.021621621621621623
0 0.6691489361702128 0.5429054054054054 0.009574468085106383 0.018243243243243244
0 0.27047872340425533 0.5304054054054054 0.007978723404255319 0.014864864864864866
0 0.17872340425531916 0.5293918918918918 0.007446808510638298 0.01418918918918919
0 0.09441489361702128 0.6861486486486487 0.0398936170212766 0.07364864864864865
0 0.08271276595744681 0.6128378378378379 0.01648936170212766 0.051351351351351354
4 0.5601063829787234 0.6125 0.03297872340425532 0.04391891891891892
4 0.8109042553191489 0.6976351351351351 0.06223404255319149 0.07635135135135135
4 0.3529255319148936 0.5719594594594595 0.023936170212765957 0.03310810810810811
4 0.24468085106382978 0.5324324324324324 0.00851063829787234 0.016216216216216217
4 0.45904255319148934 0.5391891891891892 0.010638297872340425 0.016216216216216217
4 0.6534574468085106 0.547972972972973 0.011170212765957447 0.01891891891891892
4 0.7952127659574468 0.5587837837837838 0.013829787234042552 0.022972972972972974
4 0.18590425531914895 0.5496621621621621 0.014361702127659574 0.026351351351351353
4 0.1295212765957447 0.5327702702702702 0.010106382978723405 0.018243243243243244
4 0.3449468085106383 0.5361486486486486 0.010106382978723405 0.015540540540540541