0 0.7644498607242339 0.6535652920962199 0.05954038997214485 0.08548109965635739
0 0.5661559888579387 0.6267182130584192 0.04596100278551532 0.07388316151202749
0 0.8302576601671309 0.4012027491408935 0.04073816155988858 0.058419243986254296
0 0.29613509749303624 0.5345790378006873 0.030292479108635098 0.03651202749140894
0 0.2940459610027855 0.4965635738831615 0.01149025069637883 0.018900343642611683
0 0.12134401114206128 0.4963487972508591 0.014972144846796657 0.02104810996563574
0 0.19829387186629527 0.4585481099656357 0.007311977715877437 0.015034364261168385
4 0.3325208913649025 0.8726374570446735 0.04665738161559889 0.10266323024054982
4 0.5588440111420613 0.4222508591065292 0.018802228412256268 0.03178694158075601
4 0.3579387186629526 0.49076460481099654 0.010445682451253482 0.01761168384879725
4 0.14606545961002784 0.5109536082474226 0.018454038997214484 0.027920962199312716
4 0.42409470752089135 0.4641323024054983 0.011142061281337047 0.019329896907216496
2 0.4895543175487465 0.5470360824742269 0.026462395543175487 0.0390893470790378