0 0.5553621169916435 0.5459621993127147 0.020891364902506964 0.0352233676975945
0 0.21622562674094709 0.5425257731958762 0.01532033426183844 0.02577319587628866
0 0.6131615598885793 0.4849656357388316 0.006267409470752089 0.011168384879725086
0 0.6032381615598886 0.48195876288659795 0.005222841225626741 0.00859106529209622
0 0.572075208913649 0.49269759450171824 0.006267409470752089 0.011168384879725086
4 0.6223885793871866 0.5983676975945017 0.04352367688022284 0.06357388316151202
4 0.524025069637883 0.5128865979381443 0.011142061281337047 0.018900343642611683
4 0.6300487465181058 0.49398625429553267 0.008704735376044569 0.014604810996563574
4 0.5741643454038997 0.5038659793814433 0.009052924791086351 0.01632302405498282
2 0.5388231197771588 0.5251288659793815 0.014275766016713091 0.024484536082474227
2 0.6895891364902507 0.5414518900343642 0.02193593314763231 0.03565292096219931
2 0.8626392757660167 0.5152491408934707 0.019846796657381614 0.03049828178694158
2 0.6471100278551533 0.5030068728522337 0.0100974930362117 0.01718213058419244
2 0.6443245125348189 0.4877577319587629 0.007311977715877437 0.01245704467353952