0 0.23696808510638298 0.5217592592592593 0.0398936170212766 0.07314814814814814
0 0.75 0.3773148148148148 0.010638297872340425 0.026851851851851852
0 0.611968085106383 0.4009259259259259 0.013297872340425532 0.027777777777777776
0 0.7680851063829788 0.36898148148148147 0.00851063829787234 0.021296296296296296
0 0.4148936170212766 0.45925925925925926 0.02127659574468085 0.04814814814814815
0 0.6933510638297873 0.38657407407407407 0.010106382978723405 0.025
0 0.511436170212766 0.425 0.015425531914893617 0.03518518518518519
0 0.1920212765957447 0.38472222222222224 0.00851063829787234 0.019444444444444445
0 0.3127659574468085 0.3800925925925926 0.007446808510638298 0.019444444444444445
0 0.625 0.36435185185185187 0.006382978723404255 0.017592592592592594
0 0.4321808510638298 0.37407407407407406 0.007978723404255319 0.016666666666666666
0 0.6957446808510638 0.3625 0.00851063829787234 0.017592592592592594
0 0.5281914893617021 0.36898148148148147 0.007446808510638298 0.017592592592592594
4 0.7938829787234043 0.5523148148148148 0.05053191489361702 0.09722222222222222
4 0.3406914893617021 0.36898148148148147 0.007978723404255319 0.017592592592592594
4 0.8404255319148937 0.4046296296296296 0.014893617021276596 0.03148148148148148
4 0.8970744680851064 0.3638888888888889 0.010106382978723405 0.022222222222222223
4 0.8303191489361702 0.35833333333333334 0.00851063829787234 0.018518518518518517
4 0.5247340425531914 0.3597222222222222 0.007978723404255319 0.01574074074074074
4 0.24654255319148935 0.37175925925925923 0.007978723404255319 0.017592592592592594
4 0.4409574468085106 0.3648148148148148 0.007446808510638298 0.016666666666666666
4 0.6699468085106383 0.35462962962962963 0.007978723404255319 0.016666666666666666
4 0.7324468085106383 0.4648148148148148 0.02446808510638298 0.053703703703703705
4 0.7417553191489362 0.4287037037037037 0.015425531914893617 0.03888888888888889
4 0.9207446808510639 0.38796296296296295 0.00851063829787234 0.027777777777777776
4 0.7555851063829787 0.35509259259259257 0.007978723404255319 0.017592592592592594
4 0.5922872340425532 0.35694444444444445 0.006914893617021276 0.017592592592592594
4 0.15132978723404256 0.37407407407407406 0.005851063829787234 0.016666666666666666
2 0.12659574468085105 0.4199074074074074 0.02553191489361702 0.025
2 0.15053191489361703 0.3685185185185185 0.014893617021276596 0.014814814814814815