0 0.49129526462395545 0.3217391304347826 0.009749303621169917 0.041304347826086954
0 0.3513231197771588 0.33206521739130435 0.012534818941504178 0.05543478260869565
4 0.6068941504178273 0.35978260869565215 0.011142061281337047 0.05
0 0.1934192200557103 0.3766304347826087 0.02054317548746518 0.08586956521739131
0 0.7750696378830083 0.3483695652173913 0.008356545961002786 0.03369565217391304
0 0.6317896935933147 0.3293478260869565 0.008704735376044569 0.034782608695652174
2 0.0846100278551532 0.24293478260869567 0.009052924791086351 0.03369565217391304
2 0.0684192200557103 0.22445652173913044 0.007311977715877437 0.02717391304347826
4 0.5214136490250696 0.3798913043478261 0.014972144846796657 0.06630434782608696
0 0.9331476323119777 0.37880434782608696 0.009749303621169917 0.035869565217391305
2 0.10846100278551532 0.2717391304347826 0.012186629526462395 0.043478260869565216
4 0.7104805013927576 0.3625 0.0100974930362117 0.04456521739130435
2 0.15442200557103064 0.3293478260869565 0.017757660167130918 0.06739130434782609
4 0.46518105849582175 0.4429347826086957 0.022284122562674095 0.0967391304347826
4 0.5154944289693594 0.6483695652173913 0.047701949860724235 0.19021739130434784
4 0.8295612813370473 0.3766304347826087 0.009401114206128134 0.04021739130434782
3 0.07242339832869081 0.20869565217391303 0.002785515320334262 0.017391304347826087
3 0.07799442896935933 0.22010869565217392 0.003481894150417827 0.020652173913043477
3 0.13004874651810586 0.21739130434782608 0.0031337047353760445 0.01956521739130435
3 0.17479108635097493 0.21358695652173912 0.002785515320334262 0.016304347826086956
3 0.2036908077994429 0.22119565217391304 0.002785515320334262 0.016304347826086956
3 0.28116295264623953 0.22554347826086957 0.002437325905292479 0.014130434782608696
3 0.2881267409470752 0.22934782608695653 0.002437325905292479 0.015217391304347827
3 0.36995125348189417 0.2407608695652174 0.002437325905292479 0.014130434782608696
3 0.38335654596100277 0.2391304347826087 0.0020891364902506965 0.013043478260869565
3 0.44637883008356544 0.2543478260869565 0.002785515320334262 0.015217391304347827
3 0.48102367688022285 0.2559782608695652 0.002437325905292479 0.014130434782608696
3 0.509575208913649 0.26793478260869563 0.0031337047353760445 0.016304347826086956
3 0.552924791086351 0.2717391304347826 0.002785515320334262 0.015217391304347827
3 0.5821727019498607 0.28532608695652173 0.002785515320334262 0.01847826086956522
3 0.620125348189415 0.28695652173913044 0.002785515320334262 0.017391304347826087