4 0.11090425531914894 0.6805555555555556 0.06968085106382979 0.16111111111111112
2 0.3071808510638298 0.5166666666666667 0.036702127659574466 0.07962962962962963
2 0.3648936170212766 0.4412037037037037 0.02127659574468085 0.049074074074074076
2 0.3946808510638298 0.40046296296296297 0.014893617021276596 0.03425925925925926
2 0.4106382978723404 0.37962962962962965 0.011702127659574468 0.027777777777777776
2 0.42154255319148937 0.36898148148148147 0.007978723404255319 0.023148148148148147
2 0.45053191489361705 0.36898148148148147 0.009574468085106383 0.023148148148148147
2 0.4821808510638298 0.3685185185185185 0.010106382978723405 0.022222222222222223
2 0.5143617021276595 0.3675925925925926 0.009574468085106383 0.022222222222222223
2 0.5433510638297873 0.36527777777777776 0.009042553191489361 0.023148148148148147
2 0.5606382978723404 0.37407407407407406 0.011702127659574468 0.025925925925925925
2 0.5893617021276596 0.39490740740740743 0.013829787234042552 0.03425925925925926
2 0.6329787234042553 0.4351851851851852 0.022340425531914895 0.05
2 0.7125 0.5078703703703704 0.034574468085106384 0.0787037037037037