0 0.17183147632311976 0.32771739130434785 0.019846796657381614 0.06630434782608696
0 0.34993036211699163 0.3059782608695652 0.012534818941504178 0.04891304347826087
0 0.5121866295264624 0.31032608695652175 0.010445682451253482 0.04021739130434782
0 0.8229456824512534 0.3516304347826087 0.0100974930362117 0.04021739130434782
0 0.6680013927576601 0.32771739130434785 0.01149025069637883 0.04021739130434782
4 0.520717270194986 0.3630434782608696 0.017061281337047353 0.06304347826086956
4 0.8929317548746518 0.39891304347826084 0.016364902506963788 0.05434782608695652
4 0.44063370473537605 0.38804347826086955 0.021239554317548745 0.08043478260869565
4 0.7306754874651811 0.37228260869565216 0.014972144846796657 0.05326086956521739
4 0.41034122562674097 0.46467391304347827 0.028203342618384402 0.11630434782608695
4 0.6067200557103064 0.36086956521739133 0.014972144846796657 0.058695652173913045
4 0.5130571030640668 0.6038043478260869 0.0483983286908078 0.17282608695652174