0 0.6479805013927576 0.5869845360824743 0.034818941504178275 0.055412371134020616
0 0.360550139275766 0.6514175257731959 0.049094707520891366 0.05970790378006873
0 0.42252785515320335 0.5502577319587629 0.021239554317548745 0.0352233676975945
0 0.5536211699164345 0.5133161512027491 0.014623955431754874 0.02147766323024055
0 0.5471796657381616 0.4944158075601375 0.007311977715877437 0.01288659793814433
0 0.5769498607242339 0.4845360824742268 0.005571030640668524 0.00859106529209622
0 0.6500696378830083 0.49033505154639173 0.008356545961002786 0.01331615120274914
0 0.6566852367688022 0.48238831615120276 0.005571030640668524 0.009450171821305841
0 0.6981197771587744 0.5156786941580757 0.01532033426183844 0.023625429553264604
0 0.7049094707520891 0.49806701030927836 0.009401114206128134 0.01675257731958763
0 0.7426880222841226 0.5 0.010445682451253482 0.01804123711340206
0 0.7858635097493036 0.43535223367697595 0.010445682451253482 0.01675257731958763
4 0.7245821727019499 0.6894329896907216 0.0766016713091922 0.109106529209622
4 0.18227715877437325 0.5311426116838488 0.03655988857938719 0.05283505154639175
4 0.5083565459610028 0.5070876288659794 0.012534818941504178 0.018470790378006873
4 0.5644150417827298 0.49720790378006874 0.009052924791086351 0.015034364261168385
4 0.592966573816156 0.48711340206185566 0.006963788300835654 0.012027491408934709
4 0.637708913649025 0.5051546391752577 0.013579387186629526 0.019759450171821305
4 0.6927228412256268 0.4789518900343643 0.005919220055710306 0.010309278350515464
4 0.7254526462395543 0.46198453608247425 0.006615598885793872 0.009879725085910653
4 0.7545264623955432 0.44050687285223367 0.009052924791086351 0.01331615120274914
4 0.6871518105849582 0.5300687285223368 0.019846796657381614 0.03006872852233677
4 0.8151114206128134 0.5148195876288659 0.017409470752089137 0.024484536082474227
4 0.7896935933147632 0.5285652920962199 0.019498607242339833 0.029639175257731958
4 0.8467966573816156 0.5579896907216495 0.028551532033426183 0.04381443298969072
2 0.5468314763231198 0.5255584192439863 0.019846796657381614 0.02620274914089347
2 0.7176183844011143 0.49076460481099654 0.008356545961002786 0.014175257731958763
2 0.8111072423398329 0.5440292096219931 0.03238161559888579 0.02534364261168385