0 0.2226063829787234 0.5365740740740741 0.0398936170212766 0.08611111111111111
0 0.46143617021276595 0.44305555555555554 0.019680851063829788 0.04722222222222222
0 0.6343085106382979 0.4162037037037037 0.015425531914893617 0.03611111111111111
0 0.8281914893617022 0.4083333333333333 0.014893617021276596 0.03148148148148148
0 0.8497340425531915 0.36666666666666664 0.009042553191489361 0.025925925925925925
0 0.6093085106382978 0.36712962962962964 0.007978723404255319 0.025
0 0.6643617021276595 0.37592592592592594 0.007446808510638298 0.009259259259259259
0 0.7819148936170213 0.37592592592592594 0.006382978723404255 0.009259259259259259
4 0.8335106382978723 0.5805555555555556 0.05 0.1111111111111111
4 0.8507978723404256 0.5078703703703704 0.03138297872340425 0.07685185185185185
4 0.6640957446808511 0.36157407407407405 0.006914893617021276 0.017592592592592594
4 0.7811170212765958 0.3611111111111111 0.006914893617021276 0.018518518518518517