0 0.19516016713091922 0.6983695652173914 0.06023676880222841 0.19456521739130433
0 0.6761838440111421 0.44565217391304346 0.008356545961002786 0.03260869565217391
4 0.935933147632312 0.5206521739130435 0.016713091922005572 0.058695652173913045
0 0.7066504178272981 0.46630434782608693 0.01149025069637883 0.043478260869565216
0 0.6561629526462396 0.4309782608695652 0.006615598885793872 0.02717391304347826
4 0.8635097493036211 0.48206521739130437 0.010445682451253482 0.04456521739130435
0 0.6988161559888579 0.4945652173913043 0.014623955431754874 0.058695652173913045
4 0.7811629526462396 0.4494565217391304 0.006615598885793872 0.03152173913043478
0 0.6013231197771588 0.5543478260869565 0.02437325905292479 0.09782608695652174
4 0.89258356545961 0.4423913043478261 0.005222841225626741 0.02391304347826087
4 0.8234679665738162 0.46847826086956523 0.006963788300835654 0.034782608695652174
4 0.7978760445682451 0.4434782608695652 0.005222841225626741 0.02826086956521739
0 0.690633704735376 0.42934782608695654 0.004526462395543176 0.021739130434782608
4 0.915041782729805 0.4548913043478261 0.004874651810584958 0.025
4 0.8288649025069638 0.4418478260869565 0.006615598885793872 0.025
0 0.8770891364902507 0.42934782608695654 0.005571030640668524 0.021739130434782608
4 0.9221796657381616 0.4625 0.006615598885793872 0.03152173913043478
0 0.799791086350975 0.4266304347826087 0.004874651810584958 0.025
0 0.75 0.425 0.004874651810584958 0.01956521739130435