0 0.49361702127659574 0.42592592592592593 0.013829787234042552 0.03518518518518519
0 0.46063829787234045 0.4587962962962963 0.02127659574468085 0.049074074074074076
0 0.5667553191489362 0.3990740740740741 0.009042553191489361 0.022222222222222223
0 0.3478723404255319 0.587037037037037 0.05851063829787234 0.1111111111111111
0 0.6111702127659574 0.3925925925925926 0.007446808510638298 0.020370370370370372
0 0.5308510638297872 0.4083333333333333 0.010638297872340425 0.025925925925925925
0 0.6542553191489362 0.38425925925925924 0.005319148936170213 0.014814814814814815
0 0.6492021276595744 0.3888888888888889 0.005851063829787234 0.014814814814814815
4 0.8095744680851064 0.4412037037037037 0.018085106382978722 0.03796296296296296
4 0.7707446808510638 0.4152777777777778 0.01276595744680851 0.028703703703703703
4 0.8734042553191489 0.4148148148148148 0.011702127659574468 0.02962962962962963
4 0.7550531914893617 0.4009259259259259 0.010106382978723405 0.022222222222222223
4 0.9122340425531915 0.4888888888888889 0.02553191489361702 0.05925925925925926
4 0.850531914893617 0.4027777777777778 0.009574468085106383 0.024074074074074074
4 0.823404255319149 0.3837962962962963 0.007446808510638298 0.017592592592592594
4 0.8074468085106383 0.3912037037037037 0.007446808510638298 0.019444444444444445
4 0.7909574468085107 0.39444444444444443 0.00851063829787234 0.020370370370370372
4 0.7856382978723404 0.38657407407407407 0.006382978723404255 0.017592592592592594
4 0.738563829787234 0.3824074074074074 0.005851063829787234 0.016666666666666666
4 0.8574468085106383 0.39537037037037037 0.007446808510638298 0.018518518518518517