0 0.39095744680851063 0.5827702702702703 0.010638297872340425 0.018243243243243244
0 0.18643617021276596 0.5739864864864865 0.007978723404255319 0.018243243243243244
0 0.39867021276595743 0.643581081081081 0.027127659574468086 0.04391891891891892
0 0.3050531914893617 0.5777027027027027 0.007978723404255319 0.016216216216216217
0 0.5101063829787233 0.6266891891891891 0.02127659574468085 0.03310810810810811
0 0.5377659574468086 0.6141891891891892 0.015957446808510637 0.025675675675675677
0 0.16276595744680852 0.6902027027027027 0.05 0.07364864864864865
0 0.4430851063829787 0.5885135135135136 0.010638297872340425 0.01891891891891892
0 0.4976063829787234 0.5989864864864864 0.011170212765957447 0.0222972972972973
0 0.7311170212765957 0.577027027027027 0.006914893617021276 0.013513513513513514
0 0.2734042553191489 0.5638513513513513 0.005319148936170213 0.010135135135135136
0 0.872872340425532 0.5817567567567568 0.00851063829787234 0.01756756756756757
0 0.4702127659574468 0.5692567567567568 0.005319148936170213 0.010135135135135136
0 0.36196808510638295 0.5655405405405406 0.0047872340425531915 0.012162162162162163
0 0.6265957446808511 0.5736486486486486 0.005319148936170213 0.012162162162162163
0 0.5396276595744681 0.5712837837837837 0.005851063829787234 0.011486486486486487
4 0.8779255319148936 0.6462837837837838 0.026063829787234042 0.03986486486486487
4 0.21170212765957447 0.5655405405405406 0.007446808510638298 0.013513513513513514
4 0.6212765957446809 0.5891891891891892 0.009574468085106383 0.01756756756756757
4 0.23856382978723403 0.5652027027027027 0.005851063829787234 0.011486486486486487
4 0.6031914893617021 0.5736486486486486 0.006382978723404255 0.010810810810810811
4 0.41702127659574467 0.5712837837837837 0.00851063829787234 0.012837837837837839
4 0.8343085106382979 0.6273648648648649 0.02074468085106383 0.030405405405405407
4 0.8473404255319149 0.5841216216216216 0.009574468085106383 0.015540540540540541
4 0.7433510638297872 0.6070945945945946 0.015425531914893617 0.02364864864864865
4 0.31888297872340426 0.5685810810810811 0.005851063829787234 0.01418918918918919
4 0.510904255319149 0.5773648648648648 0.007978723404255319 0.01418918918918919
4 0.15771276595744682 0.5631756756756757 0.005851063829787234 0.012837837837837839
4 0.09228723404255319 0.5638513513513513 0.005851063829787234 0.01418918918918919
4 0.6928191489361702 0.5783783783783784 0.006914893617021276 0.014864864864864866
4 0.5279255319148937 0.5726351351351351 0.005851063829787234 0.012837837837837839
4 0.4465425531914894 0.5706081081081081 0.005851063829787234 0.012837837837837839