0 0.8403551532033426 0.5141304347826087 0.026114206128133706 0.08478260869565217
0 0.584958217270195 0.5347826086956522 0.02924791086350975 0.10434782608695652
0 0.7714136490250696 0.3923913043478261 0.008704735376044569 0.034782608695652174
4 0.5826949860724234 0.36195652173913045 0.00383008356545961 0.017391304347826087
4 0.6072423398328691 0.36141304347826086 0.003481894150417827 0.016304347826086956
4 0.854282729805014 0.3755434782608696 0.004526462395543176 0.01847826086956522
0 0.6613857938718662 0.3798913043478261 0.008008356545961003 0.03152173913043478
0 0.48868384401114207 0.35597826086956524 0.004526462395543176 0.01847826086956522
4 0.907033426183844 0.37717391304347825 0.004874651810584958 0.01956521739130435
0 0.9362813370473537 0.40380434782608693 0.010445682451253482 0.035869565217391305
0 0.875 0.3733695652173913 0.004178272980501393 0.014130434782608696
4 0.7296309192200557 0.3690217391304348 0.00383008356545961 0.01847826086956522
4 0.6444986072423399 0.3673913043478261 0.005571030640668524 0.021739130434782608
0 0.5097493036211699 0.358695652173913 0.004874651810584958 0.021739130434782608
0 0.501566852367688 0.35489130434782606 0.00383008356545961 0.016304347826086956
0 0.6006267409470752 0.37282608695652175 0.006963788300835654 0.02608695652173913
4 0.7881267409470752 0.37228260869565216 0.004526462395543176 0.01847826086956522
4 0.7233635097493036 0.3739130434782609 0.006615598885793872 0.02608695652173913
0 0.5334261838440112 0.35597826086956524 0.004178272980501393 0.016304347826086956
0 0.7665389972144847 0.3684782608695652 0.00383008356545961 0.015217391304347827
4 0.8408774373259053 0.38315217391304346 0.006267409470752089 0.02282608695652174
4 0.5715529247910863 0.36086956521739133 0.00383008356545961 0.017391304347826087
0 0.5571030640668524 0.36467391304347824 0.005571030640668524 0.02282608695652174
0 0.8234679665738162 0.37119565217391304 0.004178272980501393 0.014130434782608696
4 0.6497214484679665 0.36467391304347824 0.004874651810584958 0.01847826086956522
0 0.5846100278551533 0.3592391304347826 0.002785515320334262 0.016304347826086956
0 0.7092618384401114 0.36630434782608695 0.004178272980501393 0.015217391304347827
4 0.9418523676880223 0.38804347826086955 0.006267409470752089 0.02826086956521739