0 0.1779255319148936 0.4185185185185185 0.014361702127659574 0.03518518518518519
0 0.23617021276595745 0.42916666666666664 0.01702127659574468 0.03796296296296296
0 0.2611702127659574 0.5013888888888889 0.03404255319148936 0.075
0 0.300531914893617 0.43703703703703706 0.019148936170212766 0.04259259259259259
0 0.3191489361702128 0.4587962962962963 0.02127659574468085 0.05277777777777778
0 0.9002659574468085 0.3962962962962963 0.013297872340425532 0.016666666666666666
4 0.15904255319148936 0.3939814814814815 0.011702127659574468 0.026851851851851852
4 0.2824468085106383 0.4009259259259259 0.011702127659574468 0.027777777777777776
4 0.3997340425531915 0.41064814814814815 0.013297872340425532 0.032407407407407406
4 0.5324468085106383 0.4273148148148148 0.015957446808510637 0.03796296296296296
4 0.6563829787234042 0.45046296296296295 0.02446808510638298 0.049074074074074076
4 0.7760638297872341 0.500462962962963 0.03723404255319149 0.075
2 0.7707446808510638 0.42824074074074076 0.02127659574468085 0.03425925925925926
2 0.7986702127659574 0.44583333333333336 0.03138297872340425 0.03796296296296296