0 0.2643617021276596 0.5412037037037037 0.0425531914893617 0.08981481481481482
0 0.27872340425531916 0.4652777777777778 0.023404255319148935 0.05277777777777778
0 0.2127659574468085 0.4337962962962963 0.019148936170212766 0.04351851851851852
0 0.1375 0.4185185185185185 0.017553191489361703 0.03518518518518519
0 0.08111702127659574 0.41388888888888886 0.013297872340425532 0.03333333333333333
0 0.6920212765957446 0.399537037037037 0.006382978723404255 0.017592592592592594
0 0.5726063829787233 0.38935185185185184 0.006914893617021276 0.01574074074074074
4 0.2691489361702128 0.39537037037037037 0.01276595744680851 0.025925925925925925
4 0.15718085106382979 0.39444444444444443 0.013297872340425532 0.027777777777777776
4 0.7563829787234042 0.5078703703703704 0.03723404255319149 0.075
4 0.5422872340425532 0.44212962962962965 0.019680851063829788 0.04722222222222222
4 0.413031914893617 0.4162037037037037 0.01648936170212766 0.03611111111111111
4 0.3279255319148936 0.40185185185185185 0.013297872340425532 0.02962962962962963
4 0.686968085106383 0.3990740740740741 0.007978723404255319 0.018518518518518517
4 0.5694148936170212 0.38842592592592595 0.005851063829787234 0.01574074074074074
1 0.8263297872340426 0.45601851851851855 0.04414893617021277 0.04722222222222222