0 0.2160515320334262 0.6070652173913044 0.04004178272980501 0.13804347826086957
4 0.5123607242339833 0.4489130434782609 0.014972144846796657 0.06304347826086956
4 0.431058495821727 0.4097826086956522 0.011142061281337047 0.04565217391304348
4 0.6394498607242339 0.553804347826087 0.03238161559888579 0.11195652173913044
0 0.278899721448468 0.45869565217391306 0.016713091922005572 0.06956521739130435
0 0.25191504178272983 0.4146739130434783 0.01149025069637883 0.04673913043478261
0 0.2783774373259053 0.38369565217391305 0.006615598885793872 0.02826086956521739
4 0.391016713091922 0.3739130434782609 0.006267409470752089 0.02826086956521739
4 0.3125 0.36141304347826086 0.00383008356545961 0.016304347826086956
4 0.37813370473537605 0.3532608695652174 0.003481894150417827 0.015217391304347827
0 0.3071030640668524 0.375 0.006267409470752089 0.02608695652173913
0 0.4253133704735376 0.35597826086956524 0.004526462395543176 0.020652173913043477
0 0.3631615598885794 0.36467391304347824 0.004874651810584958 0.02282608695652174
4 0.38579387186629527 0.3864130434782609 0.009052924791086351 0.035869565217391305
4 0.4361072423398329 0.34619565217391307 0.00383008356545961 0.016304347826086956
0 0.467966573816156 0.35054347826086957 0.004178272980501393 0.01847826086956522
4 0.48676880222841223 0.34402173913043477 0.003481894150417827 0.016304347826086956
0 0.2566155988857939 0.39619565217391306 0.005571030640668524 0.035869565217391305
0 0.4138231197771588 0.3516304347826087 0.00383008356545961 0.016304347826086956
0 0.21970752089136492 0.3701086956521739 0.004874651810584958 0.01847826086956522
4 0.45003481894150416 0.3635869565217391 0.005222841225626741 0.02282608695652174
0 0.29874651810584957 0.36467391304347824 0.004874651810584958 0.01847826086956522
4 0.5433495821727019 0.35597826086956524 0.004526462395543176 0.01847826086956522
0 0.4533426183844011 0.3483695652173913 0.003481894150417827 0.016304347826086956
4 0.2397284122562674 0.3673913043478261 0.004526462395543176 0.017391304347826087
4 0.4986072423398329 0.358695652173913 0.004874651810584958 0.021739130434782608
4 0.5466573816155988 0.35054347826086957 0.003481894150417827 0.016304347826086956
4 0.5282033426183844 0.3472826086956522 0.004178272980501393 0.016304347826086956
0 0.3595055710306407 0.3592391304347826 0.004526462395543176 0.016304347826086956
4 0.10706824512534818 0.3684782608695652 0.00383008356545961 0.017391304347826087
4 0.16956824512534818 0.3695652173913043 0.004178272980501393 0.017391304347826087
0 0.14937325905292478 0.37282608695652175 0.004874651810584958 0.01956521739130435
0 0.06754874651810584 0.37282608695652175 0.004874651810584958 0.01956521739130435