0 0.10904255319148937 0.5972222222222222 0.05425531914893617 0.10555555555555556
0 0.10026595744680851 0.5092592592592593 0.032446808510638296 0.06481481481481481
0 0.11037234042553191 0.46064814814814814 0.017553191489361703 0.041666666666666664
0 0.13138297872340426 0.4356481481481482 0.013829787234042552 0.032407407407407406
0 0.18377659574468086 0.41805555555555557 0.011170212765957447 0.025
0 0.2569148936170213 0.39814814814814814 0.007446808510638298 0.018518518518518517
0 0.2970744680851064 0.387037037037037 0.006914893617021276 0.016666666666666666
0 0.3226063829787234 0.38055555555555554 0.0047872340425531915 0.012962962962962963
0 0.3337765957446808 0.3773148148148148 0.0047872340425531915 0.012037037037037037
0 0.34335106382978725 0.37546296296296294 0.0047872340425531915 0.012037037037037037
0 0.9077127659574468 0.38796296296296295 0.007978723404255319 0.016666666666666666
0 0.8547872340425532 0.38564814814814813 0.006382978723404255 0.013888888888888888
0 0.8156914893617021 0.3837962962962963 0.0047872340425531915 0.013888888888888888
0 0.7622340425531915 0.38101851851851853 0.00425531914893617 0.012037037037037037
0 0.6819148936170213 0.3787037037037037 0.00425531914893617 0.011111111111111112
0 0.625 0.3763888888888889 0.00425531914893617 0.013888888888888888
0 0.5779255319148936 0.375 0.003723404255319149 0.011111111111111112
0 0.3523936170212766 0.3736111111111111 0.003723404255319149 0.010185185185185186
0 0.3606382978723404 0.3712962962962963 0.00425531914893617 0.009259259259259259
0 0.5422872340425532 0.375 0.003723404255319149 0.009259259259259259
4 0.7574468085106383 0.6138888888888889 0.0574468085106383 0.10925925925925926
4 0.513563829787234 0.49166666666666664 0.026063829787234042 0.05740740740740741
4 0.37872340425531914 0.45601851851851855 0.019148936170212766 0.04351851851851852
4 0.34175531914893614 0.43287037037037035 0.014361702127659574 0.032407407407407406
4 0.3257978723404255 0.4148148148148148 0.011170212765957447 0.025925925925925925
4 0.36117021276595745 0.3976851851851852 0.00851063829787234 0.021296296296296296
4 0.3805851063829787 0.387037037037037 0.005851063829787234 0.016666666666666666
4 0.39148936170212767 0.38055555555555554 0.005319148936170213 0.014814814814814815
4 0.3984042553191489 0.3773148148148148 0.005319148936170213 0.013888888888888888
4 0.9156914893617021 0.43194444444444446 0.01648936170212766 0.03425925925925926
4 0.8816489361702128 0.41435185185185186 0.01223404255319149 0.028703703703703703
4 0.8595744680851064 0.40370370370370373 0.011702127659574468 0.024074074074074074
4 0.8329787234042553 0.3958333333333333 0.009574468085106383 0.021296296296296296
4 0.7949468085106383 0.38472222222222224 0.006914893617021276 0.01574074074074074
4 0.8228723404255319 0.3902777777777778 0.006382978723404255 0.017592592592592594
4 0.8204787234042553 0.3861111111111111 0.0047872340425531915 0.016666666666666666
4 0.7561170212765957 0.3824074074074074 0.0047872340425531915 0.014814814814814815
4 0.7207446808510638 0.38101851851851853 0.005319148936170213 0.013888888888888888
4 0.6662234042553191 0.37916666666666665 0.0047872340425531915 0.013888888888888888
4 0.6095744680851064 0.37777777777777777 0.00425531914893617 0.012962962962962963
4 0.5640957446808511 0.3768518518518518 0.003723404255319149 0.012962962962962963
4 0.5257978723404255 0.37546296296296294 0.0047872340425531915 0.012037037037037037
4 0.40452127659574466 0.37453703703703706 0.003723404255319149 0.012037037037037037
4 0.4944148936170213 0.37407407407407406 0.0047872340425531915 0.011111111111111112
4 0.47819148936170214 0.3731481481481482 0.00425531914893617 0.011111111111111112
2 0.8835106382978724 0.37777777777777777 0.00851063829787234 0.007407407407407408