0 0.39148936170212767 0.4388888888888889 0.023404255319148935 0.04814814814814815
0 0.2321808510638298 0.6273148148148148 0.07074468085106383 0.13425925925925927
0 0.20611702127659576 0.4263888888888889 0.02074468085106383 0.041666666666666664
0 0.41117021276595744 0.5046296296296297 0.036170212765957444 0.07592592592592592
0 0.2271276595744681 0.38333333333333336 0.011702127659574468 0.016666666666666666
0 0.39893617021276595 0.37777777777777777 0.009574468085106383 0.014814814814814815
0 0.5151595744680851 0.3712962962962963 0.009042553191489361 0.012962962962962963
0 0.635904255319149 0.3680555555555556 0.010106382978723405 0.013888888888888888
0 0.723404255319149 0.3763888888888889 0.011702127659574468 0.013888888888888888
0 0.7992021276595744 0.38333333333333336 0.014361702127659574 0.016666666666666666
4 0.9077127659574468 0.5092592592592593 0.034574468085106384 0.07777777777777778
4 0.7457446808510638 0.4337962962962963 0.019148936170212766 0.04351851851851852
4 0.1425531914893617 0.40046296296296297 0.01702127659574468 0.03425925925925926
4 0.3170212765957447 0.39675925925925926 0.014893617021276596 0.032407407407407406
4 0.5946808510638298 0.41435185185185186 0.015957446808510637 0.03796296296296296
4 0.45904255319148934 0.4027777777777778 0.014893617021276596 0.03333333333333333