4 0.6267409470752089 0.296195652173913 0.014623955431754874 0.05326086956521739
0 0.5431754874651811 0.3923913043478261 0.02298050139275766 0.09347826086956522
0 0.37169220055710306 0.3184782608695652 0.013579387186629526 0.05217391304347826
0 0.13405292479108635 0.33152173913043476 0.012534818941504178 0.04565217391304348
0 0.2661908077994429 0.3179347826086957 0.012186629526462395 0.04673913043478261
0 0.5541434540389972 0.5625 0.04213091922005571 0.17282608695652174
4 0.18314763231197773 0.30380434782608695 0.009052924791086351 0.035869565217391305
4 0.7865598885793872 0.3375 0.019498607242339833 0.07717391304347826
2 0.8964136490250696 0.2076086956521739 0.007311977715877437 0.02608695652173913
4 0.3407033426183844 0.28695652173913044 0.008704735376044569 0.03695652173913044
0 0.46831476323119775 0.3375 0.01532033426183844 0.0641304347826087
2 0.8090181058495822 0.29891304347826086 0.016364902506963788 0.06304347826086956
2 0.862291086350975 0.20869565217391303 0.006615598885793872 0.02608695652173913
2 0.8386142061281338 0.25 0.01149025069637883 0.043478260869565216
2 0.8534122562674095 0.22445652173913044 0.008356545961002786 0.03152173913043478
2 0.9329735376044568 0.20543478260869566 0.008008356545961003 0.02826086956521739
4 0.4794568245125348 0.28369565217391307 0.011838440111420613 0.041304347826086954
1 0.2825557103064067 0.7652173913043478 0.04004178272980501 0.16521739130434782