0 0.5123607242339833 0.27880434782608693 0.005919220055710306 0.025
0 0.692200557103064 0.31956521739130433 0.00766016713091922 0.02826086956521739
0 0.775591922005571 0.3358695652173913 0.008008356545961003 0.030434782608695653
0 0.8600278551532033 0.35108695652173916 0.009052924791086351 0.034782608695652174
0 0.4268802228412256 0.2608695652173913 0.006267409470752089 0.021739130434782608
4 0.6328342618384402 0.3173913043478261 0.009401114206128134 0.034782608695652174
4 0.7327646239554317 0.3375 0.0100974930362117 0.03804347826086957
4 0.13753481894150418 0.22608695652173913 0.006267409470752089 0.02391304347826087
4 0.3191155988857939 0.47989130434782606 0.03795264623955432 0.12934782608695652
0 0.6039345403899722 0.29836956521739133 0.007311977715877437 0.02717391304347826
0 0.17827298050139276 0.23043478260869565 0.005571030640668524 0.02391304347826087
4 0.23798746518105848 0.2391304347826087 0.007311977715877437 0.02608695652173913
4 0.4087743732590529 0.26902173913043476 0.006963788300835654 0.029347826086956522
0 0.33913649025069637 0.24565217391304348 0.005571030640668524 0.01956521739130435
4 0.8501044568245125 0.36141304347826086 0.012186629526462395 0.042391304347826085
4 0.48119777158774374 0.2847826086956522 0.00766016713091922 0.030434782608695653
0 0.06702646239554318 0.21956521739130436 0.005919220055710306 0.021739130434782608
0 0.2630571030640669 0.23858695652173914 0.005222841225626741 0.020652173913043477
4 0.5506615598885793 0.29945652173913045 0.008008356545961003 0.03369565217391304
4 0.3203342618384401 0.25271739130434784 0.00766016713091922 0.02717391304347826
1 0.9439415041782729 0.3701086956521739 0.014623955431754874 0.07065217391304347