0 0.48868384401114207 0.47119565217391307 0.02541782729805014 0.08586956521739131
0 0.8037952646239555 0.4043478260869565 0.008704735376044569 0.034782608695652174
4 0.8612465181058496 0.5429347826086957 0.024721448467966575 0.09239130434782608
0 0.2696727019498607 0.6190217391304348 0.0483983286908078 0.16847826086956522
0 0.6624303621169917 0.4342391304347826 0.014972144846796657 0.057608695652173914
0 0.7768105849582173 0.421195652173913 0.011142061281337047 0.04456521739130435
4 0.9312325905292479 0.4875 0.02054317548746518 0.0641304347826087
0 0.9148676880222841 0.3847826086956522 0.005222841225626741 0.017391304347826087
4 0.9474233983286908 0.4146739130434783 0.006963788300835654 0.03152173913043478
0 0.8149373259052924 0.37771739130434784 0.005222841225626741 0.01847826086956522
0 0.8130222841225627 0.39510869565217394 0.006963788300835654 0.02282608695652174
0 0.8596796657381616 0.3793478260869565 0.005571030640668524 0.01956521739130435
0 0.8098885793871866 0.3864130434782609 0.004178272980501393 0.02282608695652174
4 0.9267061281337048 0.4016304347826087 0.007311977715877437 0.02717391304347826