4 0.8506267409470752 0.5788043478260869 0.033426183844011144 0.10326086956521739
0 0.42096100278551535 0.6201086956521739 0.03690807799442897 0.14456521739130435
0 0.14084261838440112 0.3684782608695652 0.0100974930362117 0.0391304347826087
4 0.7747214484679665 0.4951086956521739 0.018802228412256268 0.06630434782608696
0 0.5483983286908078 0.4423913043478261 0.012534818941504178 0.05434782608695652
4 0.625 0.3798913043478261 0.004178272980501393 0.020652173913043477
4 0.8271239554317549 0.42445652173913045 0.007311977715877437 0.029347826086956522
0 0.5097493036211699 0.5005434782608695 0.019498607242339833 0.08369565217391305
4 0.8831824512534819 0.44619565217391305 0.009401114206128134 0.035869565217391305
4 0.7386838440111421 0.4331521739130435 0.008704735376044569 0.03804347826086957
0 0.5323816155988857 0.3847826086956522 0.006267409470752089 0.02826086956521739
0 0.4521239554317549 0.3739130434782609 0.006615598885793872 0.02608695652173913
0 0.8135445682451253 0.40108695652173915 0.005222841225626741 0.02391304347826087
0 0.5731197771587744 0.4157608695652174 0.009052924791086351 0.04021739130434782
0 0.15250696378830084 0.3423913043478261 0.006267409470752089 0.02826086956521739
4 0.43297353760445684 0.35108695652173916 0.004526462395543176 0.017391304347826087
4 0.405466573816156 0.3527173913043478 0.004526462395543176 0.020652173913043477
4 0.754874651810585 0.4548913043478261 0.012534818941504178 0.04891304347826087
0 0.8936281337047354 0.4152173913043478 0.006615598885793872 0.02608695652173913
0 0.22284122562674094 0.33695652173913043 0.004874651810584958 0.01956521739130435
4 0.745125348189415 0.40380434782608693 0.005571030640668524 0.02282608695652174
4 0.4956476323119777 0.35978260869565215 0.00383008356545961 0.017391304347826087
0 0.1875 0.3391304347826087 0.005222841225626741 0.021739130434782608
4 0.38091922005571033 0.3418478260869565 0.003481894150417827 0.016304347826086956
0 0.37569637883008355 0.358695652173913 0.006267409470752089 0.02608695652173913
4 0.5412604456824512 0.3766304347826087 0.005222841225626741 0.02282608695652174
4 0.6162952646239555 0.3875 0.005571030640668524 0.025
0 0.6051532033426184 0.4032608695652174 0.006963788300835654 0.03260869565217391
0 0.5981894150417827 0.3701086956521739 0.003481894150417827 0.01847826086956522
4 0.7327646239554317 0.4190217391304348 0.006615598885793872 0.03152173913043478
0 0.33025766016713093 0.3483695652173913 0.005222841225626741 0.02282608695652174
4 0.6807103064066853 0.38967391304347826 0.005571030640668524 0.02282608695652174
4 0.6902855153203342 0.40108695652173915 0.006615598885793872 0.02608695652173913
4 0.5508356545961003 0.3695652173913043 0.004178272980501393 0.01956521739130435
4 0.47197075208913647 0.3652173913043478 0.004526462395543176 0.01956521739130435
4 0.3549791086350975 0.34347826086956523 0.004526462395543176 0.017391304347826087
0 0.1450208913649025 0.35 0.005222841225626741 0.03260869565217391
0 0.5219359331476323 0.3592391304347826 0.004178272980501393 0.01847826086956522
0 0.4138231197771588 0.34130434782608693 0.00383008356545961 0.015217391304347827
0 0.296483286908078 0.34130434782608693 0.004526462395543176 0.021739130434782608
0 0.7426880222841226 0.3918478260869565 0.003481894150417827 0.020652173913043477
0 0.6845403899721448 0.3815217391304348 0.003481894150417827 0.01956521739130435