0 0.3476671309192201 0.3222826086956522 0.01288300835654596 0.051086956521739134
0 0.1737465181058496 0.35434782608695653 0.019498607242339833 0.0782608695652174
0 0.7047353760445683 0.33804347826086956 0.00766016713091922 0.030434782608695653
4 0.7129178272980501 0.3695652173913043 0.010793871866295265 0.04565217391304348
4 0.8840529247910863 0.38532608695652176 0.009052924791086351 0.03804347826086957
4 0.9286211699164345 0.3869565217391304 0.008356545961002786 0.034782608695652174
4 0.4947771587743733 0.4358695652173913 0.0201949860724234 0.09130434782608696
4 0.5715529247910863 0.3815217391304348 0.015668523676880222 0.06086956521739131
4 0.6190807799442897 0.3690217391304348 0.012534818941504178 0.05326086956521739
0 0.7613161559888579 0.3451086956521739 0.007311977715877437 0.03152173913043478
0 0.47301532033426186 0.3157608695652174 0.009401114206128134 0.042391304347826085
4 0.5254178272980501 0.5771739130434783 0.03969359331476323 0.15217391304347827
4 0.9388927576601671 0.375 0.007311977715877437 0.030434782608695653
4 0.8137186629526463 0.37771739130434784 0.010445682451253482 0.04021739130434782
0 0.6977715877437326 0.3048913043478261 0.004874651810584958 0.020652173913043477
0 0.7832520891364902 0.33152173913043476 0.005919220055710306 0.02391304347826087
0 0.7550487465181058 0.3222826086956522 0.005222841225626741 0.02282608695652174
4 0.7325905292479109 0.30543478260869567 0.003481894150417827 0.015217391304347827
4 0.913474930362117 0.36141304347826086 0.006615598885793872 0.025
4 0.870125348189415 0.3467391304347826 0.005571030640668524 0.021739130434782608
0 0.7926532033426184 0.34782608695652173 0.007311977715877437 0.02826086956521739
4 0.7876044568245125 0.31032608695652175 0.003481894150417827 0.014130434782608696
4 0.8899721448467967 0.3309782608695652 0.003481894150417827 0.014130434782608696
4 0.8201601671309192 0.3157608695652174 0.00383008356545961 0.014130434782608696
0 0.5934888579387186 0.3239130434782609 0.008008356545961003 0.034782608695652174
4 0.9477715877437326 0.34456521739130436 0.003481894150417827 0.015217391304347827
4 0.7379874651810585 0.30869565217391304 0.0031337047353760445 0.015217391304347827
4 0.7604456824512534 0.3157608695652174 0.002785515320334262 0.016304347826086956
4 0.7594011142061281 0.3048913043478261 0.002785515320334262 0.014130434782608696
0 0.6605153203342619 0.2891304347826087 0.003481894150417827 0.015217391304347827
0 0.6814066852367688 0.2902173913043478 0.003481894150417827 0.015217391304347827
0 0.854282729805014 0.3201086956521739 0.0031337047353760445 0.014130434782608696
0 0.7524373259052924 0.3010869565217391 0.002785515320334262 0.013043478260869565
4 0.8591573816155988 0.3244565217391304 0.0031337047353760445 0.014130434782608696
0 0.7118732590529248 0.2940217391304348 0.0031337047353760445 0.014130434782608696
0 0.799616991643454 0.3092391304347826 0.0031337047353760445 0.011956521739130435
0 0.9136490250696379 0.33315217391304347 0.003481894150417827 0.014130434782608696
4 0.8201601671309192 0.33315217391304347 0.004526462395543176 0.01847826086956522
0 0.6648676880222841 0.2940217391304348 0.0031337047353760445 0.01847826086956522
0 0.8017061281337048 0.33858695652173915 0.005222841225626741 0.025
0 0.8039693593314763 0.34347826086956523 0.004874651810584958 0.02826086956521739
0 0.950383008356546 0.34293478260869564 0.0017409470752089136 0.014130434782608696
4 0.7381615598885793 0.30217391304347824 0.003481894150417827 0.015217391304347827