0 0.4204787234042553 0.5570945945945946 0.0047872340425531915 0.010135135135135136
0 0.4297872340425532 0.5577702702702703 0.005319148936170213 0.011486486486486487
0 0.42446808510638295 0.5611486486486487 0.006382978723404255 0.012837837837837839
0 0.4186170212765957 0.5662162162162162 0.007446808510638298 0.013513513513513514
0 0.4093085106382979 0.5712837837837837 0.009042553191489361 0.018243243243243244
0 0.3962765957446808 0.5797297297297297 0.010638297872340425 0.021621621621621623
0 0.3795212765957447 0.5932432432432433 0.015425531914893617 0.02702702702702703
0 0.3468085106382979 0.6155405405405405 0.022340425531914895 0.03648648648648649
0 0.26648936170212767 0.6692567567567568 0.036170212765957444 0.06148648648648649
0 0.07872340425531915 0.5746621621621621 0.007446808510638298 0.015540540540540541
0 0.0901595744680851 0.5790540540540541 0.009042553191489361 0.01756756756756757
0 0.08590425531914894 0.5942567567567567 0.015425531914893617 0.025
0 0.12127659574468085 0.5716216216216217 0.007446808510638298 0.013513513513513514
0 0.1247340425531915 0.5837837837837838 0.011170212765957447 0.02027027027027027
0 0.21595744680851064 0.5655405405405406 0.006382978723404255 0.012162162162162163
0 0.3002659574468085 0.5601351351351351 0.005851063829787234 0.010810810810810811
0 0.3704787234042553 0.5577702702702703 0.005851063829787234 0.011486486486486487
0 0.3962765957446808 0.5570945945945946 0.005319148936170213 0.010135135135135136
4 0.6143617021276596 0.6148648648648649 0.02446808510638298 0.03783783783783784
4 0.5781914893617022 0.591554054054054 0.018085106382978722 0.027702702702702704
4 0.5486702127659574 0.5790540540540541 0.013297872340425532 0.02027027027027027
4 0.535372340425532 0.5695945945945946 0.010106382978723405 0.016216216216216217
4 0.5281914893617021 0.5645270270270271 0.007446808510638298 0.01418918918918919
4 0.5223404255319148 0.5611486486486487 0.006382978723404255 0.011486486486486487
4 0.5167553191489361 0.5577702702702703 0.005851063829787234 0.010135135135135136
4 0.5061170212765957 0.5554054054054054 0.0047872340425531915 0.010810810810810811
4 0.4731382978723404 0.5547297297297298 0.0047872340425531915 0.008108108108108109
4 0.4444148936170213 0.5543918918918919 0.0047872340425531915 0.008783783783783784
4 0.08643617021276596 0.5702702702702702 0.005851063829787234 0.012162162162162163
4 0.17925531914893617 0.5662162162162162 0.005319148936170213 0.010810810810810811
4 0.26063829787234044 0.5618243243243243 0.005319148936170213 0.011486486486486487
4 0.32978723404255317 0.5574324324324325 0.005319148936170213 0.00945945945945946
4 0.36223404255319147 0.5554054054054054 0.005319148936170213 0.00945945945945946
4 0.40132978723404256 0.5554054054054054 0.0047872340425531915 0.00945945945945946
4 0.7050531914893617 0.668581081081081 0.04202127659574468 0.06148648648648649