0 0.3603723404255319 0.45555555555555555 0.017553191489361703 0.040740740740740744
0 0.31968085106382976 0.4930555555555556 0.02553191489361702 0.058333333333333334
0 0.3840425531914894 0.4361111111111111 0.01276595744680851 0.03148148148148148
0 0.23324468085106384 0.5837962962962963 0.04414893617021277 0.09722222222222222
0 0.39680851063829786 0.42268518518518516 0.010638297872340425 0.025
0 0.40664893617021275 0.41388888888888886 0.009042553191489361 0.022222222222222223
4 0.7718085106382979 0.5763888888888888 0.04468085106382979 0.09722222222222222
4 0.561968085106383 0.43425925925925923 0.013297872340425532 0.03333333333333333
4 0.5433510638297873 0.42268518518518516 0.011170212765957447 0.026851851851851852
4 0.5888297872340426 0.4537037037037037 0.018085106382978722 0.04259259259259259
4 0.6449468085106383 0.4912037037037037 0.026063829787234042 0.058333333333333334
4 0.5308510638297872 0.4148148148148148 0.00851063829787234 0.022222222222222223
2 0.41329787234042553 0.40694444444444444 0.006382978723404255 0.019444444444444445
2 0.4175531914893617 0.4023148148148148 0.005319148936170213 0.017592592592592594
1 0.5295212765957447 0.40694444444444444 0.01223404255319149 0.03611111111111111
2 0.5210106382978723 0.4078703703703704 0.007978723404255319 0.019444444444444445
2 0.513563829787234 0.40370370370370373 0.006914893617021276 0.018518518518518517
1 0.40691489361702127 0.4060185185185185 0.011702127659574468 0.03611111111111111
1 0.45372340425531915 0.37592592592592594 0.0031914893617021275 0.014814814814814815
1 0.4654255319148936 0.37592592592592594 0.0031914893617021275 0.014814814814814815
1 0.47712765957446807 0.37592592592592594 0.0031914893617021275 0.014814814814814815
1 0.4901595744680851 0.3768518518518518 0.0026595744680851063 0.014814814814814815
1 0.4409574468085106 0.37592592592592594 0.00425531914893617 0.014814814814814815