0 0.34209610027855153 0.3402173913043478 0.016364902506963788 0.058695652173913045
0 0.6337047353760445 0.3402173913043478 0.008356545961002786 0.03695652173913044
0 0.14188718662952646 0.4016304347826087 0.030988857938718663 0.09891304347826087
2 0.7520891364902507 0.33369565217391306 0.006963788300835654 0.02608695652173913
2 0.8133704735376045 0.3402173913043478 0.006267409470752089 0.02391304347826087
4 0.5297701949860725 0.4 0.019846796657381614 0.07391304347826087
2 0.9004178272980501 0.3695652173913043 0.00766016713091922 0.030434782608695653
0 0.4947771587743733 0.33043478260869563 0.010445682451253482 0.043478260869565216
4 0.7214484679665738 0.3798913043478261 0.013231197771587743 0.04673913043478261
0 0.9376740947075209 0.39456521739130435 0.009749303621169917 0.03695652173913044
4 0.46535515320334264 0.47445652173913044 0.02681058495821727 0.11195652173913044
4 0.8440111420612814 0.39510869565217394 0.011838440111420613 0.04456521739130435
2 0.8339136490250696 0.36086956521739133 0.009052924791086351 0.030434782608695653
0 0.7827298050139275 0.36195652173913045 0.009052924791086351 0.034782608695652174
4 0.6215181058495822 0.3782608695652174 0.01532033426183844 0.05652173913043478
3 0.14084261838440112 0.2326086956521739 0.005919220055710306 0.02391304347826087
3 0.30414345403899723 0.2516304347826087 0.00383008356545961 0.020652173913043477
3 0.22493036211699163 0.23695652173913043 0.004178272980501393 0.01956521739130435
3 0.1733983286908078 0.22119565217391304 0.003481894150417827 0.016304347826086956
3 0.2096100278551532 0.24945652173913044 0.005571030640668524 0.025
3 0.5967966573816156 0.29239130434782606 0.004178272980501393 0.01956521739130435
3 0.1613857938718663 0.22554347826086957 0.00383008356545961 0.020652173913043477
4 0.5107938718662952 0.7407608695652174 0.057799442896935935 0.21195652173913043
3 0.12169220055710306 0.2532608695652174 0.007311977715877437 0.034782608695652174
3 0.38213788300835655 0.25271739130434784 0.00383008356545961 0.01847826086956522
3 0.7271935933147632 0.3184782608695652 0.004526462395543176 0.01956521739130435
3 0.407033426183844 0.2614130434782609 0.003481894150417827 0.01847826086956522
3 0.6840181058495822 0.31467391304347825 0.004526462395543176 0.020652173913043477
3 0.23850974930362118 0.2326086956521739 0.003481894150417827 0.017391304347826087
3 0.07538300835654596 0.20978260869565218 0.004526462395543176 0.01956521739130435
3 0.29491643454038996 0.24347826086956523 0.004178272980501393 0.01956521739130435
3 0.4909470752089137 0.2684782608695652 0.003481894150417827 0.017391304347826087
3 0.49808495821727017 0.27391304347826084 0.00383008356545961 0.01956521739130435
3 0.6197771587743732 0.29184782608695653 0.004178272980501393 0.01847826086956522