4 0.17827298050139276 0.23369565217391305 0.00766016713091922 0.02608695652173913
0 0.11159470752089136 0.21521739130434783 0.005222841225626741 0.021739130434782608
4 0.38997214484679665 0.2565217391304348 0.004178272980501393 0.021739130434782608
4 0.25330779944289694 0.4923913043478261 0.03934540389972145 0.13478260869565217
0 0.20107938718662952 0.22826086956521738 0.006615598885793872 0.021739130434782608
4 0.2439066852367688 0.24239130434782608 0.006615598885793872 0.02608695652173913
4 0.8887534818941504 0.3239130434782609 0.002437325905292479 0.010869565217391304
4 0.09157381615598886 0.22228260869565217 0.00766016713091922 0.02717391304347826
4 0.4270543175487465 0.2592391304347826 0.00383008356545961 0.01847826086956522
0 0.3608983286908078 0.23695652173913043 0.00383008356545961 0.015217391304347827
0 0.32590529247910865 0.24239130434782608 0.004874651810584958 0.01956521739130435
0 0.2512186629526462 0.23478260869565218 0.005222841225626741 0.021739130434782608
0 0.2886490250696379 0.23967391304347826 0.006267409470752089 0.020652173913043477
4 0.44307103064066855 0.24565217391304348 0.002437325905292479 0.013043478260869565
0 0.8071030640668524 0.3076086956521739 0.003481894150417827 0.013043478260869565
4 0.42635793871866295 0.24565217391304348 0.0031337047353760445 0.013043478260869565
0 0.8375696378830083 0.3119565217391304 0.0031337047353760445 0.013043478260869565
4 0.30692896935933145 0.25 0.006615598885793872 0.02391304347826087
0 0.3513231197771588 0.2451086956521739 0.004874651810584958 0.01847826086956522
4 0.6375348189415042 0.2793478260869565 0.002785515320334262 0.013043478260869565
4 0.46413649025069637 0.24728260869565216 0.0020891364902506965 0.009782608695652175
4 0.8732590529247911 0.3217391304347826 0.002785515320334262 0.013043478260869565
4 0.7860376044568245 0.3076086956521739 0.0031337047353760445 0.015217391304347827
0 0.6845403899721448 0.2847826086956522 0.002785515320334262 0.013043478260869565
4 0.43941504178272983 0.2565217391304348 0.003481894150417827 0.017391304347826087
4 0.7520891364902507 0.3010869565217391 0.002785515320334262 0.013043478260869565
0 0.3934540389972145 0.23532608695652174 0.002785515320334262 0.011956521739130435
4 0.9059888579387186 0.32663043478260867 0.002785515320334262 0.011956521739130435
0 0.7611420612813371 0.3 0.002785515320334262 0.013043478260869565
4 0.6693941504178273 0.28695652173913044 0.002437325905292479 0.013043478260869565
0 0.6450208913649025 0.2766304347826087 0.002437325905292479 0.011956521739130435
0 0.7379874651810585 0.2956521739130435 0.002437325905292479 0.013043478260869565
4 0.8217270194986073 0.3135869565217391 0.002785515320334262 0.011956521739130435
4 0.852541782729805 0.31956521739130433 0.002437325905292479 0.013043478260869565
4 0.5236768802228412 0.2565217391304348 0.0020891364902506965 0.008695652173913044
4 0.4925139275766017 0.2516304347826087 0.002437325905292479 0.009782608695652175
4 0.7111768802228412 0.29456521739130437 0.002437325905292479 0.013043478260869565
0 0.666608635097493 0.28206521739130436 0.002437325905292479 0.011956521739130435
4 0.5245473537604457 0.7065217391304348 0.06093314763231198 0.21521739130434783
0 0.5151462395543176 0.2516304347826087 0.0017409470752089136 0.009782608695652175
4 0.9293175487465181 0.3293478260869565 0.002785515320334262 0.010869565217391304
0 0.3671657381615599 0.24130434782608695 0.0031337047353760445 0.017391304347826087
0 0.3645543175487465 0.24293478260869567 0.004178272980501393 0.01847826086956522
0 0.36925487465181056 0.23423913043478262 0.0017409470752089136 0.011956521739130435
4 0.4373259052924791 0.25217391304347825 0.0020891364902506965 0.015217391304347827
4 0.4293175487465181 0.24456521739130435 0.0020891364902506965 0.013043478260869565
0 0.471100278551532 0.2451086956521739 0.0020891364902506965 0.011956521739130435
0 0.5595403899721448 0.2597826086956522 0.0020891364902506965 0.010869565217391304
0 0.8246866295264624 0.3108695652173913 0.002437325905292479 0.010869565217391304
0 0.8788300835654597 0.3173913043478261 0.0020891364902506965 0.010869565217391304
0 0.9122562674094707 0.3233695652173913 0.0020891364902506965 0.009782608695652175
4 0.5550139275766016 0.2625 0.0020891364902506965 0.009782608695652175
4 0.5858286908077994 0.26793478260869563 0.002437325905292479 0.011956521739130435
4 0.6055013927576601 0.2722826086956522 0.0020891364902506965 0.009782608695652175