4 0.8487116991643454 0.5739130434782609 0.03168523676880223 0.11739130434782609
4 0.9072075208913649 0.4875 0.019846796657381614 0.075
0 0.3931058495821727 0.5032608695652174 0.029944289693593314 0.1108695652173913
4 0.9112116991643454 0.40217391304347827 0.009052924791086351 0.03260869565217391
4 0.9411559888579387 0.4467391304347826 0.014623955431754874 0.05434782608695652
4 0.8908426183844012 0.38967391304347826 0.007311977715877437 0.029347826086956522
0 0.7618384401114207 0.39510869565217394 0.009749303621169917 0.04021739130434782
0 0.604108635097493 0.4375 0.019498607242339833 0.06630434782608696
4 0.9284470752089137 0.4201086956521739 0.012186629526462395 0.04456521739130435
0 0.8131963788300836 0.3635869565217391 0.005919220055710306 0.02282608695652174
0 0.7358983286908078 0.4157608695652174 0.01288300835654596 0.05326086956521739
0 0.7661908077994429 0.3717391304347826 0.0031337047353760445 0.02608695652173913
0 0.7694986072423399 0.3809782608695652 0.00766016713091922 0.03152173913043478
0 0.9233983286908078 0.3717391304347826 0.006267409470752089 0.021739130434782608
0 0.8668175487465181 0.3673913043478261 0.005919220055710306 0.021739130434782608
2 0.7903899721448467 0.34456521739130436 0.003481894150417827 0.010869565217391304
2 0.7618384401114207 0.3423913043478261 0.002785515320334262 0.010869565217391304
4 0.8741295264623955 0.3809782608695652 0.006615598885793872 0.02717391304347826
4 0.9411559888579387 0.3798913043478261 0.005571030640668524 0.020652173913043477
0 0.7700208913649025 0.3630434782608696 0.00383008356545961 0.021739130434782608
4 0.8788300835654597 0.3755434782608696 0.004874651810584958 0.02282608695652174
2 0.8137186629526463 0.34402173913043477 0.002785515320334262 0.014130434782608696
2 0.8346100278551533 0.3483695652173913 0.002785515320334262 0.011956521739130435
2 0.8600278551532033 0.35 0.002785515320334262 0.010869565217391304