4 0.6610376044568245 0.7407608695652174 0.05327298050139276 0.20543478260869566
4 0.32137883008356544 0.49728260869565216 0.034122562674094706 0.13804347826086957
4 0.07747214484679665 0.3744565217391304 0.02541782729805014 0.09456521739130434
4 0.07329387186629527 0.22717391304347825 0.008704735376044569 0.030434782608695653
4 0.1711350974930362 0.23315217391304346 0.006615598885793872 0.02717391304347826
4 0.24286211699164345 0.23695652173913043 0.005919220055710306 0.02391304347826087
4 0.2931754874651811 0.23695652173913043 0.005571030640668524 0.021739130434782608
4 0.32190111420612816 0.23695652173913043 0.004526462395543176 0.01956521739130435
4 0.33373955431754876 0.23478260869565218 0.004526462395543176 0.01956521739130435
4 0.3386142061281337 0.2326086956521739 0.00383008356545961 0.017391304347826087
4 0.36020194986072424 0.22771739130434782 0.00383008356545961 0.016304347826086956
4 0.4190459610027855 0.2358695652173913 0.0031337047353760445 0.015217391304347827
4 0.8983286908077994 0.3233695652173913 0.004178272980501393 0.016304347826086956
4 0.8424442896935933 0.3119565217391304 0.00383008356545961 0.015217391304347827
4 0.7912604456824512 0.3005434782608696 0.00383008356545961 0.014130434782608696
0 0.12412952646239554 0.21793478260869564 0.006615598885793872 0.025
0 0.05745125348189415 0.21304347826086956 0.006963788300835654 0.02608695652173913
0 0.17496518105849582 0.22065217391304348 0.00383008356545961 0.021739130434782608
0 0.20282033426183843 0.22228260869565217 0.005222841225626741 0.02282608695652174
0 0.2362465181058496 0.2233695652173913 0.00383008356545961 0.01847826086956522
0 0.25295961002785516 0.22282608695652173 0.005222841225626741 0.01956521739130435
0 0.36577298050139273 0.22554347826086957 0.0031337047353760445 0.014130434782608696
0 0.4037256267409471 0.23097826086956522 0.0031337047353760445 0.014130434782608696
0 0.42479108635097496 0.23369565217391305 0.002785515320334262 0.013043478260869565
0 0.9157381615598886 0.3217391304347826 0.003481894150417827 0.015217391304347827
0 0.8833565459610028 0.3157608695652174 0.002785515320334262 0.014130434782608696
0 0.8508008356545961 0.30978260869565216 0.00383008356545961 0.013043478260869565
0 0.8229456824512534 0.30380434782608695 0.0031337047353760445 0.014130434782608696
0 0.7973537604456824 0.29836956521739133 0.002785515320334262 0.011956521739130435
0 0.7848189415041783 0.29456521739130437 0.002785515320334262 0.013043478260869565
0 0.775766016713092 0.29130434782608694 0.0020891364902506965 0.010869565217391304
0 0.759575208913649 0.28641304347826085 0.0017409470752089136 0.009782608695652175
0 0.7331128133704735 0.2798913043478261 0.0017409470752089136 0.009782608695652175
0 0.700383008356546 0.2728260869565217 0.0017409470752089136 0.008695652173913044
0 0.6620821727019499 0.26467391304347826 0.002437325905292479 0.009782608695652175
0 0.621866295264624 0.2576086956521739 0.0020891364902506965 0.008695652173913044
0 0.5818245125348189 0.2510869565217391 0.0020891364902506965 0.008695652173913044
0 0.512883008356546 0.2407608695652174 0.0020891364902506965 0.009782608695652175
0 0.4829387186629526 0.23804347826086958 0.0020891364902506965 0.008695652173913044
0 0.46935933147632314 0.2375 0.0020891364902506965 0.009782608695652175
0 0.4622214484679666 0.23695652173913043 0.002437325905292479 0.010869565217391304
0 0.4477715877437326 0.23695652173913043 0.002785515320334262 0.010869565217391304
4 0.45229805013927576 0.24021739130434783 0.002785515320334262 0.013043478260869565
4 0.4909470752089137 0.2440217391304348 0.0020891364902506965 0.011956521739130435
4 0.509575208913649 0.2451086956521739 0.002437325905292479 0.011956521739130435
4 0.5179317548746518 0.24456521739130435 0.0017409470752089136 0.010869565217391304
4 0.5262883008356546 0.24565217391304348 0.002437325905292479 0.010869565217391304
4 0.5447423398328691 0.24728260869565216 0.002437325905292479 0.009782608695652175
4 0.5668523676880223 0.25 0.0020891364902506965 0.008695652173913044
4 0.5931406685236769 0.2548913043478261 0.002437325905292479 0.009782608695652175
4 0.6189066852367688 0.25869565217391305 0.002437325905292479 0.010869565217391304
4 0.6467618384401114 0.26358695652173914 0.002437325905292479 0.009782608695652175
4 0.6768802228412256 0.26956521739130435 0.002785515320334262 0.010869565217391304
4 0.6939415041782729 0.27391304347826084 0.002785515320334262 0.010869565217391304
4 0.7108286908077994 0.2782608695652174 0.002437325905292479 0.010869565217391304
4 0.7209261838440112 0.28152173913043477 0.002437325905292479 0.010869565217391304
4 0.7287604456824512 0.2842391304347826 0.002785515320334262 0.011956521739130435
4 0.7435584958217271 0.2896739130434783 0.0031337047353760445 0.011956521739130435