0 0.7026462395543176 0.4608695652173913 0.035515320334261836 0.1282608695652174
0 0.8828342618384402 0.36086956521739133 0.02681058495821727 0.08478260869565217
0 0.48102367688022285 0.23641304347826086 0.005919220055710306 0.029347826086956522
4 0.4517757660167131 0.19728260869565217 0.002437325905292479 0.011956521739130435
4 0.354108635097493 0.22554347826086957 0.003481894150417827 0.014130434782608696
4 0.48868384401114207 0.23641304347826086 0.006615598885793872 0.02717391304347826
0 0.3687325905292479 0.20271739130434782 0.002785515320334262 0.009782608695652175
4 0.4115598885793872 0.19782608695652174 0.0020891364902506965 0.010869565217391304
4 0.40442200557103064 0.2108695652173913 0.0031337047353760445 0.013043478260869565
0 0.31354456824512533 0.7032608695652174 0.06162952646239554 0.23043478260869565
4 0.31754874651810583 0.20652173913043478 0.0020891364902506965 0.010869565217391304
4 0.4032033426183844 0.19402173913043477 0.0020891364902506965 0.009782608695652175
4 0.3450557103064067 0.2141304347826087 0.0020891364902506965 0.010869565217391304
4 0.4176532033426184 0.1923913043478261 0.002437325905292479 0.010869565217391304
4 0.38196378830083566 0.2048913043478261 0.0020891364902506965 0.009782608695652175
4 0.38335654596100277 0.1967391304347826 0.0020891364902506965 0.008695652173913044
0 0.34993036211699163 0.2048913043478261 0.0020891364902506965 0.009782608695652175
0 0.3125 0.2125 0.002437325905292479 0.009782608695652175
0 0.3767409470752089 0.20326086956521738 0.0020891364902506965 0.010869565217391304
4 0.34697075208913647 0.20271739130434782 0.002437325905292479 0.009782608695652175
4 0.35184540389972147 0.19293478260869565 0.0017409470752089136 0.005434782608695652
4 0.43436629526462395 0.18695652173913044 0.0017409470752089136 0.008695652173913044
4 0.4298398328690808 0.18641304347826088 0.0017409470752089136 0.007608695652173913
0 0.4610027855153203 0.18315217391304348 0.0020891364902506965 0.007608695652173913
0 0.44080779944289694 0.18641304347826088 0.0020891364902506965 0.007608695652173913
4 0.4333217270194986 0.1923913043478261 0.0017409470752089136 0.008695652173913044
2 0.41974233983286907 0.18858695652173912 0.0017409470752089136 0.009782608695652175
4 0.40825208913649025 0.18804347826086956 0.0017409470752089136 0.008695652173913044
4 0.389449860724234 0.1891304347826087 0.0017409470752089136 0.008695652173913044
4 0.37395543175487467 0.1907608695652174 0.001392757660167131 0.007608695652173913
0 0.3812674094707521 0.2016304347826087 0.0020891364902506965 0.009782608695652175