0 0.9071808510638298 0.4398148148148148 0.03138297872340425 0.037037037037037035
0 0.6962765957446808 0.40324074074074073 0.019148936170212766 0.023148148148148147
0 0.5470744680851064 0.3875 0.015425531914893617 0.017592592592592594
0 0.4454787234042553 0.37916666666666665 0.010106382978723405 0.012037037037037037
0 0.4930851063829787 0.38333333333333336 0.011702127659574468 0.014814814814814815
0 0.649468085106383 0.37037037037037035 0.006382978723404255 0.016666666666666666
0 0.6417553191489361 0.37453703703703706 0.006914893617021276 0.01574074074074074
0 0.6372340425531915 0.36666666666666664 0.005319148936170213 0.014814814814814815
0 0.1896276595744681 0.37175925925925923 0.009042553191489361 0.010185185185185186
4 0.6436170212765957 0.5208333333333334 0.039361702127659576 0.08611111111111111
4 0.3406914893617021 0.45231481481481484 0.028191489361702127 0.058333333333333334