0 0.6695682451253482 0.6054553264604811 0.04874651810584958 0.06915807560137457
0 0.09905988857938719 0.5579896907216495 0.03377437325905292 0.04639175257731959
0 0.10985376044568246 0.4845360824742268 0.008008356545961003 0.013745704467353952
0 0.16225626740947074 0.47701890034364264 0.008356545961002786 0.01245704467353952
0 0.14850278551532034 0.4725085910652921 0.006615598885793872 0.010309278350515464
4 0.21622562674094709 0.636168384879725 0.059192200557103065 0.08505154639175258
4 0.11455431754874652 0.49785223367697595 0.016016713091922007 0.019759450171821305
4 0.1855849582172702 0.4881872852233677 0.010445682451253482 0.01675257731958763
2 0.27698467966573814 0.5485395189003437 0.03238161559888579 0.040378006872852236
2 0.44428969359331477 0.5189003436426117 0.02298050139275766 0.03006872852233677
2 0.06772284122562675 0.5274914089347079 0.028203342618384402 0.03178694158075601
2 0.20856545961002784 0.4995704467353952 0.012534818941504178 0.019759450171821305
2 0.2016016713091922 0.48152920962199314 0.008356545961002786 0.014604810996563574