0 0.7395543175487466 0.3418478260869565 0.010445682451253482 0.04021739130434782
4 0.7414693593314763 0.3847826086956522 0.014275766016713091 0.05652173913043478
0 0.8915389972144847 0.36684782608695654 0.0100974930362117 0.03804347826086957
0 0.6002785515320335 0.33315217391304347 0.012534818941504178 0.04891304347826087
2 0.195508356545961 0.2717391304347826 0.012186629526462395 0.05
4 0.8415738161559888 0.3864130434782609 0.016016713091922007 0.051086956521739134
4 0.6728760445682451 0.41141304347826085 0.02054317548746518 0.07282608695652174
2 0.06981197771587744 0.20923913043478262 0.008704735376044569 0.03152173913043478
0 0.328516713091922 0.41358695652173916 0.026114206128133706 0.10326086956521739
4 0.666608635097493 0.5076086956521739 0.030292479108635098 0.11739130434782609
2 0.26497214484679665 0.3467391304347826 0.020891364902506964 0.0782608695652174
2 0.14153899721448468 0.2157608695652174 0.007311977715877437 0.029347826086956522
0 0.46848885793871864 0.34782608695652173 0.017757660167130918 0.06521739130434782
2 0.10915738161559889 0.21304347826086956 0.008008356545961003 0.030434782608695653
2 0.16225626740947074 0.23641304347826086 0.009052924791086351 0.035869565217391305
4 0.916608635097493 0.7923913043478261 0.028203342618384402 0.1108695652173913