0 0.26835106382978724 0.6675675675675675 0.038829787234042554 0.062162162162162166
0 0.35132978723404257 0.6148648648648649 0.02074468085106383 0.03648648648648649
0 0.43351063829787234 0.5570945945945946 0.006382978723404255 0.011486486486486487
0 0.42473404255319147 0.5560810810810811 0.0047872340425531915 0.010810810810810811
0 0.42792553191489363 0.5601351351351351 0.005851063829787234 0.013513513513513514
0 0.4226063829787234 0.5648648648648649 0.007978723404255319 0.014864864864864866
0 0.4125 0.5699324324324324 0.009042553191489361 0.016891891891891893
0 0.400531914893617 0.5787162162162162 0.011702127659574468 0.020945945945945947
0 0.38351063829787235 0.5935810810810811 0.01702127659574468 0.027702702702702704
0 0.3997340425531915 0.5557432432432432 0.0047872340425531915 0.011486486486486487
0 0.373936170212766 0.5567567567567567 0.006382978723404255 0.010810810810810811
0 0.30372340425531913 0.5591216216216216 0.005319148936170213 0.011486486486486487
0 0.2199468085106383 0.5641891891891891 0.005851063829787234 0.012162162162162163
0 0.125 0.5702702702702702 0.006382978723404255 0.013513513513513514
0 0.12872340425531914 0.5831081081081081 0.013829787234042552 0.02027027027027027
0 0.08936170212765958 0.5932432432432433 0.015957446808510637 0.024324324324324326
0 0.08271276595744681 0.5736486486486486 0.007978723404255319 0.014864864864864866
0 0.09361702127659574 0.5787162162162162 0.010638297872340425 0.015540540540540541
4 0.7095744680851064 0.6692567567567568 0.04680851063829787 0.06418918918918919
4 0.6191489361702127 0.6135135135135135 0.026595744680851064 0.03918918918918919
4 0.5813829787234043 0.5898648648648649 0.018085106382978722 0.02702702702702703
4 0.5529255319148936 0.5773648648648648 0.013297872340425532 0.020945945945945947
4 0.5388297872340425 0.5692567567567568 0.009574468085106383 0.016891891891891893
4 0.5321808510638298 0.5628378378378378 0.007978723404255319 0.014864864864864866
4 0.5263297872340426 0.5597972972972973 0.006914893617021276 0.012837837837837839
4 0.5204787234042553 0.5560810810810811 0.005851063829787234 0.012162162162162163
4 0.5098404255319149 0.5540540540540541 0.005851063829787234 0.010810810810810811
4 0.4765957446808511 0.5537162162162163 0.005319148936170213 0.010135135135135136
4 0.4473404255319149 0.5533783783783783 0.005319148936170213 0.010810810810810811
4 0.4050531914893617 0.5547297297297298 0.0047872340425531915 0.010810810810810811
4 0.3659574468085106 0.5540540540540541 0.006382978723404255 0.010810810810810811
4 0.3327127659574468 0.5557432432432432 0.005851063829787234 0.011486486486486487
4 0.263563829787234 0.5597972972972973 0.005851063829787234 0.011486486486486487
4 0.18324468085106382 0.5641891891891891 0.006914893617021276 0.012162162162162163
4 0.09042553191489362 0.5689189189189189 0.006382978723404255 0.013513513513513514