0 0.5917479108635098 0.425 0.010793871866295265 0.041304347826086954
0 0.49669220055710306 0.4923913043478261 0.019846796657381614 0.07608695652173914
4 0.7113509749303621 0.4320652173913043 0.009749303621169917 0.035869565217391305
4 0.7365947075208914 0.46467391304347827 0.01288300835654596 0.051086956521739134
0 0.5235027855153204 0.44021739130434784 0.014275766016713091 0.05217391304347826
4 0.7721100278551533 0.5092391304347826 0.017757660167130918 0.06847826086956521
4 0.745125348189415 0.4081521739130435 0.005571030640668524 0.02282608695652174
0 0.5372562674094707 0.39891304347826084 0.009052924791086351 0.03260869565217391
4 0.7733286908077994 0.41956521739130437 0.005571030640668524 0.02826086956521739
4 0.8274721448467967 0.4375 0.009401114206128134 0.03369565217391304
4 0.9286211699164345 0.4608695652173913 0.011838440111420613 0.0391304347826087
4 0.6572075208913649 0.41141304347826085 0.007311977715877437 0.029347826086956522
0 0.36577298050139273 0.7516304347826087 0.05745125348189415 0.19021739130434784
4 0.8605501392757661 0.5880434782608696 0.03377437325905292 0.10217391304347827