4 0.22458217270194986 0.38913043478260867 0.02298050139275766 0.09565217391304348
0 0.13004874651810586 0.22717391304347825 0.009401114206128134 0.03695652173913044
0 0.2681058495821727 0.23369565217391305 0.00766016713091922 0.02826086956521739
0 0.9160863509749304 0.33804347826086956 0.006267409470752089 0.02608695652173913
0 0.37830779944289694 0.24239130434782608 0.005919220055710306 0.02608695652173913
0 0.6136838440111421 0.275 0.005919220055710306 0.02391304347826087
4 0.20595403899721448 0.29184782608695653 0.015668523676880222 0.057608695652173914
4 0.2863857938718663 0.25815217391304346 0.009401114206128134 0.04021739130434782
0 0.453516713091922 0.2505434782608696 0.005919220055710306 0.025
4 0.4037256267409471 0.25815217391304346 0.007311977715877437 0.03152173913043478
0 0.7031685236768802 0.29239130434782606 0.005222841225626741 0.02391304347826087
4 0.6793175487465181 0.3016304347826087 0.00766016713091922 0.029347826086956522
4 0.4616991643454039 0.7282608695652174 0.06615598885793872 0.23043478260869565
4 0.8232938718662952 0.33152173913043476 0.008008356545961003 0.030434782608695653
4 0.533774373259053 0.27554347826086956 0.00766016713091922 0.02717391304347826
0 0.807625348189415 0.3135869565217391 0.006615598885793872 0.025
4 0.3487116991643454 0.20543478260869566 0.002437325905292479 0.010869565217391304
4 0.5215877437325905 0.22934782608695653 0.002785515320334262 0.010869565217391304
0 0.5329038997214485 0.2614130434782609 0.005919220055710306 0.02282608695652174
4 0.24564763231197773 0.19891304347826086 0.002437325905292479 0.010869565217391304
4 0.296483286908078 0.1967391304347826 0.002437325905292479 0.010869565217391304
4 0.2661908077994429 0.19619565217391305 0.002437325905292479 0.011956521739130435
4 0.28151114206128136 0.18532608695652175 0.0017409470752089136 0.009782608695652175
4 0.33025766016713093 0.19945652173913042 0.002437325905292479 0.011956521739130435
4 0.2376392757660167 0.19293478260869565 0.002437325905292479 0.009782608695652175
4 0.3464484679665738 0.19402173913043477 0.0020891364902506965 0.007608695652173913
4 0.5412604456824512 0.22010869565217392 0.0017409470752089136 0.007608695652173913
0 0.5522284122562674 0.21684782608695652 0.001392757660167131 0.007608695652173913
4 0.30779944289693595 0.18641304347826088 0.001392757660167131 0.007608695652173913
0 0.2759401114206128 0.1875 0.0017409470752089136 0.007608695652173913
4 0.3020543175487465 0.18804347826086956 0.0017409470752089136 0.008695652173913044
4 0.3187674094707521 0.1907608695652174 0.0017409470752089136 0.007608695652173913
4 0.7506963788300836 0.23967391304347826 0.001392757660167131 0.007608695652173913
4 0.5141016713091922 0.21956521739130436 0.0017409470752089136 0.008695652173913044
4 0.5668523676880223 0.23097826086956522 0.0020891364902506965 0.009782608695652175
4 0.6023676880222841 0.24456521739130435 0.002785515320334262 0.015217391304347827
4 0.557625348189415 0.21521739130434783 0.0017409470752089136 0.008695652173913044
4 0.2459958217270195 0.18858695652173912 0.0017409470752089136 0.009782608695652175
4 0.2785515320334262 0.1858695652173913 0.0020891364902506965 0.006521739130434782
4 0.7555710306406686 0.24021739130434783 0.0020891364902506965 0.008695652173913044
0 0.299616991643454 0.1956521739130435 0.002437325905292479 0.010869565217391304
0 0.2498259052924791 0.18804347826086956 0.0017409470752089136 0.008695652173913044
0 0.5712047353760445 0.22065217391304348 0.002437325905292479 0.008695652173913044
2 0.24094707520891365 0.18532608695652175 0.0020891364902506965 0.007608695652173913
0 0.2968314763231198 0.18858695652173912 0.002437325905292479 0.007608695652173913
0 0.3239902506963788 0.19402173913043477 0.0017409470752089136 0.007608695652173913
4 0.3358286908077994 0.19293478260869565 0.0017409470752089136 0.007608695652173913
4 0.73241643454039 0.2358695652173913 0.0010445682451253482 0.006521739130434782
4 0.7061281337047354 0.23315217391304346 0.001392757660167131 0.007608695652173913
4 0.3008356545961003 0.2 0.002785515320334262 0.013043478260869565
0 0.3332172701949861 0.19891304347826086 0.0020891364902506965 0.010869565217391304
0 0.5064415041782729 0.21739130434782608 0.0017409470752089136 0.006521739130434782
0 0.5974930362116991 0.24347826086956523 0.003481894150417827 0.015217391304347827
2 0.5170612813370473 0.22934782608695653 0.0020891364902506965 0.008695652173913044