0 0.2395543175487465 0.5171821305841925 0.009749303621169917 0.013745704467353952
0 0.32346796657381616 0.520618556701031 0.009052924791086351 0.015463917525773196
0 0.34348885793871864 0.5438144329896907 0.014972144846796657 0.02491408934707904
0 0.40302924791086353 0.5126718213058419 0.008008356545961003 0.01245704467353952
0 0.133008356545961 0.5700171821305842 0.02437325905292479 0.0352233676975945
0 0.5170612813370473 0.5597079037800687 0.025069637883008356 0.03350515463917526
0 0.575208913649025 0.6095360824742269 0.033426183844011144 0.054982817869415807
0 0.5621518105849582 0.531786941580756 0.010793871866295265 0.020618556701030927
0 0.5948816155988857 0.5075171821305842 0.006615598885793872 0.010738831615120275
0 0.6344011142061281 0.5120274914089347 0.008356545961002786 0.01288659793814433
0 0.666782729805014 0.5287800687285223 0.013231197771587743 0.019759450171821305
0 0.7090877437325905 0.5182560137457045 0.0100974930362117 0.015893470790378006
0 0.7524373259052924 0.5330756013745704 0.01532033426183844 0.022336769759450172
0 0.8716922005571031 0.5758161512027491 0.030988857938718663 0.040807560137457045
4 0.17792479108635098 0.5339347079037801 0.01532033426183844 0.022336769759450172
4 0.4392409470752089 0.5259879725085911 0.012186629526462395 0.020189003436426118
4 0.4465529247910863 0.5167525773195877 0.009401114206128134 0.015463917525773196
4 0.4899025069637883 0.5096649484536082 0.00766016713091922 0.01245704467353952
4 0.5294220055710307 0.5062285223367697 0.005919220055710306 0.010738831615120275
4 0.6704387186629527 0.5064432989690721 0.006615598885793872 0.011168384879725086
4 0.685933147632312 0.5208333333333334 0.010445682451253482 0.01761168384879725
4 0.7094359331476323 0.5113831615120275 0.008704735376044569 0.01331615120274914
4 0.7393802228412256 0.5223367697594502 0.01149025069637883 0.01804123711340206
4 0.8199860724233984 0.5504725085910653 0.022284122562674095 0.03049828178694158
4 0.8013579387186629 0.853307560137457 0.12639275766016714 0.1722508591065292
2 0.11455431754874652 0.8019759450171822 0.10793871866295264 0.15463917525773196
2 0.3880571030640669 0.5968642611683849 0.029596100278551533 0.04939862542955326
2 0.5524025069637883 0.5358676975945017 0.014972144846796657 0.02276632302405498
2 0.5819986072423399 0.5236254295532646 0.01149025069637883 0.01718213058419244
2 0.5875696378830083 0.5120274914089347 0.007311977715877437 0.01288659793814433
2 0.6149025069637883 0.5178264604810997 0.009749303621169917 0.015034364261168385
2 0.6464136490250696 0.5051546391752577 0.006615598885793872 0.010309278350515464
2 0.663474930362117 0.5597079037800687 0.023328690807799445 0.03178694158075601
2 0.7190111420612814 0.5128865979381443 0.009052924791086351 0.013745704467353952
2 0.8436629526462396 0.532860824742268 0.014623955431754874 0.02276632302405498