0 0.24627659574468086 0.625 0.06914893617021277 0.13148148148148148
0 0.32898936170212767 0.4824074074074074 0.028191489361702127 0.05925925925925926
0 0.3194148936170213 0.4412037037037037 0.017553191489361703 0.041666666666666664
0 0.2553191489361702 0.42083333333333334 0.014893617021276596 0.03425925925925926
0 0.1851063829787234 0.4101851851851852 0.01276595744680851 0.02962962962962963
0 0.1305851063829787 0.4060185185185185 0.01223404255319149 0.028703703703703703
0 0.6680851063829787 0.3972222222222222 0.006382978723404255 0.016666666666666666
0 0.5609042553191489 0.3875 0.005851063829787234 0.01574074074074074
4 0.18723404255319148 0.3925925925925926 0.010638297872340425 0.024074074074074074
4 0.8973404255319148 0.5731481481481482 0.05531914893617021 0.10555555555555556
4 0.6803191489361702 0.4652777777777778 0.02872340425531915 0.05648148148148148
4 0.5281914893617021 0.42592592592592593 0.01702127659574468 0.037037037037037035
4 0.4186170212765957 0.40879629629629627 0.01276595744680851 0.030555555555555555
4 0.3414893617021277 0.3972222222222222 0.01276595744680851 0.025925925925925925
4 0.28643617021276596 0.3925925925925926 0.011170212765957447 0.024074074074074074
4 0.6643617021276595 0.39537037037037037 0.006382978723404255 0.016666666666666666
4 0.5571808510638298 0.387037037037037 0.005851063829787234 0.014814814814814815
2 0.7558510638297873 0.4356481481481482 0.035106382978723406 0.03796296296296296