0 0.3146276595744681 0.5407407407407407 0.04627659574468085 0.08888888888888889
0 0.598404255319149 0.4652777777777778 0.022340425531914895 0.05648148148148148
0 0.8539893617021277 0.4462962962962963 0.019680851063829788 0.046296296296296294
0 0.8 0.37916666666666665 0.011702127659574468 0.032407407407407406
0 0.5337765957446808 0.3800925925925926 0.01223404255319149 0.032407407407407406
0 0.8781914893617021 0.36342592592592593 0.006382978723404255 0.023148148148148147
4 0.7279255319148936 0.3726851851851852 0.010106382978723405 0.021296296296296296
4 0.5962765957446808 0.3726851851851852 0.009574468085106383 0.021296296296296296
4 0.8898936170212766 0.37083333333333335 0.005319148936170213 0.013888888888888888
4 0.9023936170212766 0.37083333333333335 0.005851063829787234 0.013888888888888888
4 0.9151595744680852 0.37083333333333335 0.005851063829787234 0.013888888888888888