0 0.25292553191489364 0.6658783783783784 0.04202127659574468 0.05878378378378379
0 0.3257978723404255 0.6155405405405405 0.021808510638297873 0.03648648648648649
0 0.3625 0.5932432432432433 0.015425531914893617 0.025675675675675677
0 0.38377659574468087 0.5807432432432432 0.01223404255319149 0.019594594594594596
0 0.3962765957446808 0.5722972972972973 0.00851063829787234 0.016216216216216217
0 0.40638297872340423 0.5662162162162162 0.00851063829787234 0.014864864864864866
0 0.3949468085106383 0.5641891891891891 0.005851063829787234 0.013513513513513514
0 0.3651595744680851 0.5652027027027027 0.006914893617021276 0.012837837837837839
0 0.33191489361702126 0.5662162162162162 0.006382978723404255 0.013513513513513514
0 0.23696808510638298 0.5702702702702702 0.009042553191489361 0.014864864864864866
0 0.11835106382978723 0.5790540540540541 0.010106382978723405 0.016216216216216217
4 0.675531914893617 0.6601351351351351 0.043617021276595745 0.060810810810810814
4 0.5877659574468085 0.6114864864864865 0.023404255319148935 0.03783783783783784
4 0.5537234042553192 0.5898648648648649 0.01702127659574468 0.025675675675675677
4 0.5377659574468086 0.5777027027027027 0.013829787234042552 0.021621621621621623
4 0.5268617021276596 0.5702702702702702 0.009042553191489361 0.01756756756756757
4 0.5180851063829788 0.5641891891891891 0.007446808510638298 0.014864864864864866
4 0.5039893617021277 0.5621621621621622 0.007978723404255319 0.013513513513513514
4 0.4625 0.5608108108108109 0.007978723404255319 0.014864864864864866
4 0.4271276595744681 0.5601351351351351 0.007446808510638298 0.012162162162162163
4 0.373936170212766 0.5621621621621622 0.006382978723404255 0.012162162162162163
4 0.32553191489361705 0.5628378378378378 0.006382978723404255 0.013513513513513514
4 0.28324468085106386 0.5645270270270271 0.006914893617021276 0.011486486486486487
4 0.19175531914893618 0.5716216216216217 0.009042553191489361 0.014864864864864866
4 0.07952127659574468 0.5780405405405405 0.009042553191489361 0.015540540540540541