0 0.42914345403899723 0.2907608695652174 0.010793871866295265 0.04673913043478261
4 0.7639275766016713 0.2717391304347826 0.013231197771587743 0.05217391304347826
0 0.30518802228412256 0.2858695652173913 0.008704735376044569 0.0391304347826087
4 0.6478064066852368 0.25815217391304346 0.0100974930362117 0.042391304347826085
4 0.3722144846796657 0.24456521739130435 0.006267409470752089 0.02608695652173913
4 0.9045961002785515 0.30434782608695654 0.0201949860724234 0.07173913043478261
0 0.6262186629526463 0.4217391304347826 0.028203342618384402 0.1108695652173913
0 0.28986768802228413 0.24728260869565216 0.005222841225626741 0.02282608695652174
4 0.4115598885793872 0.2298913043478261 0.004874651810584958 0.02282608695652174
4 0.5398676880222841 0.2543478260869565 0.009401114206128134 0.0391304347826087
0 0.6018454038997214 0.34945652173913044 0.018454038997214484 0.08152173913043478
4 0.49303621169916434 0.2141304347826087 0.004874651810584958 0.01956521739130435
0 0.7176183844011143 0.18695652173913044 0.004874651810584958 0.017391304347826087
4 0.42496518105849584 0.2543478260869565 0.008008356545961003 0.03260869565217391
0 0.5637186629526463 0.31467391304347825 0.014623955431754874 0.0641304347826087
4 0.45073119777158777 0.22119565217391304 0.004526462395543176 0.020652173913043477
0 0.24686629526462395 0.2766304347826087 0.00766016713091922 0.03152173913043478
0 0.4998259052924791 0.29836956521739133 0.012186629526462395 0.05543478260869565
4 0.6469359331476323 0.20054347826086957 0.004874651810584958 0.020652173913043477
0 0.6373607242339833 0.1956521739130435 0.00383008356545961 0.017391304347826087
0 0.596100278551532 0.19891304347826086 0.004178272980501393 0.017391304347826087
0 0.5581476323119777 0.5413043478260869 0.04247910863509749 0.1673913043478261
4 0.8003133704735376 0.1815217391304348 0.00383008356545961 0.017391304347826087
0 0.33948467966573814 0.23369565217391305 0.004178272980501393 0.01956521739130435
0 0.7957869080779945 0.16630434782608697 0.002437325905292479 0.010869565217391304
0 0.7352019498607242 0.18532608695652175 0.00383008356545961 0.016304347826086956
4 0.7782033426183844 0.1858695652173913 0.003481894150417827 0.017391304347826087
0 0.7703690807799443 0.16956521739130434 0.002437325905292479 0.010869565217391304
0 0.6941155988857939 0.19021739130434784 0.00383008356545961 0.017391304347826087
0 0.6636490250696379 0.1934782608695652 0.004178272980501393 0.017391304347826087
4 0.7430362116991643 0.19021739130434784 0.004178272980501393 0.01956521739130435
0 0.7578342618384402 0.1793478260869565 0.002437325905292479 0.015217391304347827
4 0.8824860724233984 0.16195652173913044 0.002437325905292479 0.013043478260869565
0 0.2076949860724234 0.7902173913043479 0.028203342618384402 0.11304347826086956
4 0.5412604456824512 0.20869565217391303 0.00383008356545961 0.01956521739130435
0 0.7496518105849582 0.1815217391304348 0.002785515320334262 0.015217391304347827
0 0.24860724233983286 0.2619565217391304 0.006267409470752089 0.02608695652173913
4 0.8344359331476323 0.16576086956521738 0.002437325905292479 0.011956521739130435
4 0.5792130919220055 0.20543478260869566 0.004526462395543176 0.01956521739130435
0 0.9272284122562674 0.15760869565217392 0.003481894150417827 0.010869565217391304
4 0.8537604456824512 0.1641304347826087 0.002785515320334262 0.013043478260869565
4 0.6981197771587744 0.19619565217391305 0.004178272980501393 0.020652173913043477
4 0.8166782729805014 0.17880434782608695 0.0031337047353760445 0.016304347826086956
4 0.38335654596100277 0.2516304347826087 0.005571030640668524 0.029347826086956522
4 0.9451601671309192 0.15869565217391304 0.0031337047353760445 0.013043478260869565
0 0.4611768802228412 0.21304347826086956 0.00383008356545961 0.017391304347826087
4 0.9157381615598886 0.16032608695652173 0.002785515320334262 0.011956521739130435
0 0.3985027855153203 0.22228260869565217 0.00383008356545961 0.01847826086956522
4 0.38091922005571033 0.23804347826086958 0.004874651810584958 0.02391304347826087
0 0.5271587743732591 0.2048913043478261 0.003481894150417827 0.016304347826086956
0 0.8763927576601671 0.16032608695652173 0.0020891364902506965 0.009782608695652175
0 0.7614902506963789 0.17554347826086958 0.003481894150417827 0.01847826086956522
4 0.8260793871866295 0.17608695652173914 0.002437325905292479 0.015217391304347827
4 0.8238161559888579 0.1733695652173913 0.0020891364902506965 0.014130434782608696
4 0.8152855153203342 0.16847826086956522 0.0031337047353760445 0.013043478260869565
4 0.8203342618384402 0.17065217391304346 0.002785515320334262 0.013043478260869565
4 0.8225974930362117 0.16630434782608697 0.002437325905292479 0.013043478260869565
0 0.8323467966573816 0.1625 0.002437325905292479 0.011956521739130435