0 0.15930851063829787 0.38333333333333336 0.006914893617021276 0.020370370370370372
0 0.2047872340425532 0.5087962962962963 0.031914893617021274 0.06944444444444445
0 0.28164893617021275 0.37962962962962965 0.006914893617021276 0.018518518518518517
0 0.3773936170212766 0.45416666666666666 0.017553191489361703 0.04537037037037037
0 0.39920212765957447 0.3731481481481482 0.005851063829787234 0.018518518518518517
0 0.4731382978723404 0.4212962962962963 0.01223404255319149 0.03333333333333333
0 0.4949468085106383 0.3675925925925926 0.005851063829787234 0.016666666666666666
0 0.5720744680851064 0.39861111111111114 0.010106382978723405 0.025
0 0.5885638297872341 0.362962962962963 0.005851063829787234 0.016666666666666666
0 0.6513297872340426 0.38564814814814813 0.009042553191489361 0.023148148148148147
0 0.6577127659574468 0.3625 0.005851063829787234 0.017592592592592594
0 0.7055851063829788 0.3773148148148148 0.007978723404255319 0.021296296296296296
0 0.7247340425531915 0.36666666666666664 0.006914893617021276 0.018518518518518517
0 0.8800531914893617 0.3421296296296296 0.006914893617021276 0.010185185185185186
0 0.785904255319149 0.3453703703703704 0.005851063829787234 0.009259259259259259
0 0.6771276595744681 0.34814814814814815 0.005319148936170213 0.009259259259259259
0 0.48617021276595745 0.3486111111111111 0.005319148936170213 0.008333333333333333
4 0.8976063829787234 0.37037037037037035 0.010106382978723405 0.024074074074074074
4 0.7098404255319148 0.5300925925925926 0.03776595744680851 0.08425925925925926
4 0.673936170212766 0.45601851851851855 0.02127659574468085 0.05092592592592592
4 0.8667553191489362 0.38564814814814813 0.01223404255319149 0.026851851851851852
4 0.7864361702127659 0.40185185185185185 0.013297872340425532 0.03333333333333333
4 0.21409574468085107 0.37083333333333335 0.009042553191489361 0.019444444444444445
4 0.8462765957446808 0.362962962962963 0.010638297872340425 0.020370370370370372
4 0.7856382978723404 0.35833333333333334 0.00851063829787234 0.020370370370370372
4 0.3093085106382979 0.3680555555555556 0.006914893617021276 0.019444444444444445
4 0.5585106382978723 0.35648148148148145 0.006382978723404255 0.016666666666666666
4 0.6335106382978724 0.3541666666666667 0.006382978723404255 0.017592592592592594
4 0.11702127659574468 0.3731481481481482 0.006382978723404255 0.018518518518518517
4 0.4095744680851064 0.36435185185185187 0.006382978723404255 0.017592592592592594
4 0.4925531914893617 0.3587962962962963 0.005319148936170213 0.01574074074074074
4 0.6904255319148936 0.42407407407407405 0.015957446808510637 0.037037037037037035
4 0.7148936170212766 0.3541666666666667 0.006382978723404255 0.017592592592592594
2 0.1175531914893617 0.3680555555555556 0.015957446808510637 0.01574074074074074
1 0.09468085106382979 0.41759259259259257 0.02553191489361702 0.024074074074074074
1 0.8952127659574468 0.6754629629629629 0.059574468085106386 0.2712962962962963