0 0.32872340425531915 0.5180555555555556 0.03297872340425532 0.075
0 0.4752659574468085 0.4671296296296296 0.02074468085106383 0.05277777777777778
0 0.5808510638297872 0.4361111111111111 0.01702127659574468 0.040740740740740744
0 0.6912234042553191 0.4203703703703704 0.013297872340425532 0.03518518518518519
0 0.773936170212766 0.4097222222222222 0.010638297872340425 0.030555555555555555
0 0.7875 0.3976851851851852 0.010106382978723405 0.025
0 0.8529255319148936 0.39305555555555555 0.009042553191489361 0.023148148148148147
0 0.9106382978723404 0.38657407407407407 0.00851063829787234 0.021296296296296296
0 0.9119680851063829 0.3712962962962963 0.0047872340425531915 0.012962962962962963
0 0.9063829787234042 0.3675925925925926 0.005319148936170213 0.012962962962962963
0 0.9236702127659574 0.3648148148148148 0.0026595744680851063 0.011111111111111112
4 0.4922872340425532 0.3819444444444444 0.01223404255319149 0.032407407407407406