0 0.7987465181058496 0.3532608695652174 0.009052924791086351 0.034782608695652174
4 0.6277855153203342 0.3652173913043478 0.016016713091922007 0.05434782608695652
0 0.36559888579387184 0.33206521739130435 0.01532033426183844 0.057608695652173914
0 0.6579038997214485 0.33315217391304347 0.008704735376044569 0.03804347826086957
4 0.5355153203342619 0.3815217391304348 0.0201949860724234 0.06956521739130435
0 0.5165389972144847 0.3239130434782609 0.010793871866295265 0.043478260869565216
4 0.8530640668523677 0.3842391304347826 0.011142061281337047 0.04456521739130435
0 0.19115598885793872 0.3815217391304348 0.02576601671309192 0.09130434782608696
4 0.7348537604456824 0.36793478260869567 0.01149025069637883 0.04673913043478261
4 0.47231894150417825 0.4429347826086957 0.027506963788300837 0.09891304347826087
4 0.503133704735376 0.6456521739130435 0.04944289693593315 0.18695652173913044