0 0.5773936170212766 0.387037037037037 0.007978723404255319 0.018518518518518517
0 0.4609042553191489 0.4398148148148148 0.015425531914893617 0.040740740740740744
0 0.5061170212765957 0.3787037037037037 0.006914893617021276 0.016666666666666666
0 0.1023936170212766 0.37592592592592594 0.007978723404255319 0.018518518518518517
0 0.6039893617021277 0.41203703703703703 0.011170212765957447 0.02962962962962963
0 0.6178191489361702 0.3976851851851852 0.007978723404255319 0.023148148148148147
0 0.4194148936170213 0.375 0.007978723404255319 0.014814814814814815
0 0.32420212765957446 0.37222222222222223 0.006914893617021276 0.016666666666666666
4 0.15212765957446808 0.4393518518518518 0.015957446808510637 0.03981481481481482
4 0.49388297872340425 0.3958333333333333 0.009042553191489361 0.023148148148148147
4 0.3414893617021277 0.4222222222222222 0.014893617021276596 0.03333333333333333
4 0.8242021276595745 0.6754629629629629 0.07819148936170213 0.1527777777777778
4 0.12234042553191489 0.3800925925925926 0.00851063829787234 0.019444444444444445
4 0.2170212765957447 0.3768518518518518 0.007446808510638298 0.018518518518518517
4 0.3021276595744681 0.3773148148148148 0.007446808510638298 0.017592592592592594
4 0.3718085106382979 0.3787037037037037 0.00851063829787234 0.018518518518518517
4 0.43696808510638296 0.38287037037037036 0.007978723404255319 0.017592592592592594
4 0.48058510638297874 0.38842592592592595 0.009042553191489361 0.021296296296296296
4 0.41914893617021276 0.48703703703703705 0.02127659574468085 0.06296296296296296
4 0.4625 0.4064814814814815 0.01223404255319149 0.027777777777777776
2 0.7702127659574468 0.48703703703703705 0.029787234042553193 0.06481481481481481
2 0.6944148936170212 0.43842592592592594 0.018617021276595744 0.03981481481481482
1 0.9172872340425532 0.36574074074074076 0.011170212765957447 0.027777777777777776
1 0.8452127659574468 0.36944444444444446 0.007446808510638298 0.027777777777777776