0 0.833391364902507 0.39891304347826084 0.02681058495821727 0.09782608695652174
0 0.4672701949860724 0.6293478260869565 0.055710306406685235 0.2
0 0.3854456824512535 0.24565217391304348 0.002785515320334262 0.013043478260869565
4 0.40059192200557103 0.2326086956521739 0.0017409470752089136 0.008695652173913044
0 0.4946030640668524 0.22065217391304348 0.002437325905292479 0.010869565217391304
4 0.5383008356545961 0.23315217391304346 0.003481894150417827 0.014130434782608696
4 0.37813370473537605 0.23206521739130434 0.0020891364902506965 0.007608695652173913
4 0.9427228412256268 0.1733695652173913 0.0031337047353760445 0.014130434782608696
4 0.5797353760445683 0.22445652173913044 0.002785515320334262 0.014130434782608696
4 0.4662256267409471 0.2217391304347826 0.0020891364902506965 0.010869565217391304
4 0.47214484679665736 0.2407608695652174 0.004178272980501393 0.016304347826086956
4 0.5062674094707521 0.21739130434782608 0.0020891364902506965 0.008695652173913044
0 0.5555362116991643 0.2125 0.002437325905292479 0.009782608695652175
4 0.48659470752089135 0.22010869565217392 0.002437325905292479 0.009782608695652175
4 0.4650069637883008 0.23695652173913043 0.00383008356545961 0.015217391304347827
4 0.3971100278551532 0.2559782608695652 0.00383008356545961 0.016304347826086956
4 0.8880571030640668 0.18478260869565216 0.0031337047353760445 0.015217391304347827
0 0.5581476323119777 0.22228260869565217 0.0020891364902506965 0.011956521739130435
4 0.8767409470752089 0.16956521739130434 0.0020891364902506965 0.010869565217391304
4 0.4415041782729805 0.22282608695652173 0.0020891364902506965 0.008695652173913044
4 0.5188022284122563 0.21467391304347827 0.0020891364902506965 0.009782608695652175
4 0.5092270194986073 0.2298913043478261 0.0031337047353760445 0.014130434782608696
4 0.8581128133704735 0.1793478260869565 0.002437325905292479 0.010869565217391304
4 0.5825208913649025 0.20434782608695654 0.0020891364902506965 0.006521739130434782
4 0.42479108635097496 0.24347826086956523 0.002785515320334262 0.013043478260869565
4 0.9082520891364902 0.16141304347826088 0.0017409470752089136 0.007608695652173913
0 0.5235027855153204 0.21793478260869564 0.002437325905292479 0.011956521739130435
0 0.8499303621169917 0.17771739130434783 0.0020891364902506965 0.011956521739130435
4 0.47040389972144847 0.21630434782608696 0.0020891364902506965 0.006521739130434782
4 0.9028551532033426 0.1625 0.0020891364902506965 0.007608695652173913
4 0.38875348189415043 0.24728260869565216 0.0031337047353760445 0.014130434782608696
4 0.5522284122562674 0.2076086956521739 0.0020891364902506965 0.010869565217391304
4 0.5381267409470752 0.21141304347826087 0.0017409470752089136 0.007608695652173913
0 0.46030640668523676 0.22391304347826088 0.0020891364902506965 0.008695652173913044
4 0.9145194986072424 0.1673913043478261 0.002437325905292479 0.008695652173913044
0 0.8539345403899722 0.17554347826086958 0.002437325905292479 0.009782608695652175
4 0.40285515320334264 0.22880434782608697 0.001392757660167131 0.007608695652173913
0 0.4047701949860724 0.23478260869565218 0.0017409470752089136 0.008695652173913044
0 0.5778203342618384 0.20869565217391303 0.0017409470752089136 0.008695652173913044
0 0.4352367688022284 0.22717391304347825 0.0020891364902506965 0.008695652173913044
0 0.942374651810585 0.15815217391304348 0.0031337047353760445 0.009782608695652175
2 0.3991991643454039 0.24456521739130435 0.002437325905292479 0.010869565217391304
0 0.46674791086350975 0.2326086956521739 0.0031337047353760445 0.013043478260869565
0 0.916608635097493 0.16141304347826088 0.002437325905292479 0.007608695652173913
4 0.8943245125348189 0.16684782608695653 0.002437325905292479 0.014130434782608696
2 0.3946727019498607 0.23315217391304346 0.0017409470752089136 0.007608695652173913
4 0.950383008356546 0.15815217391304348 0.0017409470752089136 0.011956521739130435
4 0.8904944289693594 0.17228260869565218 0.002437325905292479 0.011956521739130435
4 0.5715529247910863 0.19891304347826086 0.002437325905292479 0.008695652173913044
4 0.536908077994429 0.2048913043478261 0.0020891364902506965 0.007608695652173913
2 0.5440459610027855 0.21956521739130436 0.002437325905292479 0.013043478260869565
0 0.5423050139275766 0.21521739130434783 0.0031337047353760445 0.013043478260869565
0 0.5113161559888579 0.2266304347826087 0.0031337047353760445 0.014130434782608696
4 0.4373259052924791 0.2217391304347826 0.0020891364902506965 0.008695652173913044
0 0.4253133704735376 0.23967391304347826 0.002437325905292479 0.014130434782608696
4 0.9092966573816156 0.1608695652173913 0.0017409470752089136 0.008695652173913044