0 0.22021276595744682 0.6027777777777777 0.05531914893617021 0.10740740740740741
0 0.36781914893617024 0.45092592592592595 0.018617021276595744 0.04259259259259259
0 0.39441489361702126 0.4217592592592593 0.013297872340425532 0.03425925925925926
0 0.4117021276595745 0.40925925925925927 0.010638297872340425 0.02962962962962963
0 0.8502659574468086 0.4009259259259259 0.010106382978723405 0.024074074074074074
0 0.4242021276595745 0.39814814814814814 0.009042553191489361 0.024074074074074074
0 0.43377659574468086 0.38935185185185184 0.007978723404255319 0.019444444444444445
0 0.4808510638297872 0.3861111111111111 0.00851063829787234 0.018518518518518517
0 0.5460106382978723 0.38657407407407407 0.005851063829787234 0.017592592592592594
4 0.7170212765957447 0.399537037037037 0.010638297872340425 0.023148148148148147
4 0.9170212765957447 0.4134259259259259 0.014893617021276596 0.032407407407407406
4 0.8236702127659574 0.6106481481481482 0.0601063829787234 0.11944444444444445
4 0.6239361702127659 0.45555555555555555 0.022340425531914895 0.053703703703703705
4 0.5438829787234043 0.39675925925925926 0.010106382978723405 0.026851851851851852
4 0.7890957446808511 0.40694444444444444 0.01223404255319149 0.028703703703703703
4 0.6497340425531914 0.3962962962962963 0.009042553191489361 0.022222222222222223
4 0.6023936170212766 0.39305555555555555 0.009042553191489361 0.021296296296296296
4 0.5837765957446809 0.42453703703703705 0.017553191489361703 0.03611111111111111
4 0.5667553191489362 0.4083333333333333 0.01223404255319149 0.03148148148148148
4 0.5611702127659575 0.3921296296296296 0.009574468085106383 0.019444444444444445
2 0.3523936170212766 0.37175925925925923 0.005851063829787234 0.01574074074074074
2 0.6098404255319149 0.37546296296296294 0.003723404255319149 0.008333333333333333
2 0.49122340425531913 0.37777777777777777 0.005851063829787234 0.007407407407407408
2 0.8295212765957447 0.37824074074074077 0.005851063829787234 0.008333333333333333
2 0.7563829787234042 0.375 0.00851063829787234 0.011111111111111112
2 0.6938829787234042 0.37453703703703706 0.0047872340425531915 0.006481481481481481