0 0.12207446808510639 0.6523148148148148 0.06968085106382979 0.13425925925925927
0 0.16781914893617023 0.4930555555555556 0.028191489361702127 0.06388888888888888
0 0.1550531914893617 0.462037037037037 0.023936170212765957 0.046296296296296294
0 0.20319148936170212 0.42824074074074076 0.01702127659574468 0.03611111111111111
0 0.28404255319148936 0.4041666666666667 0.013829787234042552 0.023148148148148147
0 0.38138297872340426 0.3912037037037037 0.00851063829787234 0.019444444444444445
0 0.373936170212766 0.3712962962962963 0.007446808510638298 0.016666666666666666
0 0.49175531914893617 0.38333333333333336 0.007978723404255319 0.016666666666666666
0 0.5372340425531915 0.3625 0.007446808510638298 0.017592592592592594
0 0.6018617021276595 0.3787037037037037 0.007978723404255319 0.020370370370370372
0 0.6885638297872341 0.37592592592592594 0.009042553191489361 0.018518518518518517
0 0.7968085106382978 0.3819444444444444 0.010638297872340425 0.023148148148148147
0 0.6226063829787234 0.3527777777777778 0.006914893617021276 0.016666666666666666
4 0.4276595744680851 0.41898148148148145 0.015957446808510637 0.03425925925925926
4 0.4521276595744681 0.4078703703703704 0.013829787234042552 0.030555555555555555
4 0.4997340425531915 0.4324074074074074 0.02074468085106383 0.040740740740740744
4 0.651595744680851 0.4648148148148148 0.02553191489361702 0.05740740740740741
4 0.5382978723404256 0.3990740740740741 0.011702127659574468 0.025925925925925925
4 0.6223404255319149 0.39675925925925926 0.011702127659574468 0.026851851851851852
4 0.6909574468085107 0.39814814814814814 0.011702127659574468 0.02962962962962963
4 0.8093085106382979 0.41944444444444445 0.017553191489361703 0.03888888888888889
4 0.6292553191489362 0.35694444444444445 0.00425531914893617 0.010185185185185186
4 0.6343085106382979 0.35694444444444445 0.0047872340425531915 0.010185185185185186
4 0.6404255319148936 0.3574074074074074 0.005319148936170213 0.011111111111111112
4 0.6465425531914893 0.35694444444444445 0.0047872340425531915 0.012037037037037037
4 0.6531914893617021 0.3578703703703704 0.00425531914893617 0.010185185185185186
4 0.6606382978723404 0.3574074074074074 0.005319148936170213 0.012962962962962963
4 0.6691489361702128 0.3587962962962963 0.005319148936170213 0.012037037037037037