0 0.18590425531914895 0.5231481481481481 0.04202127659574468 0.07962962962962963
0 0.3829787234042553 0.44212962962962965 0.02021276595744681 0.04537037037037037
0 0.5170212765957447 0.40925925925925927 0.013829787234042552 0.03333333333333333
0 0.5917553191489362 0.3888888888888889 0.011170212765957447 0.025925925925925925
0 0.6404255319148936 0.375 0.00851063829787234 0.022222222222222223
0 0.6481382978723405 0.3680555555555556 0.006914893617021276 0.017592592592592594
0 0.6566489361702128 0.36944444444444446 0.007978723404255319 0.020370370370370372
0 0.6183510638297872 0.36666666666666664 0.005851063829787234 0.016666666666666666
0 0.5898936170212766 0.362962962962963 0.007446808510638298 0.016666666666666666
0 0.5255319148936171 0.3587962962962963 0.005319148936170213 0.013888888888888888
0 0.48058510638297874 0.3578703703703704 0.005851063829787234 0.013888888888888888
0 0.4207446808510638 0.3574074074074074 0.006382978723404255 0.014814814814814815
0 0.36409574468085104 0.35555555555555557 0.005851063829787234 0.012962962962962963
0 0.07845744680851063 0.35555555555555557 0.007978723404255319 0.018518518518518517
4 0.8422872340425532 0.5643518518518519 0.04946808510638298 0.10277777777777777
4 0.7292553191489362 0.45787037037037037 0.022340425531914895 0.05277777777777778
4 0.7319148936170212 0.4148148148148148 0.015957446808510637 0.03888888888888889
4 0.7627659574468085 0.36944444444444446 0.007446808510638298 0.018518518518518517
4 0.8026595744680851 0.3736111111111111 0.00851063829787234 0.023148148148148147
4 0.8026595744680851 0.3972222222222222 0.013829787234042552 0.027777777777777776
4 0.8117021276595745 0.3800925925925926 0.010638297872340425 0.023148148148148147
4 0.6986702127659574 0.362962962962963 0.006914893617021276 0.016666666666666666
4 0.635904255319149 0.35833333333333334 0.005851063829787234 0.014814814814814815
4 0.5095744680851064 0.35324074074074074 0.005319148936170213 0.013888888888888888
4 0.5694148936170212 0.35509259259259257 0.0047872340425531915 0.013888888888888888
4 0.42898936170212765 0.35324074074074074 0.005851063829787234 0.012037037037037037
2 0.09920212765957447 0.37592592592592594 0.025 0.024074074074074074
2 0.9125 0.44814814814814813 0.025 0.04814814814814815
2 0.8992021276595744 0.3768518518518518 0.013297872340425532 0.018518518518518517
2 0.9085106382978724 0.37222222222222223 0.013829787234042552 0.018518518518518517
2 0.46622340425531916 0.3638888888888889 0.015425531914893617 0.014814814814814815