0 0.41469359331476324 0.5960051546391752 0.037604456824512536 0.05627147766323024
0 0.6338788300835655 0.5440292096219931 0.02193593314763231 0.019329896907216496
0 0.5959261838440112 0.5146048109965635 0.0100974930362117 0.01718213058419244
0 0.8370473537604457 0.5740979381443299 0.02924791086350975 0.03565292096219931
0 0.8386142061281338 0.5279209621993127 0.01149025069637883 0.01718213058419244
4 0.7024721448467967 0.729381443298969 0.08112813370473537 0.11426116838487972
4 0.6136838440111421 0.5695876288659794 0.022632311977715876 0.0352233676975945
4 0.4754526462395543 0.5326460481099656 0.017061281337047353 0.028350515463917526
4 0.7733286908077994 0.6039518900343642 0.04387186629526462 0.037800687285223365
4 0.7022980501392758 0.5274914089347079 0.013231197771587743 0.018900343642611683
4 0.8452298050139275 0.5509020618556701 0.014275766016713091 0.02620274914089347