4 0.32103064066852366 0.4989130434782609 0.03203342618384401 0.11521739130434783
0 0.05762534818941504 0.2407608695652174 0.006615598885793872 0.025
0 0.7989206128133705 0.3875 0.005919220055710306 0.025
0 0.7895194986072424 0.3815217391304348 0.005222841225626741 0.021739130434782608
4 0.8039693593314763 0.4141304347826087 0.009749303621169917 0.03695652173913044
1 0.26915041782729804 0.4032608695652174 0.029944289693593314 0.13695652173913042
4 0.20665041782729804 0.35108695652173916 0.01288300835654596 0.05434782608695652
4 0.7204038997214485 0.3804347826086957 0.006963788300835654 0.02826086956521739
0 0.07747214484679665 0.23423913043478262 0.005222841225626741 0.02282608695652174
4 0.17217966573816157 0.2896739130434783 0.008008356545961003 0.035869565217391305
4 0.1671309192200557 0.27065217391304347 0.006267409470752089 0.02826086956521739
0 0.8523676880222841 0.4081521739130435 0.006963788300835654 0.029347826086956522
0 0.7519150417827298 0.3635869565217391 0.00383008356545961 0.020652173913043477
4 0.6807103064066853 0.35 0.004874651810584958 0.01956521739130435
0 0.09592618384401114 0.22119565217391304 0.0031337047353760445 0.016304347826086956
0 0.1693941504178273 0.225 0.002437325905292479 0.013043478260869565
0 0.4127785515320334 0.2722826086956522 0.002437325905292479 0.011956521739130435
4 0.4613509749303621 0.2896739130434783 0.002785515320334262 0.014130434782608696
1 0.23885793871866295 0.3782608695652174 0.016713091922005572 0.11739130434782609
4 0.5252437325905293 0.30434782608695654 0.0031337047353760445 0.015217391304347827
0 0.1307451253481894 0.22119565217391304 0.0031337047353760445 0.014130434782608696
4 0.5861768802228412 0.3190217391304348 0.00383008356545961 0.016304347826086956
0 0.08965877437325906 0.22880434782608697 0.004526462395543176 0.01847826086956522
4 0.17792479108635098 0.23695652173913043 0.003481894150417827 0.015217391304347827
0 0.7012534818941504 0.3456521739130435 0.004178272980501393 0.017391304347826087
4 0.40424791086350975 0.27445652173913043 0.002785515320334262 0.014130434782608696
0 0.32886490250696376 0.25380434782608696 0.002437325905292479 0.011956521739130435
0 0.8941504178272981 0.3456521739130435 0.0020891364902506965 0.010869565217391304
4 0.1854108635097493 0.31521739130434784 0.0100974930362117 0.041304347826086954
0 0.5969707520891365 0.3179347826086957 0.0031337047353760445 0.014130434782608696
0 0.915041782729805 0.3423913043478261 0.0020891364902506965 0.008695652173913044
4 0.5355153203342619 0.7342391304347826 0.0584958217270195 0.21630434782608696
4 0.24860724233983286 0.41358695652173916 0.020891364902506964 0.07934782608695652
4 0.22075208913649025 0.23858695652173914 0.002785515320334262 0.014130434782608696
4 0.28133704735376047 0.24782608695652175 0.002785515320334262 0.013043478260869565
0 0.11420612813370473 0.2190217391304348 0.002785515320334262 0.014130434782608696
0 0.8917130919220055 0.33695652173913043 0.0020891364902506965 0.008695652173913044
4 0.950208913649025 0.35054347826086957 0.001392757660167131 0.009782608695652175
4 0.16103760445682452 0.24945652173913044 0.00383008356545961 0.020652173913043477
0 0.6418871866295265 0.3282608695652174 0.002437325905292479 0.015217391304347827
0 0.9341922005571031 0.35597826086956524 0.003481894150417827 0.014130434782608696
0 0.3696030640668524 0.26304347826086955 0.002437325905292479 0.010869565217391304
4 0.34348885793871864 0.2608695652173913 0.0031337047353760445 0.013043478260869565
0 0.5024373259052924 0.2940217391304348 0.002785515320334262 0.014130434782608696
0 0.5480501392757661 0.3065217391304348 0.002785515320334262 0.013043478260869565
0 0.45386490250696376 0.2826086956521739 0.002437325905292479 0.013043478260869565
0 0.8779596100278552 0.33967391304347827 0.0017409470752089136 0.009782608695652175
4 0.6915041782729805 0.36086956521739133 0.004874651810584958 0.021739130434782608
0 0.23050139275766016 0.2358695652173913 0.002785515320334262 0.013043478260869565
0 0.2891713091922006 0.2467391304347826 0.002437325905292479 0.013043478260869565
4 0.1633008356545961 0.2576086956521739 0.004874651810584958 0.021739130434782608
0 0.8769150417827298 0.3353260869565217 0.0010445682451253482 0.007608695652173913
4 0.6439763231197771 0.33641304347826084 0.00383008356545961 0.01847826086956522
4 0.16364902506963788 0.24347826086956523 0.002785515320334262 0.01956521739130435