0 0.37395543175487467 0.5685137457044673 0.023676880222841225 0.037371134020618556
0 0.280466573816156 0.5341494845360825 0.017757660167130918 0.024484536082474227
0 0.2891713091922006 0.5199742268041238 0.01149025069637883 0.01761168384879725
0 0.37395543175487467 0.5139604810996563 0.009052924791086351 0.014175257731958763
0 0.46030640668523676 0.5124570446735395 0.008356545961002786 0.01288659793814433
0 0.5379526462395543 0.5150343642611683 0.00766016713091922 0.01288659793814433
0 0.6129874651810585 0.5184707903780069 0.008704735376044569 0.013745704467353952
0 0.7085654596100278 0.5231958762886598 0.009052924791086351 0.015463917525773196
0 0.8006615598885793 0.6479810996563574 0.05188022284122563 0.06915807560137457
4 0.20508356545961004 0.6209192439862543 0.04317548746518106 0.06142611683848797
4 0.530466573816156 0.5506872852233677 0.01915041782729805 0.030927835051546393
4 0.8116295264623955 0.5496134020618557 0.018802228412256268 0.02534364261168385
2 0.3551532033426184 0.6761168384879725 0.059192200557103065 0.08676975945017182
2 0.530466573816156 0.563573883161512 0.023328690807799445 0.03436426116838488
2 0.6404944289693594 0.5461769759450171 0.017757660167130918 0.02534364261168385