0 0.3889275766016713 0.6110395189003437 0.04108635097493036 0.058848797250859106
0 0.43941504178272983 0.511168384879725 0.008356545961002786 0.013745704467353952
0 0.5816504178272981 0.5008591065292096 0.005222841225626741 0.009450171821305841
0 0.583391364902507 0.5062285223367697 0.006615598885793872 0.010738831615120275
0 0.5999303621169917 0.49699312714776633 0.004874651810584958 0.00859106529209622
0 0.6300487465181058 0.4954896907216495 0.004526462395543176 0.007302405498281787
0 0.6333565459610028 0.5088058419243986 0.00766016713091922 0.01331615120274914
0 0.604282729805014 0.5622852233676976 0.02541782729805014 0.03608247422680412
0 0.7745473537604457 0.5541237113402062 0.022632311977715876 0.03178694158075601
0 0.7386838440111421 0.5257731958762887 0.01288300835654596 0.020618556701030927
0 0.7473885793871866 0.506872852233677 0.007311977715877437 0.012027491408934709
0 0.9404596100278552 0.5352233676975945 0.0201949860724234 0.02491408934707904
0 0.9308844011142061 0.5225515463917526 0.014275766016713091 0.018470790378006873
0 0.9409818941504178 0.5088058419243986 0.009401114206128134 0.01331615120274914
0 0.8401810584958217 0.4993556701030928 0.005571030640668524 0.00902061855670103
0 0.8071030640668524 0.49699312714776633 0.004874651810584958 0.00859106529209622
0 0.7766364902506964 0.4961340206185567 0.004526462395543176 0.007731958762886598
0 0.7379874651810585 0.4946305841924399 0.00383008356545961 0.007302405498281787
0 0.6885445682451253 0.4948453608247423 0.004526462395543176 0.006872852233676976
0 0.6852367688022284 0.5169673539518901 0.010445682451253482 0.01675257731958763
0 0.5524025069637883 0.5223367697594502 0.012186629526462395 0.018900343642611683
0 0.5060933147632312 0.5468213058419243 0.01915041782729805 0.03006872852233677
4 0.41051532033426186 0.5758161512027491 0.031337047353760444 0.04252577319587629
4 0.443941504178273 0.5060137457044673 0.00766016713091922 0.012027491408934709
4 0.5229805013927576 0.502147766323024 0.006267409470752089 0.010309278350515464
4 0.6415389972144847 0.5 0.006615598885793872 0.010309278350515464
4 0.6512883008356546 0.5103092783505154 0.008704735376044569 0.013745704467353952
4 0.7541782729805014 0.5038659793814433 0.008356545961002786 0.011168384879725086
4 0.8932799442896936 0.5107388316151202 0.010793871866295265 0.015463917525773196
4 0.8474930362116991 0.5070876288659794 0.009052924791086351 0.01245704467353952
4 0.5194986072423399 0.5304982817869416 0.013927576601671309 0.023195876288659795
4 0.5020891364902507 0.5987972508591065 0.035515320334261836 0.05240549828178694
2 0.39798050139275765 0.5433848797250859 0.018802228412256268 0.027491408934707903
2 0.40268105849582175 0.520618556701031 0.01149025069637883 0.01718213058419244
2 0.5001740947075209 0.511168384879725 0.008704735376044569 0.013745704467353952
2 0.5233286908077994 0.5040807560137457 0.006963788300835654 0.010738831615120275
2 0.6215181058495822 0.501073883161512 0.006267409470752089 0.009879725085910653
2 0.6453690807799443 0.5289948453608248 0.014275766016713091 0.02104810996563574
2 0.7538300835654597 0.6645189003436426 0.057103064066852366 0.08247422680412371
2 0.8018802228412256 0.5936426116838488 0.035515320334261836 0.04896907216494845
2 0.7693245125348189 0.5468213058419243 0.018454038997214484 0.029209621993127148
2 0.7538300835654597 0.5171821305841925 0.011838440111420613 0.01718213058419244
2 0.7226671309192201 0.5103092783505154 0.009401114206128134 0.014604810996563574
2 0.6946378830083565 0.501073883161512 0.006963788300835654 0.009879725085910653