0 0.175 0.6314814814814815 0.05638297872340425 0.12407407407407407
0 0.2675531914893617 0.4949074074074074 0.02446808510638298 0.06018518518518518
0 0.22074468085106383 0.4625 0.02021276595744681 0.04722222222222222
0 0.1946808510638298 0.4388888888888889 0.01276595744680851 0.03333333333333333
0 0.1925531914893617 0.42407407407407405 0.009574468085106383 0.025925925925925925
0 0.22579787234042553 0.4125 0.009042553191489361 0.023148148148148147
0 0.2779255319148936 0.39814814814814814 0.005851063829787234 0.016666666666666666
0 0.30877659574468086 0.3902777777777778 0.005851063829787234 0.017592592592592594
0 0.3295212765957447 0.38472222222222224 0.0047872340425531915 0.012037037037037037
0 0.33882978723404256 0.3824074074074074 0.00425531914893617 0.011111111111111112
0 0.9223404255319149 0.4041666666666667 0.005319148936170213 0.021296296296296296
0 0.8808510638297873 0.39444444444444443 0.005319148936170213 0.016666666666666666
0 0.8566489361702128 0.3925925925925926 0.0047872340425531915 0.012962962962962963
0 0.7332446808510639 0.3875 0.003723404255319149 0.012037037037037037
4 0.863563829787234 0.6171296296296296 0.061170212765957445 0.1175925925925926
4 0.6404255319148936 0.5064814814814815 0.02872340425531915 0.06481481481481481
4 0.5023936170212766 0.45787037037037037 0.017553191489361703 0.041666666666666664
4 0.39813829787234045 0.43703703703703706 0.014361702127659574 0.03518518518518519
4 0.36356382978723406 0.42314814814814816 0.011170212765957447 0.02962962962962963
4 0.34414893617021275 0.41064814814814815 0.00851063829787234 0.023148148148148147
4 0.3694148936170213 0.3972222222222222 0.006914893617021276 0.018518518518518517
4 0.38377659574468087 0.38981481481481484 0.006914893617021276 0.016666666666666666
4 0.8853723404255319 0.44074074074074077 0.015425531914893617 0.037037037037037035
4 0.8247340425531915 0.4222222222222222 0.011170212765957447 0.02962962962962963
4 0.8095744680851064 0.4111111111111111 0.009574468085106383 0.024074074074074074
4 0.7978723404255319 0.40370370370370373 0.00851063829787234 0.022222222222222223
4 0.7819148936170213 0.39814814814814814 0.007446808510638298 0.020370370370370372
4 0.7582446808510638 0.38981481481481484 0.0047872340425531915 0.014814814814814815
4 0.7252659574468086 0.38842592592592595 0.0047872340425531915 0.013888888888888888
4 0.6941489361702128 0.387037037037037 0.005319148936170213 0.012962962962962963
4 0.3928191489361702 0.38472222222222224 0.0047872340425531915 0.013888888888888888