0 0.17461699164345404 0.5562714776632303 0.014972144846796657 0.022336769759450172
0 0.328516713091922 0.5798969072164949 0.023328690807799445 0.0352233676975945
0 0.40616295264623953 0.5354381443298969 0.0100974930362117 0.015893470790378006
0 0.40790389972144847 0.5262027491408935 0.008008356545961003 0.012027491408934709
0 0.4334958217270195 0.5191151202749141 0.006267409470752089 0.009879725085910653
0 0.471100278551532 0.5146048109965635 0.004874651810584958 0.00859106529209622
0 0.47493036211699163 0.538659793814433 0.011838440111420613 0.018900343642611683
0 0.5574512534818942 0.5532646048109966 0.017409470752089137 0.02663230240549828
0 0.5386490250696379 0.5113831615120275 0.005571030640668524 0.00816151202749141
0 0.5954038997214485 0.509020618556701 0.004874651810584958 0.00859106529209622
0 0.6267409470752089 0.5268470790378007 0.009052924791086351 0.015893470790378006
0 0.6397980501392758 0.5088058419243986 0.005222841225626741 0.00816151202749141
0 0.6756615598885793 0.5092353951890034 0.005919220055710306 0.009879725085910653
0 0.716399721448468 0.5103092783505154 0.007311977715877437 0.011168384879725086
0 0.8598537604456824 0.5186855670103093 0.01288300835654596 0.01675257731958763
0 0.921483286908078 0.5446735395189003 0.022632311977715876 0.028350515463917526
0 0.9284470752089137 0.7381872852233677 0.044916434540389974 0.12242268041237113
0 0.6673050139275766 0.5747422680412371 0.026114206128133706 0.03951890034364261
4 0.22823816155988857 0.6185567010309279 0.03168523676880223 0.05240549828178694
4 0.20456128133704735 0.5435996563573883 0.010793871866295265 0.01675257731958763
4 0.3286908077994429 0.5313573883161512 0.00766016713091922 0.013745704467353952
4 0.5017409470752089 0.5399484536082474 0.012534818941504178 0.019759450171821305
4 0.4857242339832869 0.5219072164948454 0.008356545961002786 0.01288659793814433
4 0.6276114206128134 0.5210481099656358 0.009401114206128134 0.014604810996563574
4 0.7501740947075209 0.5212628865979382 0.01149025069637883 0.01675257731958763
4 0.8184192200557103 0.5244845360824743 0.014275766016713091 0.018900343642611683
2 0.2721100278551532 0.5519759450171822 0.01288300835654596 0.02147766323024055
2 0.32503481894150416 0.5345790378006873 0.008704735376044569 0.014175257731958763
2 0.4592618384401114 0.5246993127147767 0.008356545961002786 0.01245704467353952
2 0.49947771587743733 0.594286941580756 0.03238161559888579 0.04338487972508591
2 0.5518802228412256 0.520618556701031 0.00766016713091922 0.01288659793814433
2 0.6021935933147632 0.5347938144329897 0.01288300835654596 0.020618556701030927
2 0.8549791086350975 0.6748281786941581 0.06232590529247911 0.08934707903780069
2 0.6629526462395543 0.5491838487972509 0.02158774373259053 0.027920962199312716
2 0.057103064066852366 0.5878436426116839 0.016713091922005572 0.03307560137457045