0 0.28342618384401114 0.6776202749140894 0.06406685236768803 0.09579037800687286
0 0.17409470752089137 0.4995704467353952 0.009052924791086351 0.01632302405498282
0 0.20490947075208912 0.484106529209622 0.006615598885793872 0.011168384879725086
0 0.225974930362117 0.49054982817869414 0.008356545961002786 0.013745704467353952
4 0.116991643454039 0.5395189003436426 0.025069637883008356 0.03264604810996564
4 0.1913300835654596 0.5199742268041238 0.01915041782729805 0.024484536082474227
4 0.264449860724234 0.5062285223367697 0.01288300835654596 0.019329896907216496
2 0.6934192200557103 0.5637886597938144 0.03168523676880223 0.04338487972508591
2 0.5579735376044568 0.6396048109965635 0.05327298050139276 0.07474226804123711
2 0.17078690807799443 0.5786082474226805 0.03795264623955432 0.04896907216494845
2 0.2764623955431755 0.4965635738831615 0.009749303621169917 0.015463917525773196
2 0.30762534818941506 0.5231958762886598 0.014275766016713091 0.023195876288659795