0 0.8213788300835655 0.27880434782608693 0.013231197771587743 0.05326086956521739
0 0.7599233983286908 0.3657608695652174 0.024721448467966575 0.08804347826086957
0 0.8626392757660167 0.21956521739130436 0.007311977715877437 0.030434782608695653
0 0.8474930362116991 0.2407608695652174 0.009749303621169917 0.03804347826086957
0 0.483983286908078 0.7353260869565217 0.07033426183844012 0.22282608695652173
0 0.8715181058495822 0.20652173913043478 0.006267409470752089 0.02391304347826087
0 0.8774373259052924 0.19728260869565217 0.005571030640668524 0.020652173913043477
1 0.8826601671309192 0.18532608695652175 0.005571030640668524 0.029347826086956522
2 0.9498607242339833 0.18043478260869567 0.002785515320334262 0.017391304347826087
4 0.7987465181058496 0.1923913043478261 0.002785515320334262 0.015217391304347827
2 0.8866643454038997 0.18532608695652175 0.00383008356545961 0.016304347826086956
2 0.8891016713091922 0.18097826086956523 0.00383008356545961 0.014130434782608696
2 0.945508356545961 0.17717391304347826 0.0031337047353760445 0.015217391304347827
2 0.9428969359331476 0.17228260869565218 0.002785515320334262 0.014130434782608696