0 0.11786211699164345 0.5085910652920962 0.014275766016713091 0.020618556701030927
0 0.2397284122562674 0.5077319587628866 0.01149025069637883 0.018900343642611683
0 0.37029944289693595 0.5077319587628866 0.010793871866295265 0.01804123711340206
0 0.49512534818941506 0.7403350515463918 0.08495821727019498 0.12843642611683848
0 0.7289345403899722 0.5118127147766323 0.008704735376044569 0.01675257731958763
0 0.8071030640668524 0.5393041237113402 0.018802228412256268 0.027920962199312716
0 0.8699512534818942 0.5105240549828178 0.01149025069637883 0.015034364261168385
4 0.466399721448468 0.5861254295532646 0.03934540389972145 0.05713058419243986
4 0.6194289693593314 0.5343642611683849 0.0201949860724234 0.028350515463917526
4 0.7345055710306406 0.5197594501718213 0.01288300835654596 0.020618556701030927
4 0.8187674094707521 0.5180412371134021 0.012186629526462395 0.018900343642611683
2 0.4956476323119777 0.5506872852233677 0.02681058495821727 0.03436426116838488
2 0.5967966573816156 0.6144759450171822 0.04874651810584958 0.0665807560137457