0 0.488031914893617 0.5550925925925926 0.04308510638297872 0.09351851851851851
0 0.674468085106383 0.48055555555555557 0.026595744680851064 0.05925925925925926
0 0.776595744680851 0.44212962962962965 0.018085106382978722 0.041666666666666664
0 0.8029255319148936 0.41759259259259257 0.013297872340425532 0.03148148148148148
0 0.7933510638297873 0.40324074074074073 0.011170212765957447 0.026851851851851852
0 0.7457446808510638 0.3921296296296296 0.00851063829787234 0.023148148148148147
0 0.6930851063829787 0.3851851851851852 0.007446808510638298 0.020370370370370372
0 0.6555851063829787 0.3824074074074074 0.005851063829787234 0.018518518518518517
0 0.6148936170212767 0.38101851851851853 0.005319148936170213 0.017592592592592594
0 0.5398936170212766 0.38055555555555554 0.005319148936170213 0.018518518518518517
0 0.486436170212766 0.3814814814814815 0.005851063829787234 0.016666666666666666
0 0.2675531914893617 0.38657407407407407 0.006382978723404255 0.019444444444444445
0 0.17872340425531916 0.38472222222222224 0.007446808510638298 0.021296296296296296
4 0.8726063829787234 0.38981481481481484 0.010106382978723405 0.024074074074074074
4 0.8071808510638298 0.3819444444444444 0.007978723404255319 0.021296296296296296
4 0.7601063829787233 0.37916666666666665 0.007446808510638298 0.019444444444444445
4 0.6832446808510638 0.3763888888888889 0.006914893617021276 0.017592592592592594
4 0.5893617021276596 0.37592592592592594 0.006382978723404255 0.016666666666666666
4 0.47579787234042553 0.37592592592592594 0.006914893617021276 0.018518518518518517
4 0.3093085106382979 0.37916666666666665 0.006914893617021276 0.019444444444444445
4 0.21968085106382979 0.37916666666666665 0.007446808510638298 0.019444444444444445
4 0.13670212765957446 0.37824074074074077 0.007446808510638298 0.019444444444444445
4 0.08723404255319149 0.37222222222222223 0.006382978723404255 0.018518518518518517
1 0.4186170212765957 0.3773148148148148 0.009574468085106383 0.030555555555555555
1 0.4015957446808511 0.37222222222222223 0.00851063829787234 0.025925925925925925
1 0.3925531914893617 0.37777777777777777 0.010638297872340425 0.03148148148148148
1 0.3795212765957447 0.3736111111111111 0.007978723404255319 0.026851851851851852