0 0.48224233983286907 0.4559782608695652 0.017409470752089137 0.06847826086956521
4 0.8271239554317549 0.5554347826086956 0.03516713091922006 0.1108695652173913
0 0.41852367688022285 0.40869565217391307 0.013231197771587743 0.04782608695652174
0 0.06685236768802229 0.4027173913043478 0.01532033426183844 0.051086956521739134
0 0.14084261838440112 0.37717391304347825 0.009401114206128134 0.03695652173913044
4 0.5104456824512534 0.38315217391304346 0.009749303621169917 0.035869565217391305
0 0.43454038997214484 0.5853260869565218 0.031337047353760444 0.13152173913043477
4 0.6643454038997214 0.45271739130434785 0.016713091922005572 0.0641304347826087
4 0.5689415041782729 0.4108695652173913 0.012534818941504178 0.04565217391304348
0 0.3168523676880223 0.3673913043478261 0.006963788300835654 0.030434782608695653
0 0.22910863509749305 0.36467391304347824 0.00766016713091922 0.029347826086956522
4 0.08774373259052924 0.36195652173913045 0.009052924791086351 0.03260869565217391
4 0.171483286908078 0.35434782608695653 0.008008356545961003 0.02826086956521739
4 0.25887883008356544 0.3527173913043478 0.006615598885793872 0.025
4 0.4491643454038997 0.3690217391304348 0.00766016713091922 0.029347826086956522
4 0.39606545961002787 0.36086956521739133 0.007311977715877437 0.02608695652173913
0 0.37047353760445684 0.38206521739130433 0.009749303621169917 0.035869565217391305
4 0.32364206128133705 0.35489130434782606 0.006615598885793872 0.025
0 0.32729805013927576 0.33043478260869563 0.006963788300835654 0.013043478260869565