0 0.43558495821727017 0.39293478260869563 0.009749303621169917 0.04021739130434782
0 0.4087743732590529 0.43043478260869567 0.013231197771587743 0.05652173913043478
0 0.3732590529247911 0.4994565217391304 0.022284122562674095 0.08804347826086957
4 0.7150069637883009 0.5141304347826087 0.02681058495821727 0.10217391304347827
4 0.629700557103064 0.4282608695652174 0.015668523676880222 0.06086956521739131
0 0.5450905292479109 0.3527173913043478 0.005919220055710306 0.02282608695652174
0 0.4556058495821727 0.3739130434782609 0.008008356545961003 0.030434782608695653
0 0.7710654596100278 0.3423913043478261 0.005919220055710306 0.01956521739130435
4 0.8725626740947076 0.35054347826086957 0.006267409470752089 0.025
4 0.692200557103064 0.3516304347826087 0.005571030640668524 0.02282608695652174
4 0.596274373259053 0.39021739130434785 0.009401114206128134 0.043478260869565216
0 0.8528899721448467 0.34347826086956523 0.005919220055710306 0.021739130434782608
4 0.5872214484679665 0.37119565217391304 0.006615598885793872 0.03152173913043478
0 0.48746518105849584 0.36032608695652174 0.006267409470752089 0.025
0 0.6838440111420613 0.34347826086956523 0.004874651810584958 0.01956521739130435
4 0.9442896935933147 0.35489130434782606 0.008356545961002786 0.029347826086956522
4 0.620299442896936 0.3576086956521739 0.006615598885793872 0.02826086956521739
4 0.7785515320334262 0.34891304347826085 0.005571030640668524 0.02391304347826087
0 0.6178621169916435 0.3472826086956522 0.0031337047353760445 0.020652173913043477