0 0.1328342618384401 0.5416666666666666 0.026114206128133706 0.036941580756013746
0 0.4180013927576602 0.5335051546391752 0.021239554317548745 0.030927835051546393
0 0.6216922005571031 0.523840206185567 0.015668523676880222 0.023625429553264604
0 0.8264275766016713 0.5371563573883161 0.016364902506963788 0.02620274914089347
0 0.8339136490250696 0.5274914089347079 0.011838440111420613 0.02147766323024055
4 0.1589484679665738 0.5158934707903781 0.017061281337047353 0.02663230240549828
4 0.21413649025069637 0.6288659793814433 0.04665738161559889 0.07989690721649484
4 0.4032033426183844 0.5169673539518901 0.013927576601671309 0.023625429553264604
4 0.674616991643454 0.5292096219931272 0.01915041782729805 0.02577319587628866
4 0.692374651810585 0.5225515463917526 0.014972144846796657 0.02276632302405498
4 0.9178272980501393 0.6464776632302406 0.059192200557103065 0.07989690721649484
4 0.9333217270194986 0.5270618556701031 0.014275766016713091 0.020618556701030927
2 0.08704735376044569 0.5189003436426117 0.018802228412256268 0.028350515463917526
2 0.3880571030640669 0.5504725085910653 0.02681058495821727 0.0390893470790378
2 0.4613509749303621 0.5178264604810997 0.016016713091922007 0.02276632302405498
2 0.6283077994428969 0.5444587628865979 0.019846796657381614 0.03307560137457045
2 0.8024025069637883 0.5536941580756014 0.022632311977715876 0.03350515463917526
2 0.7856894150417827 0.5186855670103093 0.012186629526462395 0.019329896907216496
2 0.9040738161559888 0.5156786941580757 0.010793871866295265 0.015893470790378006