0 0.09148936170212765 0.38287037037037036 0.007446808510638298 0.017592592592592594
0 0.11914893617021277 0.4356481481481482 0.015957446808510637 0.03425925925925926
0 0.18404255319148935 0.41712962962962963 0.010638297872340425 0.026851851851851852
0 0.18936170212765957 0.3773148148148148 0.006382978723404255 0.019444444444444445
0 0.2622340425531915 0.3976851851851852 0.00851063829787234 0.023148148148148147
0 0.27606382978723404 0.3712962962962963 0.006382978723404255 0.016666666666666666
0 0.32553191489361705 0.38657407407407407 0.00851063829787234 0.019444444444444445
0 0.33430851063829786 0.3685185185185185 0.006914893617021276 0.016666666666666666
0 0.36861702127659574 0.37916666666666665 0.007446808510638298 0.017592592592592594
0 0.3861702127659574 0.37175925925925923 0.006382978723404255 0.017592592592592594
0 0.886968085106383 0.3972222222222222 0.017553191489361703 0.016666666666666666
0 0.7867021276595745 0.38472222222222224 0.013829787234042552 0.01574074074074074
0 0.7148936170212766 0.37175925925925923 0.010638297872340425 0.012037037037037037
0 0.6718085106382978 0.36435185185185187 0.00851063829787234 0.010185185185185186
0 0.6329787234042553 0.35648148148148145 0.00851063829787234 0.009259259259259259
0 0.6132978723404255 0.35324074074074074 0.007446808510638298 0.008333333333333333
4 0.5438829787234043 0.549537037037037 0.04627659574468085 0.09351851851851851
4 0.09787234042553192 0.3768518518518518 0.006382978723404255 0.016666666666666666
4 0.18430851063829787 0.3699074074074074 0.006914893617021276 0.01574074074074074
4 0.24813829787234043 0.3662037037037037 0.006914893617021276 0.01574074074074074
4 0.3377659574468085 0.44583333333333336 0.018085106382978722 0.041666666666666664
4 0.3305851063829787 0.42407407407407405 0.013297872340425532 0.03148148148148148
4 0.3473404255319149 0.40925925925925927 0.010638297872340425 0.025925925925925925
4 0.31542553191489364 0.362962962962963 0.006382978723404255 0.014814814814814815
4 0.3819148936170213 0.36157407407407405 0.006382978723404255 0.01574074074074074
4 0.41808510638297874 0.39305555555555555 0.009574468085106383 0.023148148148148147
4 0.43351063829787234 0.36435185185185187 0.006382978723404255 0.01574074074074074
4 0.4728723404255319 0.36712962962962964 0.006382978723404255 0.01574074074074074
4 0.47579787234042553 0.3819444444444444 0.007978723404255319 0.019444444444444445
4 0.5015957446808511 0.37222222222222223 0.007446808510638298 0.018518518518518517
1 0.41702127659574467 0.46620370370370373 0.035106382978723406 0.09166666666666666
1 0.3848404255319149 0.45694444444444443 0.03138297872340425 0.08425925925925926