0 0.42009052924791085 0.3293478260869565 0.01149025069637883 0.05217391304347826
0 0.3774373259052925 0.3065217391304348 0.008356545961002786 0.0391304347826087
0 0.37970055710306405 0.553804347826087 0.03934540389972145 0.14673913043478262
0 0.3993732590529248 0.3173913043478261 0.009052924791086351 0.043478260869565216
4 0.6713091922005571 0.3070652173913043 0.011838440111420613 0.051086956521739134
4 0.8668175487465181 0.3983695652173913 0.026114206128133706 0.10108695652173913
4 0.5215877437325905 0.27880434782608693 0.008356545961002786 0.03369565217391304
4 0.7482590529247911 0.3342391304347826 0.016713091922005572 0.06847826086956521
0 0.3492339832869081 0.2940217391304348 0.00766016713091922 0.029347826086956522
0 0.4411559888579387 0.44619565217391305 0.02576601671309192 0.10326086956521739
4 0.604108635097493 0.2940217391304348 0.010445682451253482 0.04456521739130435
4 0.6359679665738162 0.23206521739130434 0.004526462395543176 0.020652173913043477
4 0.7066504178272981 0.22717391304347825 0.005222841225626741 0.01956521739130435
0 0.352541782729805 0.2798913043478261 0.004526462395543176 0.025
4 0.46518105849582175 0.26413043478260867 0.004874651810584958 0.02391304347826087
0 0.4413300835654596 0.34891304347826085 0.01149025069637883 0.06086956521739131
0 0.8081476323119777 0.21358695652173912 0.006267409470752089 0.020652173913043477
0 0.4521239554317549 0.3804347826086957 0.017061281337047353 0.07391304347826087
0 0.44324512534818944 0.2543478260869565 0.004874651810584958 0.01956521739130435
0 0.729282729805014 0.2184782608695652 0.005919220055710306 0.01956521739130435
0 0.3891016713091922 0.266304347826087 0.004526462395543176 0.021739130434782608
4 0.4740598885793872 0.25869565217391305 0.005222841225626741 0.021739130434782608
4 0.5414345403899722 0.2440217391304348 0.005571030640668524 0.020652173913043477
4 0.5642409470752089 0.28532608695652173 0.009401114206128134 0.04021739130434782
0 0.5069637883008357 0.24130434782608695 0.004178272980501393 0.017391304347826087
4 0.7938718662952646 0.22065217391304348 0.006267409470752089 0.02391304347826087
0 0.6535515320334262 0.22445652173913044 0.004874651810584958 0.01847826086956522
4 0.5901810584958217 0.23804347826086958 0.004874651810584958 0.01956521739130435
4 0.47214484679665736 0.2717391304347826 0.006267409470752089 0.02608695652173913
0 0.5783426183844012 0.23315217391304346 0.004874651810584958 0.01847826086956522
0 0.1673050139275766 0.778804347826087 0.03238161559888579 0.13369565217391305
4 0.4996518105849582 0.2510869565217391 0.004874651810584958 0.01956521739130435
1 0.8976323119777159 0.20054347826086957 0.005571030640668524 0.035869565217391305
1 0.8812674094707521 0.20054347826086957 0.004874651810584958 0.03369565217391304
1 0.89258356545961 0.2076086956521739 0.006615598885793872 0.0391304347826087
1 0.8730849582172702 0.20923913043478262 0.007311977715877437 0.04021739130434782
4 0.8835306406685237 0.2157608695652174 0.005222841225626741 0.02282608695652174
0 0.8887534818941504 0.20815217391304347 0.00383008356545961 0.02282608695652174