0 0.1930851063829787 0.6 0.052127659574468084 0.12037037037037036
0 0.16595744680851063 0.49027777777777776 0.029787234042553193 0.06759259259259259
0 0.10398936170212766 0.4513888888888889 0.023936170212765957 0.049074074074074076
0 0.6946808510638298 0.3925925925925926 0.00851063829787234 0.020370370370370372
0 0.8590425531914894 0.4078703703703704 0.010638297872340425 0.025
4 0.1829787234042553 0.4074074074074074 0.015957446808510637 0.03148148148148148
4 0.3127659574468085 0.4083333333333333 0.015957446808510637 0.03333333333333333
4 0.3800531914893617 0.41944444444444445 0.017553191489361703 0.03888888888888889
4 0.488031914893617 0.45 0.027127659574468086 0.05185185185185185
4 0.7170212765957447 0.5199074074074074 0.039361702127659576 0.0824074074074074
4 0.6898936170212766 0.39166666666666666 0.00851063829787234 0.020370370370370372
4 0.8515957446808511 0.4074074074074074 0.009574468085106383 0.024074074074074074