4 0.49146935933147634 0.4934782608695652 0.02681058495821727 0.1108695652173913
4 0.4559540389972145 0.38206521739130433 0.014972144846796657 0.06630434782608696
4 0.4416782729805014 0.30978260869565216 0.005222841225626741 0.03695652173913044
4 0.4395891364902507 0.296195652173913 0.00383008356545961 0.02717391304347826
4 0.41486768802228413 0.28532608695652173 0.005919220055710306 0.02717391304347826
4 0.41347493036211697 0.2565217391304348 0.0031337047353760445 0.015217391304347827
4 0.37012534818941506 0.27119565217391306 0.005571030640668524 0.02282608695652174
4 0.3687325905292479 0.24945652173913044 0.002785515320334262 0.014130434782608696
4 0.32085654596100277 0.25869565217391305 0.005222841225626741 0.021739130434782608
4 0.3311281337047354 0.24347826086956523 0.003481894150417827 0.015217391304347827
4 0.2705431754874652 0.24782608695652175 0.004874651810584958 0.01956521739130435
4 0.23485376044568246 0.22826086956521738 0.00383008356545961 0.015217391304347827
4 0.21274373259052926 0.23695652173913043 0.002785515320334262 0.01956521739130435
4 0.19028551532033428 0.2217391304347826 0.0031337047353760445 0.015217391304347827
4 0.12569637883008355 0.2233695652173913 0.005571030640668524 0.020652173913043477
4 0.14223537604456823 0.21630434782608696 0.00383008356545961 0.015217391304347827
4 0.09227019498607242 0.21739130434782608 0.004874651810584958 0.01956521739130435
4 0.10463091922005571 0.2125 0.004526462395543176 0.016304347826086956
4 0.08234679665738162 0.20978260869565218 0.005222841225626741 0.01956521739130435
4 0.4516016713091922 0.2614130434782609 0.003481894150417827 0.014130434782608696
0 0.181058495821727 0.33858695652173915 0.017409470752089137 0.06630434782608696
0 0.24965181058495822 0.3081521739130435 0.006267409470752089 0.04673913043478261
0 0.29143454038997213 0.28641304347826085 0.008356545961002786 0.035869565217391305
0 0.3062325905292479 0.28043478260869564 0.006615598885793872 0.030434782608695653
0 0.2978760445682451 0.2722826086956522 0.005919220055710306 0.029347826086956522
0 0.2761142061281337 0.26304347826086955 0.006267409470752089 0.02608695652173913
0 0.2867339832869081 0.2326086956521739 0.0031337047353760445 0.013043478260869565
0 0.17165738161559888 0.23967391304347826 0.005571030640668524 0.02282608695652174
0 0.17287604456824512 0.21684782608695652 0.00383008356545961 0.014130434782608696
0 0.2097841225626741 0.2467391304347826 0.005222841225626741 0.021739130434782608
0 0.07399025069637884 0.22391304347826088 0.005919220055710306 0.02608695652173913
0 0.24704038997214484 0.2548913043478261 0.004526462395543176 0.025
0 0.3386142061281337 0.2418478260869565 0.0031337047353760445 0.014130434782608696
0 0.3619428969359331 0.2451086956521739 0.0031337047353760445 0.014130434782608696
0 0.39275766016713093 0.25 0.002785515320334262 0.013043478260869565
0 0.4192200557103064 0.2532608695652174 0.002785515320334262 0.013043478260869565
0 0.4352367688022284 0.2548913043478261 0.0020891364902506965 0.011956521739130435
0 0.4554317548746518 0.2576086956521739 0.002785515320334262 0.013043478260869565
0 0.9437674094707521 0.35108695652173916 0.0031337047353760445 0.013043478260869565
0 0.9211350974930362 0.3456521739130435 0.0031337047353760445 0.010869565217391304
4 0.9145194986072424 0.3467391304347826 0.0031337047353760445 0.013043478260869565
4 0.8760445682451253 0.33804347826086956 0.002785515320334262 0.013043478260869565
0 0.9033774373259053 0.34130434782608693 0.002437325905292479 0.010869565217391304
1 0.24059888579387187 0.296195652173913 0.017409470752089137 0.07717391304347826
1 0.2536559888579387 0.29184782608695653 0.008704735376044569 0.07282608695652174
1 0.4481197771587744 0.3282608695652174 0.011838440111420613 0.0782608695652174
1 0.445508356545961 0.31956521739130433 0.007311977715877437 0.06739130434782609
0 0.11229108635097493 0.20923913043478262 0.0031337047353760445 0.014130434782608696
4 0.4829387186629526 0.2657608695652174 0.002785515320334262 0.011956521739130435
4 0.5033077994428969 0.2673913043478261 0.002437325905292479 0.013043478260869565
4 0.5147980501392758 0.26793478260869563 0.002437325905292479 0.011956521739130435
4 0.5299442896935933 0.2668478260869565 0.0020891364902506965 0.009782608695652175
4 0.5457869080779945 0.26956521739130435 0.002437325905292479 0.010869565217391304
4 0.5877437325905293 0.2766304347826087 0.0020891364902506965 0.009782608695652175
4 0.6135097493036211 0.28152173913043477 0.0020891364902506965 0.008695652173913044
4 0.6464136490250696 0.28695652173913044 0.002437325905292479 0.010869565217391304
4 0.665041782729805 0.2896739130434783 0.0020891364902506965 0.009782608695652175
4 0.6768802228412256 0.2907608695652174 0.0020891364902506965 0.007608695652173913
4 0.6875 0.29239130434782606 0.002437325905292479 0.008695652173913044
4 0.7273676880222841 0.29891304347826086 0.0020891364902506965 0.008695652173913044
4 0.7513927576601671 0.30380434782608695 0.0020891364902506965 0.007608695652173913
4 0.7982242339832869 0.3141304347826087 0.002437325905292479 0.008695652173913044
4 0.8340877437325905 0.3222826086956522 0.002437325905292479 0.009782608695652175
4 0.8469707520891365 0.3298913043478261 0.002437325905292479 0.011956521739130435
0 0.8932799442896936 0.3358695652173913 0.002437325905292479 0.010869565217391304
0 0.7841225626740947 0.3092391304347826 0.0020891364902506965 0.007608695652173913
0 0.7477367688022284 0.3027173913043478 0.0017409470752089136 0.007608695652173913
0 0.713266016713092 0.296195652173913 0.0017409470752089136 0.007608695652173913
0 0.6836699164345403 0.2907608695652174 0.0017409470752089136 0.007608695652173913
0 0.6556406685236769 0.28641304347826085 0.001392757660167131 0.007608695652173913
0 0.6396239554317549 0.28369565217391307 0.001392757660167131 0.008695652173913044
0 0.6314415041782729 0.2831521739130435 0.0017409470752089136 0.007608695652173913
0 0.5987116991643454 0.2777173913043478 0.0017409470752089136 0.009782608695652175
0 0.6180362116991643 0.28043478260869564 0.001392757660167131 0.008695652173913044
0 0.5825208913649025 0.275 0.0020891364902506965 0.008695652173913044
0 0.5548398328690808 0.27010869565217394 0.0017409470752089136 0.007608695652173913
0 0.4674442896935933 0.2592391304347826 0.002437325905292479 0.011956521739130435
0 0.47458217270194986 0.2592391304347826 0.0020891364902506965 0.009782608695652175