0 0.6533774373259053 0.31032608695652175 0.006615598885793872 0.02717391304347826
0 0.7247562674094707 0.32065217391304346 0.007311977715877437 0.030434782608695653
4 0.3137186629526462 0.2608695652173913 0.006267409470752089 0.02608695652173913
4 0.7068245125348189 0.328804347826087 0.008356545961002786 0.035869565217391305
4 0.18906685236768803 0.41684782608695653 0.031337047353760444 0.09891304347826087
4 0.6070682451253482 0.3108695652173913 0.008008356545961003 0.034782608695652174
4 0.6471100278551533 0.7119565217391305 0.06162952646239554 0.21956521739130436
4 0.5193245125348189 0.2967391304347826 0.008704735376044569 0.03260869565217391
1 0.7928272980501393 0.3217391304347826 0.012534818941504178 0.05
4 0.38231197771587744 0.2733695652173913 0.006963788300835654 0.02717391304347826
1 0.8386142061281338 0.32771739130434785 0.006615598885793872 0.051086956521739134
0 0.08234679665738162 0.2298913043478261 0.005222841225626741 0.020652173913043477
0 0.24878133704735375 0.2418478260869565 0.004526462395543176 0.020652173913043477
4 0.445508356545961 0.2847826086956522 0.006615598885793872 0.030434782608695653
1 0.7818593314763231 0.3309782608695652 0.014972144846796657 0.06195652173913044
0 0.5001740947075209 0.2831521739130435 0.005222841225626741 0.025
0 0.3346100278551532 0.2532608695652174 0.004874651810584958 0.021739130434782608
4 0.14432451253481896 0.23858695652173914 0.006615598885793872 0.025
0 0.5799094707520891 0.29891304347826086 0.005919220055710306 0.02608695652173913
4 0.2280640668523677 0.25 0.006267409470752089 0.021739130434782608
0 0.4157381615598886 0.2673913043478261 0.004874651810584958 0.021739130434782608
4 0.8046657381615598 0.3451086956521739 0.00766016713091922 0.035869565217391305
0 0.17096100278551532 0.23695652173913043 0.004874651810584958 0.017391304347826087
0 0.8098885793871866 0.33315217391304347 0.003481894150417827 0.029347826086956522
1 0.8325208913649025 0.34347826086956523 0.013927576601671309 0.05652173913043478