0 0.7236702127659574 0.4236111111111111 0.017553191489361703 0.03796296296296296
0 0.5928191489361702 0.4393518518518518 0.017553191489361703 0.04351851851851852
0 0.4571808510638298 0.45694444444444443 0.02074468085106383 0.04722222222222222
0 0.21356382978723404 0.5013888888888889 0.03563829787234043 0.06759259259259259
0 0.8805851063829787 0.4152777777777778 0.015425531914893617 0.03425925925925926
0 0.8489361702127659 0.38101851851851853 0.010638297872340425 0.019444444444444445
0 0.9218085106382978 0.3875 0.006382978723404255 0.023148148148148147
0 0.785372340425532 0.3712962962962963 0.005851063829787234 0.014814814814814815
0 0.7906914893617021 0.3680555555555556 0.0047872340425531915 0.013888888888888888
0 0.8029255319148936 0.375 0.005851063829787234 0.016666666666666666
0 0.8063829787234043 0.36574074074074076 0.005319148936170213 0.012962962962962963
0 0.8465425531914894 0.3638888888888889 0.005851063829787234 0.012962962962962963
4 0.8542553191489362 0.524537037037037 0.043617021276595745 0.08055555555555556
4 0.9042553191489362 0.37083333333333335 0.006382978723404255 0.01574074074074074
4 0.9186170212765957 0.36712962962962964 0.007446808510638298 0.013888888888888888