1 0.649025069637883 0.5407608695652174 0.07103064066852367 0.3076086956521739
1 0.7143105849582173 0.44456521739130433 0.03655988857938719 0.22826086956521738
0 0.6895891364902507 0.5282608695652173 0.04213091922005571 0.16521739130434782
0 0.7264972144846796 0.3733695652173913 0.01915041782729805 0.09239130434782608
0 0.6688718662952646 0.3114130434782609 0.016016713091922007 0.06195652173913044
0 0.586525069637883 0.28695652173913044 0.01149025069637883 0.05
0 0.49129526462395545 0.27880434782608693 0.011142061281337047 0.042391304347826085
0 0.3918871866295265 0.28097826086956523 0.008704735376044569 0.03804347826086957
0 0.2762883008356546 0.2940217391304348 0.009401114206128134 0.035869565217391305
0 0.14885097493036212 0.3157608695652174 0.0100974930362117 0.03804347826086957
4 0.1431058495821727 0.3005434782608696 0.005571030640668524 0.03152173913043478
4 0.29717966573816157 0.27554347826086956 0.007311977715877437 0.03152173913043478
4 0.43802228412256267 0.26032608695652176 0.006963788300835654 0.03152173913043478
4 0.5649373259052924 0.2548913043478261 0.008008356545961003 0.035869565217391305
4 0.6989902506963789 0.2608695652173913 0.010793871866295265 0.043478260869565216
4 0.8346100278551533 0.28152173913043477 0.014623955431754874 0.058695652173913045
2 0.8469707520891365 0.25815217391304346 0.01288300835654596 0.04673913043478261
2 0.8661211699164345 0.22771739130434782 0.009401114206128134 0.03369565217391304
2 0.8758704735376045 0.20923913043478262 0.006615598885793872 0.02717391304347826
2 0.8828342618384402 0.19728260869565217 0.005919220055710306 0.02282608695652174
2 0.9138231197771588 0.19510869565217392 0.005919220055710306 0.02282608695652174
2 0.9472493036211699 0.19293478260869565 0.006615598885793872 0.025
3 0.9049442896935933 0.1891304347826087 0.003481894150417827 0.01956521739130435