0 0.3872340425531915 0.4652777777777778 0.01702127659574468 0.03796296296296296
0 0.27420212765957447 0.5685185185185185 0.0398936170212766 0.08333333333333333
0 0.3497340425531915 0.49583333333333335 0.022872340425531913 0.05277777777777778
0 0.4077127659574468 0.44583333333333336 0.01223404255319149 0.030555555555555555
0 0.42021276595744683 0.43472222222222223 0.009574468085106383 0.025
0 0.4295212765957447 0.425462962962963 0.007978723404255319 0.021296296296296296
0 0.4348404255319149 0.41898148148148145 0.006914893617021276 0.019444444444444445
0 0.4401595744680851 0.41388888888888886 0.005851063829787234 0.016666666666666666
0 0.4449468085106383 0.4101851851851852 0.005851063829787234 0.014814814814814815
4 0.7420212765957447 0.5611111111111111 0.039361702127659576 0.08703703703703704
4 0.6031914893617021 0.45925925925925926 0.01702127659574468 0.040740740740740744
4 0.6428191489361702 0.4888888888888889 0.023936170212765957 0.053703703703703705
4 0.5784574468085106 0.44305555555555554 0.013297872340425532 0.032407407407407406
4 0.5611702127659575 0.4324074074074074 0.010638297872340425 0.025925925925925925
4 0.5492021276595744 0.42407407407407405 0.010106382978723405 0.024074074074074074
4 0.5398936170212766 0.4185185185185185 0.00851063829787234 0.020370370370370372
4 0.5321808510638298 0.41388888888888886 0.006914893617021276 0.018518518518518517
4 0.5273936170212766 0.4101851851851852 0.006914893617021276 0.016666666666666666