0 0.10846100278551532 0.4548913043478261 0.018454038997214484 0.0641304347826087
0 0.16904596100278552 0.421195652173913 0.013579387186629526 0.051086956521739134
4 0.6730501392757661 0.4641304347826087 0.018802228412256268 0.07391304347826087
0 0.8159818941504178 0.4342391304347826 0.017061281337047353 0.057608695652173914
0 0.08147632311977716 0.4141304347826087 0.013231197771587743 0.041304347826086954
0 0.6744428969359332 0.4032608695652174 0.011142061281337047 0.043478260869565216
0 0.600974930362117 0.3804347826086957 0.009052924791086351 0.03260869565217391
4 0.4073816155988858 0.5510869565217391 0.03064066852367688 0.11304347826086956
4 0.5344707520891365 0.42336956521739133 0.013231197771587743 0.051086956521739134
4 0.3593314763231198 0.45163043478260867 0.020891364902506964 0.06630434782608696
0 0.575383008356546 0.3690217391304348 0.006615598885793872 0.025
4 0.39240947075208915 0.375 0.005571030640668524 0.02391304347826087
4 0.47318941504178275 0.39619565217391306 0.009052924791086351 0.03804347826086957
4 0.32886490250696376 0.37771739130434784 0.005919220055710306 0.025
4 0.4554317548746518 0.3793478260869565 0.00766016713091922 0.034782608695652174
4 0.296483286908078 0.39619565217391306 0.008704735376044569 0.035869565217391305
4 0.21309192200557103 0.39456521739130435 0.009052924791086351 0.03260869565217391
0 0.3673398328690808 0.37119565217391304 0.004874651810584958 0.01847826086956522
4 0.3448816155988858 0.41304347826086957 0.01149025069637883 0.04565217391304348
4 0.8817896935933147 0.5255434782608696 0.028899721448467967 0.10326086956521739