4 0.360550139275766 0.3684782608695652 0.017757660167130918 0.07391304347826087
4 0.264449860724234 0.2967391304347826 0.01149025069637883 0.04782608695652174
4 0.19028551532033428 0.23967391304347826 0.006615598885793872 0.029347826086956522
4 0.15981894150417827 0.21630434782608696 0.005571030640668524 0.021739130434782608
4 0.6702646239554317 0.5929347826086957 0.04247910863509749 0.15108695652173912
4 0.21848885793871867 0.2614130434782609 0.008008356545961003 0.035869565217391305
4 0.17200557103064068 0.22608695652173913 0.006267409470752089 0.02391304347826087
1 0.1512883008356546 0.2048913043478261 0.005222841225626741 0.02717391304347826
2 0.04961699164345404 0.19021739130434784 0.0017409470752089136 0.015217391304347827
2 0.12761142061281336 0.1923913043478261 0.0031337047353760445 0.013043478260869565
2 0.1309192200557103 0.1956521739130435 0.002785515320334262 0.013043478260869565
2 0.1366643454038997 0.19891304347826086 0.0031337047353760445 0.013043478260869565
2 0.14206128133704735 0.20326086956521738 0.003481894150417827 0.017391304347826087
2 0.05153203342618384 0.18695652173913044 0.002785515320334262 0.015217391304347827
2 0.054143454038997216 0.18478260869565216 0.0031337047353760445 0.013043478260869565
2 0.05692896935933148 0.1826086956521739 0.002437325905292479 0.010869565217391304
2 0.05901810584958217 0.18043478260869567 0.002437325905292479 0.010869565217391304
2 0.06093314763231198 0.1793478260869565 0.0020891364902506965 0.010869565217391304
2 0.12360724233983286 0.18967391304347825 0.002785515320334262 0.011956521739130435
2 0.12064763231197771 0.1875 0.002437325905292479 0.009782608695652175