0 0.8271276595744681 0.42268518518518516 0.023404255319148935 0.026851851851851852
0 0.6441489361702127 0.4060185185185185 0.01702127659574468 0.017592592592592594
0 0.5835106382978723 0.4023148148148148 0.013829787234042552 0.017592592592592594
0 0.5316489361702128 0.39814814814814814 0.011170212765957447 0.014814814814814815
0 0.34547872340425534 0.3958333333333333 0.009042553191489361 0.010185185185185186
0 0.275531914893617 0.3962962962962963 0.007446808510638298 0.007407407407407408
0 0.7561170212765957 0.3837962962962963 0.005851063829787234 0.017592592592592594
0 0.7489361702127659 0.38796296296296295 0.00851063829787234 0.020370370370370372
0 0.7409574468085106 0.37824074074074077 0.006382978723404255 0.019444444444444445
4 0.10585106382978723 0.4930555555555556 0.027659574468085105 0.058333333333333334
4 0.40797872340425534 0.4976851851851852 0.03297872340425532 0.0712962962962963
4 0.8287234042553191 0.6208333333333333 0.06382978723404255 0.1361111111111111