0 0.11960306406685237 0.7302405498281787 0.09993036211699165 0.12714776632302405
0 0.1895891364902507 0.5459621993127147 0.027506963788300837 0.037800687285223365
0 0.3565459610027855 0.5182560137457045 0.017409470752089137 0.015034364261168385
0 0.3306058495821727 0.49806701030927836 0.008704735376044569 0.015034364261168385
0 0.49286211699164345 0.5309278350515464 0.017061281337047353 0.024054982817869417
0 0.5276810584958217 0.5049398625429553 0.008008356545961003 0.01331615120274914
0 0.6591225626740947 0.501073883161512 0.006267409470752089 0.009879725085910653
0 0.6805362116991643 0.5092353951890034 0.008008356545961003 0.01331615120274914
0 0.7282381615598886 0.5339347079037801 0.019846796657381614 0.015463917525773196
4 0.22458217270194986 0.5115979381443299 0.01532033426183844 0.023195876288659795
4 0.3549791086350975 0.5811855670103093 0.03795264623955432 0.04982817869415808
4 0.33530640668523676 0.5330756013745704 0.016713091922005572 0.02577319587628866
4 0.4357590529247911 0.5466065292096219 0.026114206128133706 0.02276632302405498
4 0.41852367688022285 0.5062285223367697 0.009749303621169917 0.015893470790378006
4 0.5135793871866295 0.5189003436426117 0.011838440111420613 0.018900343642611683
4 0.6422353760445683 0.5042955326460481 0.007311977715877437 0.012027491408934709
4 0.6732242339832869 0.5167525773195877 0.01149025069637883 0.01632302405498282
4 0.7329387186629527 0.5214776632302406 0.010445682451253482 0.01718213058419244
4 0.8394846796657381 0.5648625429553265 0.027855153203342618 0.02577319587628866
2 0.7961350974930362 0.5889175257731959 0.028899721448467967 0.03350515463917526