0 0.17496518105849582 0.569372852233677 0.028899721448467967 0.040807560137457045
0 0.25487465181058494 0.5113831615120275 0.009749303621169917 0.015034364261168385
0 0.36420612813370473 0.5154639175257731 0.010445682451253482 0.015463917525773196
0 0.3920612813370474 0.5083762886597938 0.00766016713091922 0.01245704467353952
0 0.5363857938718662 0.5049398625429553 0.006615598885793872 0.009879725085910653
0 0.5936629526462396 0.509020618556701 0.006963788300835654 0.010309278350515464
0 0.633008356545961 0.523840206185567 0.010445682451253482 0.01675257731958763
0 0.6817548746518106 0.5135309278350515 0.00766016713091922 0.01245704467353952
0 0.6918523676880223 0.521692439862543 0.009749303621169917 0.015893470790378006
0 0.7249303621169917 0.5414518900343642 0.013927576601671309 0.023625429553264604
0 0.7658426183844012 0.5240549828178694 0.010793871866295265 0.01632302405498282
0 0.8918871866295265 0.5618556701030928 0.024721448467966575 0.03006872852233677
0 0.9378481894150418 0.5453178694158075 0.019846796657381614 0.023625429553264604
0 0.49704038997214484 0.5584192439862543 0.023328690807799445 0.03264604810996564
0 0.5292479108635098 0.5345790378006873 0.01532033426183844 0.02190721649484536
4 0.48659470752089135 0.6580756013745704 0.046309192200557105 0.0781786941580756
4 0.31441504178272983 0.5281357388316151 0.014623955431754874 0.02276632302405498
4 0.46013231197771587 0.5060137457044673 0.007311977715877437 0.012027491408934709
4 0.46274373259052926 0.5118127147766323 0.008356545961002786 0.014175257731958763
4 0.47092618384401114 0.5025773195876289 0.005919220055710306 0.010309278350515464
4 0.5147980501392758 0.5191151202749141 0.010793871866295265 0.01761168384879725
4 0.592966573816156 0.5038659793814433 0.005571030640668524 0.009450171821305841
4 0.6488509749303621 0.5085910652920962 0.006615598885793872 0.011168384879725086
4 0.6727019498607242 0.5152491408934707 0.00766016713091922 0.01331615120274914
4 0.7191852367688022 0.5165378006872853 0.008008356545961003 0.014175257731958763
4 0.8527158774373259 0.5330756013745704 0.013927576601671309 0.019759450171821305
2 0.552924791086351 0.5085910652920962 0.006267409470752089 0.011168384879725086
2 0.5696378830083565 0.5027920962199313 0.005571030640668524 0.00902061855670103
2 0.6037604456824512 0.5137457044673539 0.006963788300835654 0.01288659793814433
2 0.6055013927576601 0.5176116838487973 0.009052924791086351 0.014604810996563574
2 0.6434540389972145 0.5259879725085911 0.010445682451253482 0.01761168384879725
2 0.6638231197771588 0.5098797250859106 0.006615598885793872 0.011168384879725086
2 0.7947423398328691 0.5395189003436426 0.01288300835654596 0.02147766323024055
2 0.7832520891364902 0.561426116838488 0.023328690807799445 0.03178694158075601
2 0.8187674094707521 0.5234106529209622 0.0100974930362117 0.015034364261168385