0 0.0949468085106383 0.4152777777777778 0.01223404255319149 0.026851851851851852
0 0.1768617021276596 0.39537037037037037 0.010106382978723405 0.024074074074074074
0 0.24308510638297873 0.38425925925925924 0.00851063829787234 0.018518518518518517
0 0.25053191489361704 0.36712962962962964 0.006382978723404255 0.017592592592592594
0 0.28617021276595744 0.37777777777777777 0.00851063829787234 0.020370370370370372
0 0.18856382978723404 0.37037037037037035 0.009042553191489361 0.020370370370370372
0 0.09574468085106383 0.37592592592592594 0.007446808510638298 0.018518518518518517
0 0.30372340425531913 0.36944444444444446 0.006382978723404255 0.016666666666666666
0 0.9029255319148937 0.40185185185185185 0.018617021276595744 0.018518518518518517
0 0.7715425531914893 0.38981481481481484 0.015425531914893617 0.014814814814814815
0 0.6856382978723404 0.37916666666666665 0.011702127659574468 0.012037037037037037
0 0.6226063829787234 0.3680555555555556 0.010106382978723405 0.010185185185185186
0 0.5829787234042553 0.36064814814814816 0.00851063829787234 0.010185185185185186
0 0.5468085106382978 0.3537037037037037 0.007446808510638298 0.007407407407407408
4 0.4550531914893617 0.5203703703703704 0.040957446808510635 0.08148148148148149
4 0.26622340425531915 0.40694444444444444 0.01223404255319149 0.028703703703703703
4 0.24973404255319148 0.4199074074074074 0.014361702127659574 0.032407407407407406
4 0.2601063829787234 0.44074074074074077 0.018085106382978722 0.04259259259259259
4 0.2300531914893617 0.36157407407407405 0.007978723404255319 0.017592592592592594
4 0.15851063829787235 0.3648148148148148 0.009574468085106383 0.018518518518518517
4 0.08882978723404256 0.36898148148148147 0.007446808510638298 0.017592592592592594
4 0.33670212765957447 0.3907407407407407 0.009574468085106383 0.022222222222222223
4 0.29946808510638295 0.3592592592592593 0.006382978723404255 0.014814814814814815
4 0.39148936170212767 0.3648148148148148 0.006382978723404255 0.014814814814814815
4 0.3941489361702128 0.3800925925925926 0.006382978723404255 0.019444444444444445
4 0.4196808510638298 0.3685185185185185 0.006382978723404255 0.016666666666666666
4 0.35186170212765955 0.36157407407407405 0.005851063829787234 0.01574074074074074
1 0.3398936170212766 0.45555555555555555 0.03404255319148936 0.08703703703703704
1 0.3082446808510638 0.44907407407407407 0.03351063829787234 0.07962962962962963