0 0.7021239554317549 0.6161941580756014 0.041434540389972144 0.06142611683848797
0 0.09244428969359332 0.7295962199312714 0.0866991643454039 0.12070446735395189
0 0.3995473537604457 0.5354381443298969 0.014275766016713091 0.023625429553264604
0 0.40842618384401114 0.5180412371134021 0.009749303621169917 0.01632302405498282
0 0.4435933147632312 0.5085910652920962 0.00766016713091922 0.01288659793814433
0 0.4899025069637883 0.5040807560137457 0.006267409470752089 0.010738831615120275
0 0.5060933147632312 0.5526202749140894 0.01915041782729805 0.03221649484536082
0 0.5715529247910863 0.5032216494845361 0.005919220055710306 0.009879725085910653
0 0.6404944289693594 0.5034364261168385 0.005919220055710306 0.010309278350515464
0 0.6972493036211699 0.5060137457044673 0.006615598885793872 0.010309278350515464
0 0.7459958217270195 0.5088058419243986 0.007311977715877437 0.011597938144329897
0 0.7306754874651811 0.5373711340206185 0.01288300835654596 0.024054982817869417
0 0.8053621169916435 0.5135309278350515 0.00766016713091922 0.01331615120274914
4 0.09731894150417827 0.5367268041237113 0.01915041782729805 0.02534364261168385
4 0.2978760445682451 0.5219072164948454 0.012186629526462395 0.018900343642611683
4 0.5120125348189415 0.5165378006872853 0.0100974930362117 0.01675257731958763
4 0.5517061281337048 0.5597079037800687 0.023328690807799445 0.03608247422680412
4 0.7120473537604457 0.5255584192439863 0.012534818941504178 0.018470790378006873
4 0.9127785515320335 0.5373711340206185 0.017061281337047353 0.02491408934707904
2 0.15268105849582173 0.5657216494845361 0.02541782729805014 0.03951890034364261
2 0.2862116991643454 0.5277061855670103 0.012534818941504178 0.02104810996563574
2 0.477541782729805 0.5195446735395189 0.01149025069637883 0.01761168384879725
2 0.6013231197771588 0.5186855670103093 0.010445682451253482 0.01675257731958763
2 0.7202298050139275 0.5569158075601375 0.02054317548746518 0.03479381443298969
2 0.9282729805013927 0.6161941580756014 0.04526462395543175 0.06314432989690721