0 0.2414693593314763 0.27608695652173915 0.01149025069637883 0.0391304347826087
0 0.12795961002785516 0.2793478260869565 0.01288300835654596 0.04565217391304348
4 0.19185236768802227 0.325 0.017409470752089137 0.06086956521739131
0 0.31580779944289694 0.2451086956521739 0.005571030640668524 0.02282608695652174
0 0.2891713091922006 0.2733695652173913 0.009401114206128134 0.035869565217391305
0 0.33356545961002787 0.2614130434782609 0.006963788300835654 0.029347826086956522
4 0.7421657381615598 0.29456521739130437 0.005919220055710306 0.01956521739130435
4 0.3729108635097493 0.31032608695652175 0.013231197771587743 0.04673913043478261
4 0.6455431754874652 0.27445652173913043 0.004874651810584958 0.016304347826086956
4 0.41834958217270196 0.2565217391304348 0.005919220055710306 0.02391304347826087
4 0.6934192200557103 0.28369565217391307 0.005222841225626741 0.017391304347826087
0 0.3487116991643454 0.2418478260869565 0.005919220055710306 0.020652173913043477
0 0.8257311977715878 0.3065217391304348 0.005222841225626741 0.01956521739130435
0 0.9047701949860725 0.32065217391304346 0.005919220055710306 0.01956521739130435
4 0.45769498607242337 0.275 0.005919220055710306 0.02826086956521739
4 0.838091922005571 0.31521739130434784 0.006267409470752089 0.021739130434782608
4 0.4314066852367688 0.26358695652173914 0.006267409470752089 0.025
4 0.4806754874651811 0.25380434782608696 0.004526462395543176 0.01847826086956522
4 0.18610724233983286 0.43478260869565216 0.029596100278551533 0.1108695652173913
0 0.38474930362116994 0.24130434782608695 0.004874651810584958 0.017391304347826087
4 0.5165389972144847 0.2565217391304348 0.004526462395543176 0.017391304347826087
4 0.5572771587743732 0.2608695652173913 0.004526462395543176 0.017391304347826087
4 0.1208217270194986 0.34619565217391307 0.022284122562674095 0.075
4 0.46256963788300837 0.28695652173913044 0.008008356545961003 0.03260869565217391
0 0.4893802228412256 0.2483695652173913 0.00383008356545961 0.016304347826086956
0 0.5480501392757661 0.2554347826086957 0.004178272980501393 0.015217391304347827
0 0.3271239554317549 0.25380434782608696 0.004526462395543176 0.025
4 0.7851671309192201 0.3048913043478261 0.006267409470752089 0.020652173913043477
4 0.42827298050139273 0.29945652173913045 0.010445682451253482 0.04021739130434782
0 0.3224233983286908 0.2673913043478261 0.009052924791086351 0.03260869565217391
4 0.42635793871866295 0.25271739130434784 0.005222841225626741 0.020652173913043477
4 0.4611768802228412 0.5733695652173914 0.03795264623955432 0.15760869565217392
4 0.44829387186629527 0.2516304347826087 0.005222841225626741 0.020652173913043477
0 0.7303272980501393 0.2858695652173913 0.004526462395543176 0.017391304347826087
0 0.43436629526462395 0.24293478260869567 0.004526462395543176 0.014130434782608696
0 0.8600278551532033 0.3135869565217391 0.005571030640668524 0.01847826086956522
4 0.612291086350975 0.26902173913043476 0.00383008356545961 0.016304347826086956
0 0.6692200557103064 0.27445652173913043 0.004178272980501393 0.016304347826086956
0 0.6091573816155988 0.26521739130434785 0.0017409470752089136 0.015217391304347827
0 0.7888231197771588 0.29782608695652174 0.0031337047353760445 0.017391304347826087
4 0.8203342618384402 0.7771739130434783 0.03064066852367688 0.14130434782608695