0 0.6473404255319148 0.3925925925925926 0.010638297872340425 0.024074074074074074
0 0.14627659574468085 0.4287037037037037 0.014893617021276596 0.040740740740740744
0 0.30851063829787234 0.5050925925925925 0.02872340425531915 0.0712962962962963
0 0.498936170212766 0.38796296296296295 0.009574468085106383 0.020370370370370372
0 0.28297872340425534 0.43472222222222223 0.015957446808510637 0.03981481481481482
0 0.3460106382978723 0.45694444444444443 0.02074468085106383 0.05092592592592592
0 0.7723404255319148 0.39814814814814814 0.01276595744680851 0.024074074074074074
0 0.5627659574468085 0.3907407407407407 0.009574468085106383 0.022222222222222223
4 0.7888297872340425 0.4638888888888889 0.02446808510638298 0.053703703703703705
4 0.5454787234042553 0.4152777777777778 0.013297872340425532 0.03425925925925926
4 0.8643617021276596 0.4287037037037037 0.01702127659574468 0.037037037037037035
4 0.5938829787234042 0.40925925925925927 0.013297872340425532 0.03148148148148148
4 0.7151595744680851 0.4134259259259259 0.015425531914893617 0.03425925925925926
4 0.6720744680851064 0.43194444444444446 0.01648936170212766 0.03981481481481482
4 0.851063829787234 0.6199074074074075 0.06063829787234042 0.12685185185185185
4 0.38803191489361705 0.3972222222222222 0.009042553191489361 0.022222222222222223
4 0.463031914893617 0.4111111111111111 0.011170212765957447 0.02962962962962963
4 0.26622340425531915 0.4009259259259259 0.01223404255319149 0.027777777777777776
4 0.35079787234042553 0.4064814814814815 0.014361702127659574 0.027777777777777776
4 0.4702127659574468 0.4041666666666667 0.00851063829787234 0.026851851851851852
4 0.8460106382978724 0.5180555555555556 0.040957446808510635 0.0787037037037037