4 0.8617688022284122 0.3027173913043478 0.016016713091922007 0.057608695652173914
0 0.8457520891364902 0.24239130434782608 0.006963788300835654 0.030434782608695653
0 0.7665389972144847 0.25706521739130433 0.007311977715877437 0.03152173913043478
0 0.9460306406685237 0.22771739130434782 0.008356545961002786 0.029347826086956522
0 0.6030640668523677 0.3967391304347826 0.02298050139275766 0.08695652173913043
0 0.6765320334261838 0.2798913043478261 0.009052924791086351 0.03804347826086957
0 0.6196030640668524 0.3190217391304348 0.01288300835654596 0.051086956521739134
4 0.911908077994429 0.27010869565217394 0.012534818941504178 0.04456521739130435
0 0.3985027855153203 0.6885869565217392 0.06093314763231198 0.2141304347826087
0 0.05362116991643454 0.33260869565217394 0.004874651810584958 0.02391304347826087
0 0.24303621169916434 0.2951086956521739 0.004874651810584958 0.020652173913043477
0 0.17270194986072424 0.24456521739130435 0.0020891364902506965 0.010869565217391304
4 0.2983983286908078 0.2543478260869565 0.002785515320334262 0.013043478260869565
4 0.25104456824512533 0.2733695652173913 0.003481894150417827 0.016304347826086956
4 0.19672701949860724 0.2451086956521739 0.002785515320334262 0.011956521739130435
0 0.08043175487465182 0.2597826086956522 0.0020891364902506965 0.010869565217391304
0 0.3532381615598886 0.25869565217391305 0.0031337047353760445 0.015217391304347827
4 0.13979805013927576 0.3016304347826087 0.005222841225626741 0.020652173913043477
0 0.12970055710306408 0.25271739130434784 0.002437325905292479 0.009782608695652175
0 0.34801532033426186 0.23315217391304346 0.002437325905292479 0.009782608695652175
4 0.28847493036211697 0.2375 0.0017409470752089136 0.009782608695652175
0 0.37430362116991645 0.23804347826086958 0.0020891364902506965 0.010869565217391304
4 0.20647632311977715 0.28858695652173916 0.004178272980501393 0.01847826086956522
0 0.29091225626740946 0.2326086956521739 0.0017409470752089136 0.008695652173913044
0 0.36159470752089135 0.23532608695652174 0.002437325905292479 0.009782608695652175
4 0.09784122562674094 0.2619565217391304 0.002785515320334262 0.013043478260869565
0 0.3304317548746518 0.23206521739130434 0.0020891364902506965 0.009782608695652175
0 0.29996518105849584 0.27717391304347827 0.004526462395543176 0.017391304347826087
0 0.22092618384401114 0.23695652173913043 0.0017409470752089136 0.008695652173913044
4 0.24547353760445684 0.23967391304347826 0.0020891364902506965 0.009782608695652175
4 0.7294568245125348 0.20597826086956522 0.0020891364902506965 0.009782608695652175
4 0.7564415041782729 0.19891304347826086 0.0017409470752089136 0.008695652173913044
4 0.3098885793871866 0.2391304347826087 0.0020891364902506965 0.010869565217391304
0 0.36768802228412256 0.25 0.002785515320334262 0.013043478260869565
4 0.6829735376044568 0.20978260869565218 0.0017409470752089136 0.008695652173913044
4 0.7790738161559888 0.19728260869565217 0.0017409470752089136 0.009782608695652175
0 0.1653899721448468 0.3141304347826087 0.004874651810584958 0.021739130434782608
0 0.3332172701949861 0.2673913043478261 0.003481894150417827 0.015217391304347827
0 0.6808844011142061 0.2016304347826087 0.0017409470752089136 0.007608695652173913
4 0.14815459610027856 0.25380434782608696 0.002437325905292479 0.011956521739130435
4 0.27681058495821725 0.26358695652173914 0.003481894150417827 0.014130434782608696
0 0.2540041782729805 0.23369565217391305 0.0017409470752089136 0.008695652173913044
4 0.8018802228412256 0.1956521739130435 0.0020891364902506965 0.008695652173913044
4 0.775766016713092 0.20108695652173914 0.0020891364902506965 0.010869565217391304
4 0.6572075208913649 0.20380434782608695 0.0017409470752089136 0.007608695652173913
4 0.30936629526462395 0.24619565217391304 0.002437325905292479 0.011956521739130435
0 0.20316852367688024 0.23967391304347826 0.0017409470752089136 0.007608695652173913
0 0.7977019498607242 0.19510869565217392 0.0020891364902506965 0.009782608695652175
0 0.3723885793871866 0.24456521739130435 0.0017409470752089136 0.008695652173913044
4 0.6960306406685237 0.20271739130434782 0.001392757660167131 0.007608695652173913
0 0.7009052924791086 0.2016304347826087 0.001392757660167131 0.007608695652173913