0 0.47318941504178275 0.27717391304347827 0.006963788300835654 0.03260869565217391
4 0.10532729805013928 0.29945652173913045 0.014972144846796657 0.057608695652173914
0 0.34818941504178275 0.26413043478260867 0.006963788300835654 0.03260869565217391
4 0.366991643454039 0.28804347826086957 0.010445682451253482 0.041304347826086954
0 0.7263231197771588 0.3168478260869565 0.00766016713091922 0.03369565217391304
0 0.21065459610027856 0.2565217391304348 0.00766016713091922 0.034782608695652174
4 0.3871866295264624 0.5201086956521739 0.033426183844011144 0.1423913043478261
4 0.08913649025069638 0.3744565217391304 0.023676880222841225 0.08586956521739131
4 0.05727715877437326 0.33206521739130435 0.016364902506963788 0.07282608695652174
0 0.5980153203342619 0.29347826086956524 0.007311977715877437 0.030434782608695653
4 0.8938022284122563 0.3815217391304348 0.011142061281337047 0.04782608695652174
0 0.8709958217270195 0.34782608695652173 0.008704735376044569 0.0391304347826087
4 0.18819637883008355 0.2858695652173913 0.012186629526462395 0.04565217391304348
0 0.9416782729805014 0.36086956521739133 0.009401114206128134 0.03695652173913044
4 0.7017757660167131 0.3347826086956522 0.009401114206128134 0.041304347826086954
4 0.48729108635097496 0.3005434782608696 0.009401114206128134 0.04021739130434782
0 0.05188022284122563 0.2565217391304348 0.006267409470752089 0.041304347826086954
4 0.5990598885793872 0.31630434782608696 0.009401114206128134 0.0391304347826087
4 0.26497214484679665 0.28369565217391307 0.011142061281337047 0.043478260869565216
4 0.8793523676880223 0.7896739130434782 0.028899721448467967 0.11413043478260869