0 0.5210654596100278 0.3641304347826087 0.019846796657381614 0.07173913043478261
0 0.8979805013927576 0.2902173913043478 0.016713091922005572 0.06086956521739131
0 0.19202646239554316 0.3516304347826087 0.012186629526462395 0.04456521739130435
0 0.42235376044568246 0.33967391304347827 0.014623955431754874 0.05543478260869565
0 0.6056754874651811 0.4391304347826087 0.030292479108635098 0.11304347826086956
4 0.5396935933147632 0.2967391304347826 0.012534818941504178 0.04565217391304348
4 0.07120473537604456 0.3527173913043478 0.012186629526462395 0.03804347826086957
0 0.31162952646239556 0.3375 0.012534818941504178 0.04891304347826087
4 0.6850626740947076 0.30869565217391304 0.014972144846796657 0.05652173913043478
4 0.24860724233983286 0.3201086956521739 0.010445682451253482 0.035869565217391305
4 0.3934540389972145 0.30217391304347824 0.011142061281337047 0.0391304347826087
2 0.8615947075208914 0.2684782608695652 0.015668523676880222 0.05217391304347826
2 0.8151114206128134 0.2375 0.009749303621169917 0.035869565217391305
2 0.7898676880222841 0.2217391304347826 0.008008356545961003 0.02826086956521739
2 0.7736768802228412 0.21141304347826087 0.005571030640668524 0.02282608695652174
2 0.7231894150417827 0.21739130434782608 0.006267409470752089 0.021739130434782608
1 0.5973189415041783 0.6918478260869565 0.044916434540389974 0.2858695652173913
2 0.75 0.2141304347826087 0.006267409470752089 0.021739130434782608
1 0.6366643454038997 0.5722826086956522 0.049094707520891366 0.31630434782608696
2 0.6901114206128134 0.2842391304347826 0.00766016713091922 0.04673913043478261
2 0.6942896935933147 0.25 0.008356545961002786 0.03260869565217391
3 0.817374651810585 0.1967391304347826 0.00383008356545961 0.015217391304347827
3 0.8561977715877437 0.1858695652173913 0.003481894150417827 0.013043478260869565
3 0.8861420612813371 0.18695652173913044 0.004178272980501393 0.015217391304347827
3 0.7125696378830083 0.21195652173913043 0.00383008356545961 0.017391304347826087
3 0.7782033426183844 0.20652173913043478 0.003481894150417827 0.01956521739130435
2 0.6963788300835655 0.23152173913043478 0.004874651810584958 0.02608695652173913
2 0.6977715877437326 0.21956521739130436 0.003481894150417827 0.01956521739130435
0 0.6349233983286908 0.7054347826086956 0.03934540389972145 0.21739130434782608