0 0.33191489361702126 0.4527777777777778 0.01702127659574468 0.04259259259259259
0 0.2779255319148936 0.5203703703703704 0.03138297872340425 0.07037037037037037
0 0.5787234042553191 0.4083333333333333 0.009574468085106383 0.022222222222222223
0 0.6292553191489362 0.4027777777777778 0.007446808510638298 0.020370370370370372
0 0.6561170212765958 0.39537037037037037 0.006914893617021276 0.016666666666666666
0 0.6606382978723404 0.38472222222222224 0.005319148936170213 0.013888888888888888
0 0.6470744680851064 0.3921296296296296 0.005851063829787234 0.01574074074074074
0 0.6425531914893617 0.38842592592592595 0.005319148936170213 0.01574074074074074
0 0.6944148936170212 0.3814814814814815 0.003723404255319149 0.011111111111111112
4 0.08617021276595745 0.39814814814814814 0.010638297872340425 0.022222222222222223
4 0.09920212765957447 0.39675925925925926 0.011170212765957447 0.023148148148148147
4 0.6561170212765958 0.5009259259259259 0.032446808510638296 0.06666666666666667
4 0.6175531914893617 0.45787037037037037 0.015957446808510637 0.03611111111111111
4 0.6164893617021276 0.4337962962962963 0.013829787234042552 0.032407407407407406
4 0.7063829787234043 0.4199074074074074 0.010638297872340425 0.026851851851851852
4 0.7289893617021277 0.39351851851851855 0.005851063829787234 0.016666666666666666
4 0.7691489361702127 0.4060185185185185 0.00851063829787234 0.019444444444444445
4 0.7545212765957446 0.4115740740740741 0.007978723404255319 0.021296296296296296
4 0.7577127659574469 0.3990740740740741 0.005851063829787234 0.016666666666666666
4 0.7513297872340425 0.38333333333333336 0.003723404255319149 0.011111111111111112
4 0.7712765957446809 0.38101851851851853 0.00425531914893617 0.012037037037037037
4 0.7869680851063829 0.3773148148148148 0.003723404255319149 0.010185185185185186
4 0.7231382978723404 0.3888888888888889 0.0047872340425531915 0.016666666666666666