0 0.8017061281337048 0.3081521739130435 0.008008356545961003 0.03152173913043478
0 0.30118384401114207 0.25869565217391305 0.008356545961002786 0.034782608695652174
4 0.22266713091922005 0.31956521739130433 0.018454038997214484 0.06521739130434782
4 0.47736768802228413 0.2777173913043478 0.009052924791086351 0.035869565217391305
4 0.3810933147632312 0.27880434782608693 0.0100974930362117 0.04021739130434782
0 0.4293175487465181 0.2608695652173913 0.00766016713091922 0.030434782608695653
0 0.5534470752089137 0.27065217391304347 0.008008356545961003 0.02826086956521739
4 0.2945682451253482 0.2907608695652174 0.013927576601671309 0.04891304347826087
4 0.19498607242339833 0.38315217391304346 0.026462395543175487 0.0967391304347826
0 0.17043871866295265 0.2684782608695652 0.012186629526462395 0.04565217391304348
1 0.3645543175487465 0.5163043478260869 0.06545961002785515 0.26956521739130435
4 0.7801183844011143 0.3179347826086957 0.009401114206128134 0.035869565217391305
4 0.3004874651810585 0.5217391304347826 0.04665738161559889 0.1565217391304348
1 0.2620125348189415 0.4494565217391304 0.05188022284122563 0.2184782608695652
4 0.8943245125348189 0.3456521739130435 0.01149025069637883 0.041304347826086954
4 0.5778203342618384 0.28641304347826085 0.008008356545961003 0.035869565217391305
0 0.674616991643454 0.2847826086956522 0.005222841225626741 0.02608695652173913
0 0.9484679665738162 0.34347826086956523 0.005571030640668524 0.03260869565217391
4 0.6784470752089137 0.29945652173913045 0.008704735376044569 0.03369565217391304
4 0.748433147632312 0.7336956521739131 0.05745125348189415 0.22391304347826088