0 0.44603064066852366 0.7422680412371134 0.0807799442896936 0.12457044673539519
0 0.6420612813370473 0.5781786941580757 0.032729805013927575 0.04381443298969072
0 0.814066852367688 0.5474656357388317 0.018802228412256268 0.027920962199312716
0 0.7999651810584958 0.5150343642611683 0.008704735376044569 0.013745704467353952
0 0.854108635097493 0.5360824742268041 0.016713091922005572 0.023195876288659795
0 0.9077298050139275 0.5313573883161512 0.013231197771587743 0.020618556701030927
0 0.8965877437325905 0.5680841924398625 0.02924791086350975 0.03651202749140894
4 0.2076949860724234 0.6194158075601375 0.041434540389972144 0.0661512027491409
4 0.6916782729805014 0.5601374570446735 0.026114206128133706 0.0352233676975945
4 0.7435584958217271 0.5807560137457045 0.028203342618384402 0.04381443298969072
4 0.8123259052924791 0.5105240549828178 0.008356545961002786 0.01245704467353952
4 0.9120821727019499 0.5107388316151202 0.006615598885793872 0.011168384879725086
2 0.34174791086350975 0.6003006872852233 0.03725626740947075 0.054553264604811
2 0.7174442896935933 0.5375859106529209 0.017061281337047353 0.02534364261168385
2 0.7505222841225627 0.5208333333333334 0.01149025069637883 0.01675257731958763
2 0.8675139275766016 0.5178264604810997 0.0100974930362117 0.015034364261168385
2 0.9082520891364902 0.5124570446735395 0.008704735376044569 0.012027491408934709
2 0.8904944289693594 0.647766323024055 0.05814763231197772 0.07474226804123711