0 0.3800531914893617 0.41898148148148145 0.011170212765957447 0.032407407407407406
0 0.4422872340425532 0.4041666666666667 0.010106382978723405 0.025
0 0.31835106382978723 0.44351851851851853 0.019680851063829788 0.044444444444444446
0 0.21968085106382979 0.5037037037037037 0.035106382978723406 0.07222222222222222
0 0.9034574468085106 0.3875 0.009042553191489361 0.021296296296296296
0 0.8202127659574469 0.37824074074074077 0.00851063829787234 0.017592592592592594
0 0.8715425531914893 0.3824074074074074 0.009042553191489361 0.018518518518518517
0 0.4622340425531915 0.3837962962962963 0.006382978723404255 0.017592592592592594
0 0.48936170212765956 0.3939814814814815 0.00851063829787234 0.023148148148148147
0 0.4944148936170213 0.38796296296296295 0.006914893617021276 0.018518518518518517
0 0.7287234042553191 0.375 0.00851063829787234 0.016666666666666666
4 0.6712765957446809 0.43842592592592594 0.01702127659574468 0.04351851851851852
4 0.5859042553191489 0.37916666666666665 0.007978723404255319 0.017592592592592594
4 0.9170212765957447 0.45787037037037037 0.015957446808510637 0.049074074074074076
4 0.798936170212766 0.5083333333333333 0.030851063829787233 0.07592592592592592
4 0.7962765957446809 0.42962962962962964 0.018085106382978722 0.03888888888888889
4 0.7438829787234043 0.4111111111111111 0.013297872340425532 0.03148148148148148
4 0.7329787234042553 0.39814814814814814 0.00851063829787234 0.025925925925925925
4 0.6585106382978724 0.39537037037037037 0.010638297872340425 0.025925925925925925
4 0.6305851063829787 0.41203703703703703 0.013297872340425532 0.02962962962962963
4 0.6234042553191489 0.4027777777777778 0.011702127659574468 0.027777777777777776
4 0.6414893617021277 0.3837962962962963 0.00851063829787234 0.021296296296296296
4 0.6704787234042553 0.3902777777777778 0.009042553191489361 0.023148148148148147
4 0.6776595744680851 0.3800925925925926 0.007446808510638298 0.019444444444444445
4 0.7481382978723404 0.3888888888888889 0.006914893617021276 0.020370370370370372
4 0.739095744680851 0.38425925925925924 0.007978723404255319 0.020370370370370372