0 0.8114554317548747 0.2657608695652174 0.01288300835654596 0.04891304347826087
0 0.6775766016713092 0.22880434782608697 0.006963788300835654 0.029347826086956522
1 0.721274373259053 0.3298913043478261 0.027506963788300837 0.1358695652173913
0 0.7235376044568245 0.2326086956521739 0.00766016713091922 0.034782608695652174
0 0.6337047353760445 0.22717391304347825 0.006267409470752089 0.02826086956521739
0 0.7893454038997214 0.28641304347826085 0.014623955431754874 0.059782608695652176
0 0.4763231197771588 0.22608695652173913 0.004874651810584958 0.021739130434782608
0 0.5376044568245125 0.22880434782608697 0.006267409470752089 0.025
0 0.762883008356546 0.23967391304347826 0.009052924791086351 0.03804347826086957
4 0.8243384401114207 0.21793478260869564 0.008704735376044569 0.03152173913043478
0 0.7952646239554317 0.25 0.010445682451253482 0.043478260869565216
0 0.9185236768802229 0.1826086956521739 0.004874651810584958 0.01956521739130435
4 0.9047701949860725 0.2266304347826087 0.0100974930362117 0.03804347826086957
4 0.5915738161559888 0.2157608695652174 0.006267409470752089 0.02282608695652174
4 0.6836699164345403 0.21358695652173912 0.005919220055710306 0.02282608695652174
0 0.5412604456824512 0.5385869565217392 0.045612813370473536 0.1641304347826087
0 0.8725626740947076 0.18478260869565216 0.004178272980501393 0.017391304347826087
0 0.8408774373259053 0.18695652173913044 0.003481894150417827 0.017391304347826087
4 0.5605849582172702 0.21521739130434783 0.006267409470752089 0.021739130434782608
4 0.6147284122562674 0.20108695652173914 0.005222841225626741 0.017391304347826087
0 0.6472841225626741 0.19456521739130433 0.003481894150417827 0.015217391304347827
0 0.7096100278551533 0.1907608695652174 0.003481894150417827 0.016304347826086956
0 0.5318593314763231 0.20652173913043478 0.004526462395543176 0.017391304347826087
4 0.5477019498607242 0.21195652173913043 0.004874651810584958 0.01956521739130435
4 0.8850974930362117 0.18967391304347825 0.006267409470752089 0.020652173913043477
1 0.7022980501392758 0.34619565217391307 0.035515320334261836 0.14891304347826087
0 0.4636142061281337 0.22119565217391304 0.005222841225626741 0.020652173913043477
0 0.485550139275766 0.21358695652173912 0.00383008356545961 0.016304347826086956
4 0.7552228412256268 0.2141304347826087 0.006267409470752089 0.02608695652173913
4 0.5567548746518106 0.20869565217391303 0.004874651810584958 0.017391304347826087
0 0.5886142061281338 0.2 0.00383008356545961 0.015217391304347827
4 0.8316504178272981 0.19184782608695652 0.005919220055710306 0.020652173913043477
4 0.7571378830083565 0.1923913043478261 0.005222841225626741 0.017391304347826087
4 0.7125696378830083 0.19456521739130433 0.004526462395543176 0.017391304347826087
4 0.5778203342618384 0.20543478260869566 0.004526462395543176 0.017391304347826087
0 0.7735027855153204 0.1875 0.00383008356545961 0.016304347826086956
4 0.6641713091922006 0.19728260869565217 0.004526462395543176 0.016304347826086956
0 0.7137883008356546 0.36195652173913045 0.0201949860724234 0.0891304347826087