0 0.3569148936170213 0.575462962962963 0.047872340425531915 0.10277777777777777
0 0.4909574468085106 0.4726851851851852 0.02553191489361702 0.05648148148148148
0 0.5093085106382979 0.4287037037037037 0.015425531914893617 0.03888888888888889
0 0.4933510638297872 0.4101851851851852 0.013297872340425532 0.02962962962962963
0 0.44148936170212766 0.3976851851851852 0.010638297872340425 0.025
0 0.38563829787234044 0.39166666666666666 0.009574468085106383 0.022222222222222223
0 0.3449468085106383 0.3888888888888889 0.009042553191489361 0.022222222222222223
0 0.2976063829787234 0.3875 0.009042553191489361 0.021296296296296296
0 0.20372340425531915 0.3902777777777778 0.010638297872340425 0.023148148148148147
0 0.13111702127659575 0.3925925925925926 0.010106382978723405 0.022222222222222223
0 0.7904255319148936 0.3902777777777778 0.006382978723404255 0.01574074074074074
4 0.375 0.38055555555555554 0.00851063829787234 0.018518518518518517
4 0.26941489361702126 0.3819444444444444 0.009042553191489361 0.021296296296296296
4 0.1202127659574468 0.38472222222222224 0.009574468085106383 0.021296296296296296
4 0.8444148936170213 0.47129629629629627 0.03031914893617021 0.05925925925925926
4 0.7529255319148936 0.4273148148148148 0.018617021276595744 0.03981481481481482
4 0.6473404255319148 0.4046296296296296 0.01276595744680851 0.02962962962962963
4 0.5614361702127659 0.3925925925925926 0.010106382978723405 0.024074074074074074
4 0.49813829787234043 0.38472222222222224 0.010106382978723405 0.021296296296296296
4 0.4523936170212766 0.38055555555555554 0.007978723404255319 0.018518518518518517
4 0.7869680851063829 0.38981481481481484 0.005851063829787234 0.014814814814814815
2 0.8345744680851064 0.4152777777777778 0.030851063829787233 0.030555555555555555