0 0.23085106382978723 0.7192567567567567 0.0574468085106383 0.08175675675675675
0 0.1803191489361702 0.6222972972972973 0.018085106382978722 0.031081081081081083
0 0.3377659574468085 0.6016891891891892 0.013829787234042552 0.02364864864864865
0 0.4377659574468085 0.5888513513513514 0.011702127659574468 0.019594594594594596
0 0.5047872340425532 0.5793918918918919 0.009574468085106383 0.018243243243243244
0 0.5944148936170213 0.5682432432432433 0.007978723404255319 0.013513513513513514
0 0.6159574468085106 0.5662162162162162 0.007446808510638298 0.012162162162162163
0 0.6683510638297873 0.5625 0.005851063829787234 0.010135135135135136
0 0.7231382978723404 0.5594594594594594 0.005851063829787234 0.012162162162162163
0 0.8021276595744681 0.5577702702702703 0.006382978723404255 0.011486486486486487
0 0.8824468085106383 0.5587837837837838 0.007446808510638298 0.012162162162162163
0 0.8965425531914893 0.5506756756756757 0.005851063829787234 0.00945945945945946
0 0.8944148936170213 0.5493243243243243 0.0047872340425531915 0.00945945945945946
0 0.8912234042553191 0.5483108108108108 0.003723404255319149 0.007432432432432433
0 0.8606382978723405 0.6425675675675676 0.031914893617021274 0.04864864864864865
0 0.6361702127659574 0.6581081081081082 0.03404255319148936 0.05405405405405406
4 0.21941489361702127 0.6010135135135135 0.015425531914893617 0.0222972972972973
4 0.3271276595744681 0.589527027027027 0.01276595744680851 0.018243243243243244
4 0.4026595744680851 0.5820945945945946 0.00851063829787234 0.015540540540540541
4 0.5103723404255319 0.5709459459459459 0.007978723404255319 0.013513513513513514
4 0.5481382978723405 0.5668918918918919 0.005851063829787234 0.012162162162162163
4 0.5968085106382979 0.5628378378378378 0.005319148936170213 0.010810810810810811
4 0.675 0.5594594594594594 0.005319148936170213 0.00945945945945946
4 0.7627659574468085 0.5564189189189189 0.006382978723404255 0.010135135135135136
4 0.8563829787234043 0.5567567567567567 0.006382978723404255 0.010810810810810811
4 0.8220744680851064 0.543581081081081 0.0047872340425531915 0.007432432432432433
4 0.8367021276595744 0.5489864864864865 0.00425531914893617 0.008783783783783784
4 0.8329787234042553 0.5493243243243243 0.00425531914893617 0.008108108108108109
4 0.8292553191489361 0.5513513513513514 0.00425531914893617 0.006756756756756757
2 0.4640957446808511 0.5760135135135135 0.010106382978723405 0.015540540540540541
2 0.5569148936170213 0.5736486486486486 0.00851063829787234 0.016216216216216217