2 0.2214484679665738 0.34347826086956523 0.018802228412256268 0.06739130434782609
2 0.3864902506963788 0.2440217391304348 0.00766016713091922 0.03152173913043478
2 0.3081476323119777 0.27880434782608693 0.010445682451253482 0.042391304347826085
2 0.44846796657381616 0.26467391304347826 0.009749303621169917 0.042391304347826085
0 0.8530640668523677 0.4777173913043478 0.04805013927576602 0.1532608695652174
2 0.4362813370473538 0.32065217391304346 0.016713091922005572 0.06739130434782609
2 0.35097493036211697 0.24782608695652175 0.00766016713091922 0.03260869565217391
2 0.4220055710306407 0.24021739130434783 0.00766016713091922 0.030434782608695653
2 0.3920612813370474 0.5217391304347826 0.037604456824512536 0.1565217391304348
2 0.4531685236768802 0.23804347826086958 0.008008356545961003 0.030434782608695653
0 0.2905640668523677 0.8228260869565217 0.02054317548746518 0.05