0 0.4031914893617021 0.4356481481481482 0.01702127659574468 0.03796296296296296
0 0.4343085106382979 0.40555555555555556 0.009042553191489361 0.024074074074074074
0 0.449468085106383 0.39166666666666666 0.007446808510638298 0.018518518518518517
0 0.3276595744680851 0.5013888888888889 0.02872340425531915 0.06574074074074074
0 0.4587765957446808 0.38333333333333336 0.005851063829787234 0.014814814814814815
0 0.4651595744680851 0.37916666666666665 0.005851063829787234 0.013888888888888888
0 0.46914893617021275 0.37453703703703706 0.00425531914893617 0.010185185185185186
4 0.6914893617021277 0.5009259259259259 0.03297872340425532 0.07037037037037037
4 0.6071808510638298 0.43425925925925923 0.01648936170212766 0.03888888888888889
4 0.5686170212765957 0.4050925925925926 0.009574468085106383 0.023148148148148147
4 0.5481382978723405 0.3902777777777778 0.006914893617021276 0.017592592592592594
4 0.5382978723404256 0.3819444444444444 0.005319148936170213 0.013888888888888888
4 0.5313829787234042 0.37777777777777777 0.00425531914893617 0.012962962962962963
4 0.5252659574468085 0.37453703703703706 0.003723404255319149 0.012037037037037037
4 0.5215425531914893 0.37175925925925923 0.0026595744680851063 0.008333333333333333
4 0.5180851063829788 0.3699074074074074 0.002127659574468085 0.008333333333333333
4 0.5146276595744681 0.3675925925925926 0.0026595744680851063 0.007407407407407408