0 0.2702127659574468 0.6699324324324324 0.0425531914893617 0.06283783783783783
0 0.3473404255319149 0.6185810810810811 0.023404255319148935 0.037162162162162164
0 0.37898936170212766 0.5945945945945946 0.01648936170212766 0.02702702702702703
0 0.4002659574468085 0.581418918918919 0.01223404255319149 0.0222972972972973
0 0.41462765957446807 0.5736486486486486 0.009042553191489361 0.01756756756756757
0 0.42340425531914894 0.5679054054054054 0.007446808510638298 0.01418918918918919
0 0.43031914893617024 0.5625 0.006382978723404255 0.012837837837837839
0 0.4204787234042553 0.5614864864864865 0.005851063829787234 0.012162162162162163
0 0.39335106382978724 0.5614864864864865 0.006914893617021276 0.012162162162162163
0 0.36409574468085104 0.5621621621621622 0.005851063829787234 0.012162162162162163
0 0.28297872340425534 0.5648648648648649 0.007446808510638298 0.012162162162162163
0 0.18430851063829787 0.5709459459459459 0.010106382978723405 0.014864864864864866
4 0.7071808510638298 0.6719594594594595 0.04521276595744681 0.06418918918918919
4 0.6226063829787234 0.6172297297297298 0.027127659574468086 0.03986486486486487
4 0.5747340425531915 0.5939189189189189 0.01648936170212766 0.02837837837837838
4 0.5539893617021276 0.5807432432432432 0.01223404255319149 0.0222972972972973
4 0.5438829787234043 0.5726351351351351 0.009042553191489361 0.016891891891891893
4 0.5356382978723404 0.5672297297297297 0.007446808510638298 0.01418918918918919
4 0.5289893617021276 0.5625 0.006914893617021276 0.012837837837837839
4 0.5167553191489361 0.5608108108108109 0.006914893617021276 0.013513513513513514
4 0.4800531914893617 0.5591216216216216 0.005851063829787234 0.010135135135135136
4 0.44707446808510637 0.5587837837837838 0.005851063829787234 0.010810810810810811
4 0.4 0.5594594594594594 0.006382978723404255 0.010810810810810811
4 0.3569148936170213 0.5597972972972973 0.007446808510638298 0.011486486486486487
4 0.3194148936170213 0.5614864864864865 0.006914893617021276 0.012162162162162163
4 0.24069148936170212 0.5648648648648649 0.007978723404255319 0.012162162162162163
4 0.14680851063829786 0.5695945945945946 0.00851063829787234 0.014864864864864866