0 0.08304317548746518 0.21793478260869564 0.007311977715877437 0.02717391304347826
4 0.10445682451253482 0.3967391304347826 0.026462395543175487 0.09565217391304348
4 0.09836350974930362 0.23206521739130434 0.009401114206128134 0.03152173913043478
0 0.14832869080779945 0.2233695652173913 0.006963788300835654 0.025
0 0.22701949860724233 0.2266304347826087 0.006267409470752089 0.020652173913043477
4 0.3464484679665738 0.24021739130434783 0.004874651810584958 0.01956521739130435
4 0.26758356545961004 0.2418478260869565 0.006615598885793872 0.025
0 0.19846796657381616 0.22554347826086957 0.006267409470752089 0.02282608695652174
4 0.3826601671309192 0.5494565217391304 0.04108635097493036 0.15543478260869564
0 0.25974930362116994 0.22608695652173913 0.004178272980501393 0.017391304347826087
0 0.91991643454039 0.32282608695652176 0.004178272980501393 0.01956521739130435
0 0.8555013927576601 0.30978260869565216 0.004874651810584958 0.015217391304347827
4 0.541782729805014 0.24891304347826088 0.002785515320334262 0.013043478260869565
0 0.8051880222841226 0.2956521739130435 0.0031337047353760445 0.013043478260869565
0 0.8847493036211699 0.31521739130434784 0.004874651810584958 0.017391304347826087
0 0.8152855153203342 0.29945652173913045 0.00383008356545961 0.014130434782608696
4 0.31807103064066855 0.24130434782608695 0.005222841225626741 0.021739130434782608
4 0.8770891364902507 0.3173913043478261 0.006267409470752089 0.017391304347826087
0 0.4853760445682451 0.24021739130434783 0.002785515320334262 0.010869565217391304
0 0.5059192200557103 0.24021739130434783 0.003481894150417827 0.010869565217391304
0 0.4270543175487465 0.23423913043478262 0.0031337047353760445 0.014130434782608696
4 0.5501392757660167 0.2483695652173913 0.002785515320334262 0.011956521739130435
4 0.1958565459610028 0.23967391304347826 0.008704735376044569 0.02717391304347826
4 0.5908774373259053 0.2532608695652174 0.002785515320334262 0.010869565217391304
0 0.7600974930362117 0.2842391304347826 0.0020891364902506965 0.011956521739130435
4 0.5339484679665738 0.25 0.0031337047353760445 0.013043478260869565
0 0.49268802228412256 0.2407608695652174 0.002785515320334262 0.011956521739130435
4 0.7493036211699164 0.2858695652173913 0.002785515320334262 0.013043478260869565
0 0.4481197771587744 0.2375 0.003481894150417827 0.014130434782608696
4 0.38387883008356544 0.23206521739130434 0.0031337047353760445 0.014130434782608696
4 0.5154944289693594 0.24782608695652175 0.0031337047353760445 0.015217391304347827
0 0.27698467966573814 0.22608695652173913 0.004526462395543176 0.01956521739130435
0 0.828516713091922 0.3032608695652174 0.0031337047353760445 0.015217391304347827
0 0.2822075208913649 0.2233695652173913 0.0031337047353760445 0.016304347826086956
0 0.3892757660167131 0.2298913043478261 0.003481894150417827 0.014130434782608696
4 0.9366295264623955 0.3293478260869565 0.006267409470752089 0.01956521739130435
4 0.5682451253481894 0.2510869565217391 0.002785515320334262 0.010869565217391304
4 0.7202298050139275 0.27717391304347827 0.002437325905292479 0.010869565217391304
4 0.4428969359331476 0.24021739130434783 0.003481894150417827 0.015217391304347827
4 0.7736768802228412 0.29347826086956524 0.003481894150417827 0.015217391304347827
4 0.3582869080779944 0.23804347826086958 0.004874651810584958 0.01956521739130435
0 0.47075208913649025 0.2391304347826087 0.002785515320334262 0.013043478260869565
0 0.7879526462395543 0.2902173913043478 0.002785515320334262 0.013043478260869565
4 0.4764972144846797 0.2440217391304348 0.00383008356545961 0.014130434782608696
0 0.28847493036211697 0.22065217391304348 0.004526462395543176 0.017391304347826087
4 0.7383356545961003 0.28206521739130436 0.0031337047353760445 0.011956521739130435
4 0.7028203342618384 0.2722826086956522 0.002437325905292479 0.011956521739130435
4 0.6716573816155988 0.266304347826087 0.0020891364902506965 0.010869565217391304
0 0.6871518105849582 0.26793478260869563 0.0017409470752089136 0.011956521739130435
4 0.8238161559888579 0.30543478260869567 0.003481894150417827 0.015217391304347827
0 0.3178969359331476 0.22010869565217392 0.003481894150417827 0.014130434782608696
0 0.3530640668523677 0.22391304347826088 0.002785515320334262 0.013043478260869565
0 0.6053272980501393 0.2543478260869565 0.002437325905292479 0.010869565217391304
4 0.6173398328690808 0.2576086956521739 0.002785515320334262 0.010869565217391304
4 0.7576601671309192 0.2891304347826087 0.002785515320334262 0.013043478260869565
4 0.6434540389972145 0.2619565217391304 0.002785515320334262 0.010869565217391304
0 0.7261490250696379 0.275 0.0017409470752089136 0.010869565217391304
0 0.5360376044568245 0.24456521739130435 0.002437325905292479 0.010869565217391304
4 0.3629874651810585 0.23695652173913043 0.00383008356545961 0.017391304347826087
4 0.36246518105849584 0.22826086956521738 0.003481894150417827 0.013043478260869565
4 0.354108635097493 0.23315217391304346 0.003481894150417827 0.014130434782608696
0 0.6455431754874652 0.2608695652173913 0.002785515320334262 0.008695652173913044
4 0.8410515320334262 0.8032608695652174 0.02541782729805014 0.0891304347826087
0 0.28551532033426186 0.22554347826086957 0.004178272980501393 0.01847826086956522