0 0.6216922005571031 0.48586956521739133 0.03934540389972145 0.13478260869565217
0 0.817374651810585 0.3565217391304348 0.02541782729805014 0.08695652173913043
0 0.615424791086351 0.17717391304347826 0.004526462395543176 0.01956521739130435
0 0.5396935933147632 0.18315217391304348 0.004874651810584958 0.020652173913043477
0 0.45403899721448465 0.1891304347826087 0.004874651810584958 0.01956521739130435
4 0.41208217270194986 0.1815217391304348 0.0031337047353760445 0.015217391304347827
0 0.3950208913649025 0.19021739130434784 0.00383008356545961 0.017391304347826087
0 0.3528899721448468 0.18967391304347825 0.00383008356545961 0.01847826086956522
0 0.8053621169916435 0.16032608695652173 0.004178272980501393 0.016304347826086956
4 0.5045264623955432 0.1766304347826087 0.004178272980501393 0.016304347826086956
0 0.7634052924791086 0.16195652173913044 0.00383008356545961 0.015217391304347827
4 0.7818593314763231 0.15815217391304348 0.0031337047353760445 0.011956521739130435
0 0.8548050139275766 0.15978260869565217 0.004178272980501393 0.015217391304347827
0 0.6646935933147632 0.16956521739130434 0.004874651810584958 0.017391304347826087
4 0.5628481894150418 0.17391304347826086 0.005222841225626741 0.017391304347826087
0 0.7155292479108635 0.16467391304347825 0.004178272980501393 0.016304347826086956
4 0.6108983286908078 0.16793478260869565 0.004526462395543176 0.014130434782608696
4 0.415041782729805 0.1826086956521739 0.0020891364902506965 0.013043478260869565
4 0.6568593314763231 0.1641304347826087 0.0031337047353760445 0.015217391304347827
0 0.32973537604456826 0.18804347826086956 0.004178272980501393 0.015217391304347827
0 0.3231197771587744 0.19021739130434784 0.003481894150417827 0.013043478260869565
0 0.4885097493036212 0.17228260869565218 0.003481894150417827 0.011956521739130435
0 0.33513231197771587 0.19021739130434784 0.002437325905292479 0.010869565217391304
0 0.358983286908078 0.18804347826086956 0.002785515320334262 0.013043478260869565
4 0.38875348189415043 0.18478260869565216 0.002437325905292479 0.013043478260869565
4 0.39275766016713093 0.18478260869565216 0.0020891364902506965 0.010869565217391304
0 0.42496518105849584 0.175 0.002437325905292479 0.010869565217391304
0 0.4726671309192201 0.17065217391304346 0.002437325905292479 0.010869565217391304
4 0.4496866295264624 0.17717391304347826 0.00383008356545961 0.017391304347826087
0 0.522458217270195 0.16684782608695653 0.002437325905292479 0.011956521739130435
0 0.5492688022284122 0.16467391304347825 0.002437325905292479 0.011956521739130435
0 0.5757311977715878 0.1625 0.002437325905292479 0.009782608695652175
4 0.5379526462395543 0.16847826086956522 0.002785515320334262 0.010869565217391304
4 0.5853064066852368 0.16467391304347825 0.002785515320334262 0.011956521739130435
4 0.6260445682451253 0.16141304347826088 0.002785515320334262 0.011956521739130435
0 0.6084610027855153 0.15978260869565217 0.002437325905292479 0.010869565217391304
4 0.6981197771587744 0.15869565217391304 0.003481894150417827 0.013043478260869565
0 0.9073816155988857 0.1592391304347826 0.004874651810584958 0.014130434782608696
0 0.6927228412256268 0.15706521739130436 0.0031337047353760445 0.009782608695652175
4 0.7320682451253482 0.15760869565217392 0.00383008356545961 0.010869565217391304