0 0.13085106382978723 0.6083333333333333 0.05319148936170213 0.10925925925925926
0 0.1202127659574468 0.5231481481481481 0.031914893617021274 0.07222222222222222
0 0.15372340425531916 0.3814814814814815 0.005319148936170213 0.012962962962962963
0 0.35079787234042553 0.3731481481481482 0.0047872340425531915 0.012962962962962963
0 0.4242021276595745 0.37453703703703706 0.0047872340425531915 0.013888888888888888
0 0.4853723404255319 0.37546296296296294 0.0047872340425531915 0.013888888888888888
0 0.5662234042553191 0.3787037037037037 0.005851063829787234 0.016666666666666666
0 0.6156914893617021 0.38333333333333336 0.007978723404255319 0.016666666666666666
0 0.6978723404255319 0.3902777777777778 0.00851063829787234 0.021296296296296296
0 0.8425531914893617 0.40324074074074073 0.01276595744680851 0.026851851851851852
4 0.16781914893617023 0.42268518518518516 0.015425531914893617 0.032407407407407406
4 0.1595744680851064 0.387037037037037 0.00851063829787234 0.020370370370370372
4 0.30638297872340425 0.43287037037037035 0.01702127659574468 0.03796296296296296
4 0.24654255319148935 0.3824074074074074 0.007978723404255319 0.018518518518518517
4 0.3648936170212766 0.3824074074074074 0.007446808510638298 0.016666666666666666
4 0.4122340425531915 0.38564814814814813 0.00851063829787234 0.019444444444444445
4 0.5034574468085107 0.449537037037037 0.019680851063829788 0.04537037037037037
4 0.5324468085106383 0.3990740740740741 0.010638297872340425 0.025925925925925925
4 0.4643617021276596 0.3912037037037037 0.00851063829787234 0.021296296296296296
4 0.6914893617021277 0.48148148148148145 0.031914893617021274 0.06296296296296296
4 0.6226063829787234 0.41435185185185186 0.014361702127659574 0.030555555555555555
4 0.7579787234042553 0.43703703703703706 0.02127659574468085 0.04259259259259259