0 0.5814763231197771 0.8051975945017182 0.08983286908077995 0.14475945017182132
0 0.560933147632312 0.5345790378006873 0.010445682451253482 0.015893470790378006
0 0.7150069637883009 0.5189003436426117 0.006615598885793872 0.010309278350515464
0 0.7313718662952646 0.5139604810996563 0.005919220055710306 0.00902061855670103
0 0.7237116991643454 0.5253436426116839 0.008008356545961003 0.01288659793814433
0 0.7630571030640668 0.5109536082474226 0.005222841225626741 0.00816151202749141
0 0.7907381615598886 0.5287800687285223 0.010445682451253482 0.015463917525773196
0 0.8292130919220055 0.509020618556701 0.005222841225626741 0.007731958762886598
0 0.8897980501392758 0.507946735395189 0.005222841225626741 0.00816151202749141
0 0.9413300835654597 0.5085910652920962 0.005919220055710306 0.009450171821305841
0 0.9307103064066853 0.5234106529209622 0.011142061281337047 0.015034364261168385
0 0.8741295264623955 0.5390893470790378 0.014972144846796657 0.02147766323024055
0 0.7096100278551533 0.5491838487972509 0.016016713091922007 0.023625429553264604
0 0.6868036211699164 0.5923539518900344 0.030988857938718663 0.04209621993127148
0 0.8699512534818942 0.6265034364261168 0.04352367688022284 0.05970790378006873
4 0.5795612813370473 0.6649484536082474 0.05536211699164345 0.07731958762886598
4 0.7971796657381616 0.7444158075601375 0.08530640668523677 0.11597938144329897
4 0.5619777158774373 0.5274914089347079 0.008356545961002786 0.01288659793814433
4 0.6486768802228412 0.5212628865979382 0.00766016713091922 0.011597938144329897
4 0.7849930362116991 0.5165378006872853 0.008008356545961003 0.011597938144329897
4 0.815633704735376 0.5298539518900344 0.01149025069637883 0.01675257731958763
4 0.9307103064066853 0.5195446735395189 0.009749303621169917 0.014175257731958763
4 0.6805362116991643 0.5627147766323024 0.02054317548746518 0.03006872852233677
2 0.5315111420612814 0.5867697594501718 0.028203342618384402 0.037800687285223365
2 0.5228064066852368 0.5481099656357389 0.014275766016713091 0.02147766323024055
2 0.6324860724233984 0.5335051546391752 0.010793871866295265 0.01632302405498282
2 0.650766016713092 0.5236254295532646 0.00766016713091922 0.012027491408934709
2 0.7621866295264624 0.5186855670103093 0.00766016713091922 0.011597938144329897
2 0.8497562674094707 0.5169673539518901 0.008008356545961003 0.011597938144329897
2 0.908600278551532 0.5283505154639175 0.013579387186629526 0.01804123711340206
2 0.8448816155988857 0.5582044673539519 0.021239554317548745 0.028780068728522335