0 0.15212765957446808 0.4615740740740741 0.02127659574468085 0.04722222222222222
0 0.2574468085106383 0.43287037037037035 0.015957446808510637 0.03611111111111111
0 0.32526595744680853 0.412962962962963 0.01223404255319149 0.025925925925925925
0 0.13324468085106383 0.38472222222222224 0.009042553191489361 0.019444444444444445
0 0.249468085106383 0.37777777777777777 0.007446808510638298 0.018518518518518517
0 0.33856382978723404 0.3712962962962963 0.005851063829787234 0.018518518518518517
0 0.42101063829787233 0.3680555555555556 0.005851063829787234 0.01574074074074074
0 0.40425531914893614 0.39444444444444443 0.009574468085106383 0.022222222222222223
0 0.46941489361702127 0.3837962962962963 0.009042553191489361 0.021296296296296296
0 0.47845744680851066 0.3662037037037037 0.006914893617021276 0.017592592592592594
0 0.5132978723404256 0.3768518518518518 0.007446808510638298 0.018518518518518517
0 0.5313829787234042 0.3685185185185185 0.006382978723404255 0.016666666666666666
0 0.9143617021276595 0.3736111111111111 0.013829787234042552 0.013888888888888888
0 0.8566489361702128 0.36435185185185187 0.01223404255319149 0.012037037037037037
0 0.8063829787234043 0.35509259259259257 0.009574468085106383 0.010185185185185186
0 0.7811170212765958 0.3509259259259259 0.009042553191489361 0.009259259259259259
4 0.15691489361702127 0.375 0.007446808510638298 0.018518518518518517
4 0.25638297872340426 0.36944444444444446 0.007446808510638298 0.016666666666666666
4 0.3351063829787234 0.3662037037037037 0.007446808510638298 0.017592592592592594
4 0.3949468085106383 0.36157407407407405 0.005851063829787234 0.013888888888888888
4 0.47632978723404257 0.45601851851851855 0.023936170212765957 0.049074074074074076
4 0.47047872340425534 0.42685185185185187 0.014361702127659574 0.03518518518518519
4 0.4898936170212766 0.4097222222222222 0.011702127659574468 0.026851851851851852
4 0.4601063829787234 0.3597222222222222 0.006382978723404255 0.01574074074074074
4 0.7768617021276596 0.6620370370370371 0.07606382978723404 0.14814814814814814
4 0.5656914893617021 0.39351851851851855 0.010106382978723405 0.024074074074074074
4 0.5276595744680851 0.3587962962962963 0.006382978723404255 0.013888888888888888
4 0.5813829787234043 0.3611111111111111 0.006382978723404255 0.014814814814814815
4 0.6239361702127659 0.36527777777777776 0.007446808510638298 0.017592592592592594
4 0.6284574468085107 0.3814814814814815 0.007978723404255319 0.020370370370370372
4 0.6561170212765958 0.3699074074074074 0.006914893617021276 0.019444444444444445
1 0.0851063829787234 0.5111111111111111 0.02127659574468085 0.12777777777777777
1 0.5710106382978724 0.49444444444444446 0.04521276595744681 0.11666666666666667
1 0.5292553191489362 0.47824074074074074 0.0425531914893617 0.10277777777777777