0 0.3020543175487465 0.5405927835051546 0.012186629526462395 0.018470790378006873
0 0.42914345403899723 0.6230670103092784 0.03934540389972145 0.05627147766323024
0 0.46448467966573814 0.5551975945017182 0.018105849582172703 0.02620274914089347
0 0.4817200557103064 0.5259879725085911 0.008704735376044569 0.014175257731958763
0 0.47284122562674097 0.5189003436426117 0.006963788300835654 0.011168384879725086
0 0.4895543175487465 0.5135309278350515 0.005571030640668524 0.009879725085910653
0 0.5201949860724234 0.510094501718213 0.004874651810584958 0.00902061855670103
0 0.5480501392757661 0.5287800687285223 0.011142061281337047 0.01632302405498282
0 0.5816504178272981 0.5075171821305842 0.005222841225626741 0.00816151202749141
0 0.6349233983286908 0.5055841924398625 0.005222841225626741 0.007731958762886598
0 0.6765320334261838 0.5060137457044673 0.004874651810584958 0.00859106529209622
0 0.7111768802228412 0.506872852233677 0.005919220055710306 0.00859106529209622
0 0.7493036211699164 0.507946735395189 0.006267409470752089 0.009879725085910653
0 0.8807451253481894 0.5154639175257731 0.0100974930362117 0.014604810996563574
0 0.9253133704735376 0.5345790378006873 0.017757660167130918 0.02276632302405498
0 0.9042479108635098 0.6125429553264605 0.04805013927576602 0.05670103092783505
0 0.7261490250696379 0.5511168384879725 0.018454038997214484 0.028350515463917526
0 0.6739206128133705 0.5208333333333334 0.008704735376044569 0.014175257731958763
0 0.6302228412256268 0.538659793814433 0.013927576601671309 0.02147766323024055
0 0.6591225626740947 0.6651632302405498 0.05013927576601671 0.07860824742268041
4 0.21239554317548748 0.8167955326460481 0.10445682451253482 0.15506872852233677
4 0.3072771587743733 0.531786941580756 0.009401114206128134 0.014604810996563574
4 0.40459610027855153 0.5229810996563574 0.00766016713091922 0.01245704467353952
4 0.42879526462395545 0.5758161512027491 0.022632311977715876 0.03651202749140894
4 0.5421309192200557 0.5156786941580757 0.00766016713091922 0.011597938144329897
4 0.5727715877437326 0.5298539518900344 0.011142061281337047 0.01761168384879725
4 0.7825557103064067 0.5165378006872853 0.010793871866295265 0.015034364261168385
4 0.8426183844011143 0.5195446735395189 0.011838440111420613 0.01675257731958763
4 0.671483286908078 0.5161082474226805 0.007311977715877437 0.01245704467353952
2 0.2237116991643454 0.6224226804123711 0.041434540389972144 0.05326460481099656
2 0.24738857938718664 0.5601374570446735 0.017757660167130918 0.02491408934707904
2 0.3826601671309192 0.5375859106529209 0.011838440111420613 0.018470790378006873
2 0.40616295264623953 0.5257731958762887 0.008704735376044569 0.01288659793814433
2 0.5198467966573816 0.5180412371134021 0.006963788300835654 0.012027491408934709
2 0.6020194986072424 0.5152491408934707 0.00766016713091922 0.011597938144329897
2 0.85741643454039 0.594286941580756 0.03655988857938719 0.048539518900343644
2 0.7160515320334262 0.5356529209621993 0.016364902506963788 0.02147766323024055
2 0.6573816155988857 0.5259879725085911 0.011142061281337047 0.01675257731958763
2 0.6079387186629527 0.5627147766323024 0.02158774373259053 0.03006872852233677