0 0.3530640668523677 0.5358676975945017 0.016713091922005572 0.02534364261168385
0 0.3595055710306407 0.5204037800687286 0.012186629526462395 0.018470790378006873
0 0.4592618384401114 0.5771048109965635 0.02576601671309192 0.041666666666666664
0 0.44463788300835655 0.5139604810996563 0.009052924791086351 0.014175257731958763
0 0.5330779944289693 0.5128865979381443 0.006963788300835654 0.01288659793814433
0 0.6143802228412256 0.5154639175257731 0.008704735376044569 0.013745704467353952
0 0.6944637883008357 0.5195446735395189 0.008704735376044569 0.014175257731958763
0 0.7989206128133705 0.5255584192439863 0.0100974930362117 0.015893470790378006
4 0.28133704735376047 0.6419673539518901 0.04735376044568245 0.07345360824742268
4 0.6244777158774373 0.5562714776632303 0.022632311977715876 0.03264604810996564
4 0.9333217270194986 0.5569158075601375 0.02402506963788301 0.027920962199312716
2 0.4674442896935933 0.7285223367697594 0.07416434540389973 0.11082474226804123
2 0.6295264623955432 0.571520618556701 0.02437325905292479 0.03823024054982818
2 0.7399025069637883 0.5515463917525774 0.018802228412256268 0.027491408934707903