0 0.38351063829787235 0.36527777777777776 0.011702127659574468 0.013888888888888888
0 0.42925531914893617 0.37037037037037035 0.011702127659574468 0.014814814814814815
0 0.47952127659574467 0.375 0.013297872340425532 0.016666666666666666
0 0.6090425531914894 0.3912037037037037 0.015957446808510637 0.019444444444444445
0 0.5742021276595745 0.3625 0.005851063829787234 0.01574074074074074
0 0.5667553191489362 0.36574074074074076 0.005851063829787234 0.014814814814814815
0 0.5640957446808511 0.3587962962962963 0.0047872340425531915 0.013888888888888888
0 0.7723404255319148 0.4236111111111111 0.02446808510638298 0.028703703703703703
4 0.9005319148936171 0.6638888888888889 0.04893617021276596 0.15555555555555556
4 0.5446808510638298 0.4685185185185185 0.02872340425531915 0.06666666666666667
4 0.30159574468085104 0.42314814814814816 0.022340425531914895 0.046296296296296294