0 0.10724233983286909 0.531786941580756 0.018105849582172703 0.02491408934707904
0 0.42409470752089135 0.5193298969072165 0.010445682451253482 0.01632302405498282
0 0.5092270194986073 0.529639175257732 0.013579387186629526 0.019759450171821305
0 0.6716573816155988 0.5466065292096219 0.016713091922005572 0.02620274914089347
0 0.7087395543175488 0.583118556701031 0.026114206128133706 0.040807560137457045
0 0.9099930362116991 0.5962199312714777 0.03377437325905292 0.04553264604810996
0 0.5466573816155988 0.6112542955326461 0.03899721448467967 0.054982817869415807
4 0.203516713091922 0.5904209621993127 0.03795264623955432 0.05111683848797251
4 0.20229805013927576 0.5455326460481099 0.02298050139275766 0.030927835051546393
4 0.2694986072423398 0.5244845360824743 0.013231197771587743 0.020618556701030927
4 0.32085654596100277 0.5161082474226805 0.010793871866295265 0.015893470790378006
4 0.5215877437325905 0.5173969072164949 0.009749303621169917 0.015034364261168385
4 0.6084610027855153 0.5285652920962199 0.01288300835654596 0.019329896907216496
4 0.6544220055710307 0.5536941580756014 0.019846796657381614 0.029209621993127148
4 0.7550487465181058 0.5573453608247423 0.01915041782729805 0.03049828178694158
2 0.4352367688022284 0.5292096219931272 0.013927576601671309 0.02147766323024055
2 0.4857242339832869 0.5150343642611683 0.009052924791086351 0.013745704467353952
2 0.5005222841225627 0.5661512027491409 0.022632311977715876 0.0352233676975945
2 0.5142757660167131 0.5455326460481099 0.018105849582172703 0.02663230240549828
2 0.6349233983286908 0.5322164948453608 0.013579387186629526 0.019759450171821305
2 0.5701601671309192 0.6355240549828178 0.046309192200557105 0.06743986254295532