0 0.1855849582172702 0.6411082474226805 0.04805013927576602 0.07689003436426117
0 0.3111072423398329 0.5122422680412371 0.008704735376044569 0.014175257731958763
0 0.32990947075208915 0.506872852233677 0.007311977715877437 0.011168384879725086
0 0.3346100278551532 0.5246993127147767 0.011838440111420613 0.019329896907216496
0 0.3998955431754875 0.5049398625429553 0.006615598885793872 0.010738831615120275
0 0.450383008356546 0.5466065292096219 0.016364902506963788 0.027920962199312716
0 0.4674442896935933 0.5049398625429553 0.005919220055710306 0.009879725085910653
0 0.5261142061281338 0.5070876288659794 0.006267409470752089 0.010738831615120275
0 0.58008356545961 0.510094501718213 0.006963788300835654 0.010738831615120275
0 0.6514623955431755 0.5579896907216495 0.02437325905292479 0.03264604810996564
0 0.6453690807799443 0.5135309278350515 0.008008356545961003 0.011597938144329897
0 0.7141364902506964 0.5365120274914089 0.014623955431754874 0.02147766323024055
0 0.9075557103064067 0.5320017182130584 0.01288300835654596 0.01761168384879725
4 0.06284818941504178 0.5695876288659794 0.028203342618384402 0.04209621993127148
4 0.23346100278551532 0.5330756013745704 0.015668523676880222 0.024054982817869417
4 0.4411559888579387 0.5210481099656358 0.012534818941504178 0.018900343642611683
4 0.6429317548746518 0.5262027491408935 0.012186629526462395 0.01718213058419244
4 0.721100278551532 0.5618556701030928 0.022284122562674095 0.03264604810996564
4 0.8142409470752089 0.531786941580756 0.014275766016713091 0.018900343642611683
4 0.9317548746518106 0.5393041237113402 0.016016713091922007 0.02104810996563574
2 0.26915041782729804 0.541881443298969 0.016713091922005572 0.027061855670103094
2 0.4375 0.6069587628865979 0.04004178272980501 0.05670103092783505
2 0.423050139275766 0.5249140893470791 0.013231197771587743 0.019759450171821305
2 0.5259401114206128 0.5221219931271478 0.010793871866295265 0.01675257731958763
2 0.8020543175487466 0.5515463917525774 0.021239554317548745 0.027491408934707903