0 0.6101063829787234 0.40879629629629627 0.01702127659574468 0.03981481481481482
0 0.6300531914893617 0.35324074074074074 0.005851063829787234 0.01574074074074074
0 0.7244680851063829 0.3472222222222222 0.006382978723404255 0.014814814814814815
0 0.8348404255319148 0.3439814814814815 0.005851063829787234 0.01574074074074074
0 0.5529255319148936 0.3592592592592593 0.005851063829787234 0.016666666666666666
0 0.4523936170212766 0.3763888888888889 0.006914893617021276 0.021296296296296296
0 0.4117021276595745 0.38564814814814813 0.010638297872340425 0.026851851851851852
0 0.40877659574468084 0.3638888888888889 0.006914893617021276 0.018518518518518517
0 0.3468085106382979 0.36018518518518516 0.007446808510638298 0.016666666666666666
0 0.10079787234042553 0.4078703703703704 0.01648936170212766 0.03611111111111111
0 0.1 0.35833333333333334 0.006382978723404255 0.016666666666666666
0 0.1768617021276596 0.35509259259259257 0.0047872340425531915 0.012037037037037037
0 0.274468085106383 0.39814814814814814 0.013829787234042552 0.03333333333333333
0 0.261968085106383 0.35648148148148145 0.006914893617021276 0.018518518518518517
4 0.38351063829787235 0.4115740740740741 0.01702127659574468 0.03981481481481482
4 0.7079787234042553 0.39166666666666666 0.014893617021276596 0.03333333333333333
4 0.6771276595744681 0.35648148148148145 0.007446808510638298 0.018518518518518517
4 0.598404255319149 0.3824074074074074 0.011702127659574468 0.027777777777777776
4 0.6172872340425531 0.36203703703703705 0.007978723404255319 0.018518518518518517
4 0.7523936170212766 0.3527777777777778 0.007978723404255319 0.018518518518518517
4 0.8414893617021276 0.34953703703703703 0.00851063829787234 0.019444444444444445
4 0.5609042553191489 0.37592592592592594 0.007978723404255319 0.022222222222222223
4 0.5742021276595745 0.36898148148148147 0.006914893617021276 0.021296296296296296
4 0.45851063829787236 0.3592592592592593 0.006382978723404255 0.016666666666666666
4 0.38909574468085106 0.35509259259259257 0.006914893617021276 0.017592592592592594
4 0.08271276595744681 0.35324074074074074 0.007978723404255319 0.017592592592592594
4 0.18111702127659574 0.35185185185185186 0.0047872340425531915 0.014814814814814815
4 0.2867021276595745 0.35185185185185186 0.006382978723404255 0.016666666666666666
2 0.3316489361702128 0.45046296296296295 0.028191489361702127 0.06018518518518518
2 0.6643617021276595 0.4513888888888889 0.02872340425531915 0.062037037037037036
2 0.5404255319148936 0.35648148148148145 0.006382978723404255 0.016666666666666666
2 0.5367021276595745 0.3509259259259259 0.005319148936170213 0.014814814814814815
2 0.5321808510638298 0.34444444444444444 0.0047872340425531915 0.012962962962962963
2 0.526595744680851 0.33935185185185185 0.00425531914893617 0.012037037037037037
2 0.5215425531914893 0.3375 0.003723404255319149 0.010185185185185186
2 0.5085106382978724 0.3375 0.00425531914893617 0.010185185185185186
2 0.4930851063829787 0.33796296296296297 0.00425531914893617 0.011111111111111112
2 0.47845744680851066 0.3375 0.003723404255319149 0.010185185185185186
2 0.4651595744680851 0.3574074074074074 0.005851063829787234 0.012962962962962963
2 0.4646276595744681 0.35 0.003723404255319149 0.011111111111111112
2 0.4651595744680851 0.34305555555555556 0.003723404255319149 0.008333333333333333
2 0.4651595744680851 0.33611111111111114 0.003723404255319149 0.007407407407407408
1 0.5680851063829787 0.3712962962962963 0.01276595744680851 0.03888888888888889
1 0.5622340425531915 0.3675925925925926 0.010638297872340425 0.037037037037037035
1 0.4441489361702128 0.37175925925925923 0.01276595744680851 0.03796296296296296
1 0.4531914893617021 0.3675925925925926 0.009574468085106383 0.03518518518518519