4 0.8849233983286908 0.391304347826087 0.017061281337047353 0.06304347826086956
0 0.7278899721448467 0.30869565217391304 0.005919220055710306 0.02608695652173913
0 0.8201601671309192 0.3423913043478261 0.009401114206128134 0.0391304347826087
4 0.15842618384401114 0.3875 0.020891364902506964 0.07934782608695652
0 0.7710654596100278 0.3201086956521739 0.007311977715877437 0.029347826086956522
4 0.666608635097493 0.3375 0.0100974930362117 0.042391304347826085
0 0.10236768802228412 0.2543478260869565 0.006267409470752089 0.021739130434782608
0 0.6737465181058496 0.296195652173913 0.004874651810584958 0.02282608695652174
4 0.6159470752089137 0.30217391304347824 0.00766016713091922 0.02608695652173913
4 0.6493732590529248 0.3179347826086957 0.00766016713091922 0.03369565217391304
4 0.5499651810584958 0.2891304347826087 0.005222841225626741 0.02391304347826087
4 0.25504874651810583 0.475 0.03238161559888579 0.11521739130434783
0 0.14449860724233984 0.24945652173913044 0.003481894150417827 0.01847826086956522
0 0.8563718662952646 0.30434782608695654 0.00383008356545961 0.015217391304347827
4 0.14798050139275767 0.33206521739130435 0.012534818941504178 0.04891304347826087
4 0.5130571030640668 0.26956521739130435 0.00383008356545961 0.017391304347826087
4 0.4879874651810585 0.2798913043478261 0.004526462395543176 0.020652173913043477
4 0.21274373259052926 0.2554347826086957 0.004874651810584958 0.021739130434782608
4 0.18071030640668523 0.2614130434782609 0.004874651810584958 0.02282608695652174
4 0.6182103064066853 0.2728260869565217 0.0031337047353760445 0.015217391304347827
4 0.7449512534818942 0.2831521739130435 0.0031337047353760445 0.014130434782608696
4 0.8800487465181058 0.2956521739130435 0.00383008356545961 0.015217391304347827
0 0.7390320334261838 0.2875 0.002437325905292479 0.014130434782608696
4 0.7801183844011143 0.2597826086956522 0.0017409470752089136 0.008695652173913044
0 0.584958217270195 0.27608695652173915 0.004178272980501393 0.017391304347826087
4 0.9209610027855153 0.2967391304347826 0.003481894150417827 0.013043478260869565
4 0.8138927576601671 0.2597826086956522 0.0017409470752089136 0.008695652173913044
4 0.6901114206128134 0.25706521739130433 0.0020891364902506965 0.009782608695652175
4 0.501566852367688 0.7092391304347826 0.05466573816155989 0.21195652173913043
0 0.2717618384401114 0.2407608695652174 0.0031337047353760445 0.014130434782608696
4 0.6765320334261838 0.2766304347826087 0.002785515320334262 0.016304347826086956
0 0.9272284122562674 0.30869565217391304 0.003481894150417827 0.013043478260869565
4 0.14345403899721448 0.30380434782608695 0.006267409470752089 0.03369565217391304
4 0.3266016713091922 0.24347826086956523 0.002785515320334262 0.013043478260869565
4 0.2402506963788301 0.25 0.004178272980501393 0.01956521739130435
4 0.721100278551532 0.2576086956521739 0.0020891364902506965 0.008695652173913044
0 0.18610724233983286 0.2467391304347826 0.004526462395543176 0.017391304347826087
4 0.28708217270194986 0.24347826086956523 0.0031337047353760445 0.015217391304347827
0 0.6267409470752089 0.27880434782608693 0.003481894150417827 0.016304347826086956
0 0.7957869080779945 0.29456521739130437 0.0031337047353760445 0.015217391304347827
4 0.9312325905292479 0.2728260869565217 0.002437325905292479 0.008695652173913044
0 0.8924094707520891 0.26358695652173914 0.0020891364902506965 0.009782608695652175
4 0.5201949860724234 0.2532608695652174 0.0020891364902506965 0.010869565217391304
0 0.2338091922005571 0.2440217391304348 0.0031337047353760445 0.014130434782608696
4 0.9444637883008357 0.27880434782608693 0.002437325905292479 0.009782608695652175
4 0.3565459610027855 0.2451086956521739 0.002785515320334262 0.014130434782608696
4 0.8175487465181058 0.2891304347826087 0.002785515320334262 0.013043478260869565
4 0.9000696378830083 0.2673913043478261 0.0020891364902506965 0.008695652173913044
0 0.31145543175487467 0.2391304347826087 0.002437325905292479 0.010869565217391304
4 0.6627785515320335 0.2576086956521739 0.002437325905292479 0.010869565217391304
4 0.4900766016713092 0.2510869565217391 0.0017409470752089136 0.010869565217391304
4 0.25696378830083566 0.2467391304347826 0.004178272980501393 0.017391304347826087
4 0.15163649025069637 0.27119565217391306 0.007311977715877437 0.029347826086956522
4 0.9408077994428969 0.29293478260869565 0.002785515320334262 0.011956521739130435
4 0.43053621169916434 0.24891304347826088 0.0017409470752089136 0.010869565217391304
0 0.3995473537604457 0.24565217391304348 0.0017409470752089136 0.008695652173913044
4 0.7494777158774373 0.25869565217391305 0.0017409470752089136 0.008695652173913044
4 0.9484679665738162 0.28369565217391307 0.002785515320334262 0.010869565217391304
0 0.4735376044568245 0.2505434782608696 0.0020891364902506965 0.009782608695652175
1 0.5569289693593314 0.25 0.0031337047353760445 0.015217391304347827
0 0.9381963788300836 0.27010869565217394 0.0017409470752089136 0.009782608695652175
4 0.637708913649025 0.25815217391304346 0.002437325905292479 0.011956521739130435
4 0.9460306406685237 0.28858695652173916 0.002785515320334262 0.011956521739130435
4 0.46048050139275765 0.2505434782608696 0.002437325905292479 0.011956521739130435
4 0.6063718662952646 0.2576086956521739 0.002437325905292479 0.010869565217391304
4 0.3944986072423398 0.2467391304347826 0.0020891364902506965 0.010869565217391304
0 0.7588788300835655 0.2554347826086957 0.0017409470752089136 0.008695652173913044
1 0.5459610027855153 0.25 0.002785515320334262 0.015217391304347827
1 0.5665041782729805 0.2510869565217391 0.003481894150417827 0.017391304347826087
4 0.5666782729805014 0.26902173913043476 0.0031337047353760445 0.016304347826086956
0 0.7298050139275766 0.2548913043478261 0.001392757660167131 0.007608695652173913
0 0.6653899721448467 0.25271739130434784 0.0020891364902506965 0.009782608695652175
0 0.6996866295264624 0.25271739130434784 0.0017409470752089136 0.009782608695652175
0 0.5024373259052924 0.2516304347826087 0.0020891364902506965 0.009782608695652175
0 0.4401114206128134 0.24782608695652175 0.0020891364902506965 0.010869565217391304
4 0.14449860724233984 0.28369565217391307 0.00766016713091922 0.03260869565217391
0 0.6152506963788301 0.2858695652173913 0.003481894150417827 0.01956521739130435
0 0.6436281337047354 0.25271739130434784 0.0017409470752089136 0.009782608695652175
0 0.5264623955431755 0.25271739130434784 0.0020891364902506965 0.009782608695652175
0 0.8229456824512534 0.2559782608695652 0.0017409470752089136 0.007608695652173913
0 0.6780988857938719 0.28206521739130436 0.0031337047353760445 0.016304347826086956
4 0.5483983286908078 0.2532608695652174 0.0020891364902506965 0.013043478260869565
0 0.6131615598885793 0.25217391304347825 0.001392757660167131 0.008695652173913044
0 0.5510097493036211 0.25271739130434784 0.0017409470752089136 0.009782608695652175
4 0.5717270194986073 0.2554347826086957 0.0020891364902506965 0.010869565217391304
1 0.5779944289693594 0.2532608695652174 0.003481894150417827 0.017391304347826087
4 0.8555013927576601 0.2619565217391304 0.002785515320334262 0.010869565217391304
0 0.8527158774373259 0.2576086956521739 0.002785515320334262 0.010869565217391304
0 0.8083217270194986 0.2554347826086957 0.002437325905292479 0.008695652173913044
0 0.7862116991643454 0.25380434782608696 0.002785515320334262 0.009782608695652175