0 0.39095744680851063 0.5930555555555556 0.05106382978723404 0.11203703703703703
0 0.600531914893617 0.49166666666666664 0.02872340425531915 0.06851851851851852
0 0.6997340425531915 0.44537037037037036 0.02074468085106383 0.046296296296296294
0 0.7212765957446808 0.41712962962962963 0.013829787234042552 0.03425925925925926
0 0.7098404255319148 0.4023148148148148 0.01223404255319149 0.026851851851851852
0 0.6622340425531915 0.39166666666666666 0.009574468085106383 0.024074074074074074
0 0.6103723404255319 0.3851851851851852 0.007978723404255319 0.020370370370370372
0 0.5742021276595745 0.3824074074074074 0.007978723404255319 0.018518518518518517
0 0.5327127659574468 0.38055555555555554 0.006914893617021276 0.020370370370370372
0 0.4574468085106383 0.3814814814814815 0.007446808510638298 0.018518518518518517
0 0.4023936170212766 0.3819444444444444 0.006914893617021276 0.019444444444444445
0 0.16356382978723405 0.38842592592592595 0.009042553191489361 0.021296296296296296
4 0.7183510638297872 0.38101851851851853 0.009042553191489361 0.021296296296296296
4 0.6736702127659574 0.3773148148148148 0.009042553191489361 0.019444444444444445
4 0.8688829787234043 0.4013888888888889 0.013297872340425532 0.028703703703703703
4 0.7816489361702128 0.38935185185185184 0.011170212765957447 0.025
4 0.6002659574468086 0.37592592592592594 0.007978723404255319 0.018518518518518517
4 0.5074468085106383 0.37592592592592594 0.007446808510638298 0.018518518518518517
4 0.39095744680851063 0.37592592592592594 0.007446808510638298 0.018518518518518517
4 0.211968085106383 0.3800925925925926 0.009042553191489361 0.019444444444444445
4 0.11090425531914894 0.37962962962962965 0.009042553191489361 0.020370370370370372
1 0.32978723404255317 0.37824074074074077 0.011702127659574468 0.03425925925925926
1 0.31329787234042555 0.3736111111111111 0.009574468085106383 0.028703703703703703
1 0.3026595744680851 0.37824074074074077 0.011702127659574468 0.03425925925925926
1 0.2890957446808511 0.3736111111111111 0.010106382978723405 0.028703703703703703