0 0.20891364902506965 0.35543478260869565 0.020891364902506964 0.07391304347826087
0 0.7674094707520891 0.3701086956521739 0.009749303621169917 0.03804347826086957
0 0.9230501392757661 0.4027173913043478 0.010445682451253482 0.03804347826086957
0 0.3199860724233983 0.2733695652173913 0.00766016713091922 0.029347826086956522
4 0.7137883008356546 0.3858695652173913 0.013231197771587743 0.04782608695652174
1 0.32364206128133705 0.33206521739130435 0.026114206128133706 0.10108695652173913
4 0.6142061281337048 0.3826086956521739 0.013927576601671309 0.05652173913043478
1 0.36629526462395545 0.32717391304347826 0.02298050139275766 0.09130434782608696
4 0.47075208913649025 0.47282608695652173 0.026462395543175487 0.10869565217391304
0 0.34801532033426186 0.3456521739130435 0.016364902506963788 0.058695652173913045
2 0.5940111420612814 0.3114130434782609 0.006267409470752089 0.025
4 0.5250696378830083 0.3217391304347826 0.009052924791086351 0.0391304347826087
4 0.46309192200557103 0.29782608695652174 0.00766016713091922 0.030434782608695653
4 0.8272980501392758 0.40217391304347827 0.013927576601671309 0.04565217391304348
2 0.6787952646239555 0.3298913043478261 0.006615598885793872 0.02717391304347826
0 0.41225626740947074 0.3298913043478261 0.011838440111420613 0.04456521739130435
2 0.5506615598885793 0.3179347826086957 0.008008356545961003 0.03152173913043478
4 0.2865598885793872 0.2548913043478261 0.006963788300835654 0.02717391304347826
2 0.6939415041782729 0.3233695652173913 0.005571030640668524 0.020652173913043477
1 0.5174094707520891 0.39293478260869563 0.026462395543175487 0.12282608695652174
2 0.6223885793871866 0.3076086956521739 0.005919220055710306 0.01956521739130435
2 0.6431058495821727 0.30434782608695654 0.005571030640668524 0.017391304347826087
1 0.5452646239554317 0.3782608695652174 0.02298050139275766 0.10652173913043478
0 0.3770891364902507 0.29239130434782606 0.006267409470752089 0.030434782608695653
4 0.3788300835654596 0.2728260869565217 0.004178272980501393 0.02391304347826087
0 0.4127785515320334 0.3081521739130435 0.009401114206128134 0.04021739130434782
0 0.6403203342618384 0.3483695652173913 0.009749303621169917 0.03804347826086957
2 0.6636490250696379 0.3092391304347826 0.004178272980501393 0.01847826086956522
2 0.7036908077994429 0.3173913043478261 0.004874651810584958 0.017391304347826087
2 0.6850626740947076 0.3130434782608696 0.00383008356545961 0.01956521739130435
4 0.5282033426183844 0.40108695652173915 0.016016713091922007 0.07173913043478261
4 0.5330779944289693 0.7266304347826087 0.057799442896935935 0.2184782608695652
0 0.24843314763231197 0.25706521739130433 0.007311977715877437 0.029347826086956522
0 0.15807799442896936 0.24239130434782608 0.009052924791086351 0.02826086956521739
4 0.17252785515320335 0.23532608695652174 0.008008356545961003 0.02717391304347826
0 0.052750696378830085 0.22934782608695653 0.006615598885793872 0.03260869565217391
2 0.655466573816156 0.3423913043478261 0.008008356545961003 0.034782608695652174