0 0.3840425531914894 0.4652777777777778 0.01702127659574468 0.03981481481481482
0 0.4050531914893617 0.4444444444444444 0.01223404255319149 0.03148148148148148
0 0.24468085106382978 0.5893518518518519 0.04468085106382979 0.09537037037037037
0 0.34202127659574466 0.5023148148148148 0.02446808510638298 0.05648148148148148
0 0.4199468085106383 0.4310185185185185 0.009042553191489361 0.025
4 0.6138297872340426 0.4634259259259259 0.01702127659574468 0.041666666666666664
4 0.7914893617021277 0.5861111111111111 0.045744680851063826 0.0962962962962963
4 0.6622340425531915 0.4981481481481482 0.02553191489361702 0.05740740740740741
4 0.5843085106382979 0.4444444444444444 0.013297872340425532 0.03333333333333333
4 0.5667553191489362 0.43148148148148147 0.011170212765957447 0.025925925925925925
1 0.42021276595744683 0.4222222222222222 0.013829787234042552 0.03888888888888889
2 0.42872340425531913 0.4222222222222222 0.00851063829787234 0.022222222222222223
2 0.4348404255319149 0.4152777777777778 0.005851063829787234 0.019444444444444445
2 0.44042553191489364 0.4111111111111111 0.005319148936170213 0.016666666666666666
2 0.4454787234042553 0.4064814814814815 0.0047872340425531915 0.014814814814814815
1 0.564627659574468 0.42268518518518516 0.013297872340425532 0.03981481481481482
2 0.5534574468085106 0.42268518518518516 0.007978723404255319 0.021296296296296296
2 0.5441489361702128 0.41712962962962963 0.007446808510638298 0.019444444444444445
2 0.538031914893617 0.4125 0.005851063829787234 0.017592592592592594
2 0.5343085106382979 0.4078703703703704 0.0047872340425531915 0.01574074074074074
1 0.47632978723404257 0.38564814814814813 0.003723404255319149 0.01574074074074074
1 0.48856382978723406 0.38564814814814813 0.003723404255319149 0.013888888888888888
1 0.5013297872340425 0.38472222222222224 0.003723404255319149 0.013888888888888888
1 0.5151595744680851 0.38657407407407407 0.003723404255319149 0.01574074074074074
2 0.45026595744680853 0.40324074074074073 0.0047872340425531915 0.013888888888888888
2 0.4529255319148936 0.4 0.003723404255319149 0.012962962962962963
2 0.5316489361702128 0.4050925925925926 0.003723404255319149 0.013888888888888888
2 0.5276595744680851 0.4009259259259259 0.00425531914893617 0.012962962962962963
2 0.45611702127659576 0.3962962962962963 0.0026595744680851063 0.012962962962962963
2 0.45904255319148934 0.3925925925925926 0.0031914893617021275 0.011111111111111112
2 0.46143617021276595 0.38981481481481484 0.0026595744680851063 0.009259259259259259
1 0.4627659574468085 0.38564814814814813 0.0031914893617021275 0.013888888888888888
2 0.5247340425531914 0.39861111111111114 0.0026595744680851063 0.012037037037037037
2 0.5218085106382979 0.3972222222222222 0.0031914893617021275 0.011111111111111112
2 0.5202127659574468 0.3939814814814815 0.002127659574468085 0.010185185185185186
2 0.5188829787234043 0.39166666666666666 0.0026595744680851063 0.009259259259259259