0 0.39798050139275765 0.5369565217391304 0.033426183844011144 0.11521739130434783
0 0.552924791086351 0.453804347826087 0.0201949860724234 0.07065217391304347
4 0.8699512534818942 0.5190217391304348 0.02054317548746518 0.07934782608695652
0 0.852541782729805 0.4092391304347826 0.008704735376044569 0.035869565217391305
0 0.8199860724233984 0.42228260869565215 0.009052924791086351 0.04021739130434782
0 0.708217270194986 0.43043478260869567 0.013231197771587743 0.05
0 0.8753481894150418 0.3858695652173913 0.005571030640668524 0.021739130434782608
0 0.9240947075208914 0.38804347826086955 0.004874651810584958 0.01956521739130435
0 0.8673398328690808 0.3972826086956522 0.006963788300835654 0.03152173913043478
4 0.8882311977715878 0.6875 0.05362116991643454 0.15978260869565217
2 0.9369777158774373 0.37228260869565216 0.002785515320334262 0.011956521739130435
2 0.9105153203342619 0.3684782608695652 0.003481894150417827 0.013043478260869565
2 0.8894498607242339 0.3625 0.0031337047353760445 0.011956521739130435
2 0.8793523676880223 0.3652173913043478 0.0031337047353760445 0.013043478260869565