0 0.9140957446808511 0.6283783783783784 0.02074468085106383 0.032432432432432434
0 0.7465425531914893 0.6297297297297297 0.021808510638297873 0.03513513513513514
0 0.3526595744680851 0.5712837837837837 0.011702127659574468 0.020945945945945947
0 0.5723404255319149 0.6412162162162162 0.03404255319148936 0.04594594594594595
0 0.7263297872340425 0.5939189189189189 0.013297872340425532 0.022972972972972974
0 0.34893617021276596 0.6793918918918919 0.047872340425531915 0.07094594594594594
0 0.8680851063829788 0.5844594594594594 0.011702127659574468 0.01756756756756757
0 0.8191489361702128 0.5902027027027027 0.01276595744680851 0.019594594594594596
0 0.2444148936170213 0.5594594594594594 0.010106382978723405 0.01756756756756757
0 0.898936170212766 0.5817567567567568 0.011702127659574468 0.016216216216216217
0 0.5614361702127659 0.5905405405405405 0.014361702127659574 0.022972972972972974
0 0.9191489361702128 0.5824324324324325 0.00851063829787234 0.014864864864864866
0 0.20079787234042554 0.5527027027027027 0.007978723404255319 0.016216216216216217
4 0.6417553191489361 0.5699324324324324 0.010106382978723405 0.016891891891891893
4 0.5050531914893617 0.5702702702702702 0.009042553191489361 0.016216216216216217
4 0.40611702127659577 0.5618243243243243 0.010106382978723405 0.015540540540540541
4 0.4627659574468085 0.5679054054054054 0.010638297872340425 0.016891891891891893
4 0.3718085106382979 0.5574324324324325 0.009574468085106383 0.013513513513513514
4 0.722872340425532 0.5679054054054054 0.010638297872340425 0.015540540540540541
4 0.33856382978723404 0.5523648648648649 0.006914893617021276 0.012837837837837839
4 0.8805851063829787 0.5760135135135135 0.007978723404255319 0.011486486486486487
4 0.5563829787234043 0.5736486486486486 0.01276595744680851 0.02027027027027027
4 0.32898936170212767 0.5489864864864865 0.006914893617021276 0.011486486486486487
4 0.8944148936170213 0.5679054054054054 0.006914893617021276 0.011486486486486487
4 0.8377659574468085 0.5658783783783784 0.006382978723404255 0.011486486486486487
4 0.7875 0.5706081081081081 0.006914893617021276 0.012837837837837839
4 0.3191489361702128 0.5466216216216216 0.005319148936170213 0.012162162162162163
4 0.3103723404255319 0.543581081081081 0.0047872340425531915 0.011486486486486487