4 0.775766016713092 0.5342391304347827 0.023676880222841225 0.08369565217391305
0 0.4561281337047354 0.5429347826086957 0.027855153203342618 0.0967391304347826
4 0.6525069637883009 0.4673913043478261 0.01532033426183844 0.05652173913043478
0 0.4126044568245125 0.41956521739130437 0.011142061281337047 0.043478260869565216
4 0.7016016713091922 0.39510869565217394 0.004874651810584958 0.020652173913043477
4 0.6782729805013927 0.41793478260869565 0.00766016713091922 0.03152173913043478
0 0.49408077994428967 0.3793478260869565 0.005571030640668524 0.02391304347826087
4 0.8192896935933147 0.46358695652173915 0.011142061281337047 0.04673913043478261
4 0.7771587743732591 0.40706521739130436 0.005571030640668524 0.02282608695652174
0 0.3880571030640669 0.39456521739130435 0.008008356545961003 0.03260869565217391
4 0.6636490250696379 0.40597826086956523 0.005571030640668524 0.02717391304347826
4 0.7594011142061281 0.39565217391304347 0.004874651810584958 0.021739130434782608
4 0.7193593314763231 0.4048913043478261 0.005571030640668524 0.02282608695652174
0 0.5442200557103064 0.375 0.005571030640668524 0.021739130434782608
0 0.9225278551532033 0.45543478260869563 0.010793871866295265 0.041304347826086954
0 0.42879526462395545 0.3875 0.006615598885793872 0.02717391304347826
0 0.9465529247910863 0.4255434782608696 0.005919220055710306 0.025
4 0.6363161559888579 0.39293478260869563 0.005222841225626741 0.02282608695652174
0 0.4569986072423398 0.46141304347826084 0.017061281337047353 0.06195652173913044
4 0.5504874651810585 0.40380434782608693 0.006963788300835654 0.029347826086956522
0 0.6175139275766016 0.37880434782608696 0.004526462395543176 0.01847826086956522
4 0.5376044568245125 0.4152173913043478 0.008356545961002786 0.034782608695652174
4 0.8852715877437326 0.4108695652173913 0.0031337047353760445 0.01956521739130435
4 0.5786908077994429 0.3972826086956522 0.005571030640668524 0.025
0 0.6848885793871866 0.38206521739130433 0.004874651810584958 0.01847826086956522
4 0.7282381615598886 0.4369565217391304 0.0100974930362117 0.0391304347826087
0 0.8239902506963789 0.43369565217391304 0.005919220055710306 0.034782608695652174
0 0.8823119777158774 0.42445652173913045 0.006267409470752089 0.025
0 0.7249303621169917 0.38206521739130433 0.004874651810584958 0.01847826086956522
4 0.5931406685236769 0.4391304347826087 0.012186629526462395 0.04565217391304348
0 0.8013579387186629 0.421195652173913 0.007311977715877437 0.029347826086956522