0 0.39547872340425533 0.5966216216216216 0.014361702127659574 0.02702702702702703
0 0.3569148936170213 0.620945945945946 0.02127659574468085 0.03783783783783784
0 0.2712765957446808 0.6797297297297298 0.043617021276595745 0.06621621621621622
0 0.41436170212765955 0.5834459459459459 0.011702127659574468 0.020945945945945947
0 0.42446808510638295 0.5746621621621621 0.00851063829787234 0.016891891891891893
0 0.44042553191489364 0.5645270270270271 0.006382978723404255 0.011486486486486487
0 0.4329787234042553 0.5685810810810811 0.007446808510638298 0.01418918918918919
0 0.44468085106382976 0.5608108108108109 0.005319148936170213 0.010810810810810811
0 0.44893617021276594 0.5581081081081081 0.005319148936170213 0.00945945945945946
0 0.4396276595744681 0.5570945945945946 0.0047872340425531915 0.010135135135135136
0 0.41808510638297874 0.5570945945945946 0.00425531914893617 0.010135135135135136
0 0.39441489361702126 0.558445945945946 0.005851063829787234 0.010135135135135136
0 0.3321808510638298 0.5611486486486487 0.0047872340425531915 0.011486486486486487
0 0.25877659574468087 0.5658783783783784 0.005851063829787234 0.011486486486486487
0 0.19946808510638298 0.5790540540540541 0.009574468085106383 0.01756756756756757
0 0.16170212765957448 0.5777027027027027 0.00851063829787234 0.014864864864864866
0 0.17819148936170212 0.5716216216216217 0.006382978723404255 0.010810810810810811
0 0.17952127659574468 0.5858108108108108 0.01223404255319149 0.02027027027027027
0 0.14388297872340425 0.575 0.006914893617021276 0.012162162162162163
0 0.13031914893617022 0.5766891891891892 0.007446808510638298 0.01418918918918919
4 0.6375 0.6192567567567567 0.025 0.038513513513513516
4 0.5938829787234042 0.5942567567567567 0.017553191489361703 0.027702702702702704
4 0.7425531914893617 0.6773648648648649 0.04680851063829787 0.06824324324324324
4 0.5720744680851064 0.5804054054054054 0.01223404255319149 0.02027027027027027
4 0.5513297872340426 0.5722972972972973 0.009042553191489361 0.016216216216216217
4 0.3569148936170213 0.5577702702702703 0.00425531914893617 0.008783783783783784
4 0.46117021276595743 0.5550675675675676 0.005319148936170213 0.008783783783783784
4 0.4877659574468085 0.5550675675675676 0.005319148936170213 0.008783783783783784
4 0.5414893617021277 0.566554054054054 0.007446808510638298 0.01418918918918919
4 0.5364361702127659 0.5625 0.005851063829787234 0.011486486486486487
4 0.5321808510638298 0.5594594594594594 0.0047872340425531915 0.010810810810810811
4 0.5276595744680851 0.5567567567567567 0.00425531914893617 0.00945945945945946
4 0.5183510638297872 0.5554054054054054 0.0047872340425531915 0.008108108108108109
4 0.4220744680851064 0.5564189189189189 0.003723404255319149 0.008783783783783784
4 0.38670212765957446 0.5567567567567567 0.005319148936170213 0.010810810810810811
4 0.2949468085106383 0.5614864864864865 0.005851063829787234 0.012162162162162163
4 0.22420212765957448 0.5658783783783784 0.0047872340425531915 0.010135135135135136
4 0.0851063829787234 0.5756756756756757 0.007446808510638298 0.012162162162162163