0 0.5645891364902507 0.2967391304347826 0.01288300835654596 0.05217391304347826
0 0.6472841225626741 0.32608695652173914 0.017409470752089137 0.06956521739130435
0 0.7016016713091922 0.4 0.027855153203342618 0.10434782608695652
0 0.3675139275766017 0.2891304347826087 0.010793871866295265 0.0391304347826087
4 0.5480501392757661 0.2614130434782609 0.010445682451253482 0.035869565217391305
0 0.24860724233983286 0.3010869565217391 0.010445682451253482 0.0391304347826087
2 0.9435933147632312 0.1967391304347826 0.006963788300835654 0.02608695652173913
4 0.41869777158774374 0.266304347826087 0.008008356545961003 0.03260869565217391
2 0.8706476323119777 0.2141304347826087 0.007311977715877437 0.02826086956521739
2 0.9091225626740947 0.2 0.006267409470752089 0.02391304347826087
2 0.8598537604456824 0.23315217391304346 0.009401114206128134 0.035869565217391305
4 0.825383008356546 0.29130434782608694 0.015668523676880222 0.06086956521739131
4 0.6852367688022284 0.2668478260869565 0.011838440111420613 0.04456521739130435
2 0.8391364902506964 0.266304347826087 0.013231197771587743 0.05
2 0.878133704735376 0.20108695652173914 0.005571030640668524 0.02391304347826087
0 0.6397980501392758 0.6070652173913044 0.05466573816155989 0.20326086956521738
4 0.2741991643454039 0.28152173913043477 0.008008356545961003 0.030434782608695653
0 0.46831476323119775 0.28695652173913044 0.011142061281337047 0.043478260869565216
1 0.6700905292479109 0.4994565217391304 0.05605849582172702 0.27065217391304347
0 0.11525069637883008 0.3239130434782609 0.011142061281337047 0.0391304347826087
1 0.583217270194986 0.6315217391304347 0.08844011142061281 0.3760869565217391
4 0.11438022284122562 0.30869565217391304 0.008704735376044569 0.03260869565217391