0 0.18111702127659574 0.5958333333333333 0.05372340425531915 0.11574074074074074
0 0.6965425531914894 0.38564814814814813 0.011170212765957447 0.025
0 0.8417553191489362 0.37592592592592594 0.011170212765957447 0.024074074074074074
0 0.5765957446808511 0.40046296296296297 0.01276595744680851 0.028703703703703703
0 0.36542553191489363 0.4324074074074074 0.01702127659574468 0.046296296296296294
0 0.1997340425531915 0.3976851851851852 0.014361702127659574 0.032407407407407406
0 0.3077127659574468 0.412962962962963 0.015425531914893617 0.037037037037037035
0 0.37686170212765957 0.4787037037037037 0.025 0.06666666666666667
4 0.8013297872340426 0.3958333333333333 0.015425531914893617 0.032407407407407406
4 0.6707446808510639 0.48194444444444445 0.023404255319148935 0.062037037037037036
4 0.12234042553191489 0.37777777777777777 0.01276595744680851 0.025925925925925925
4 0.2928191489361702 0.38564814814814813 0.013297872340425532 0.028703703703703703
4 0.4095744680851064 0.3990740740740741 0.010638297872340425 0.027777777777777776
4 0.711436170212766 0.4111111111111111 0.014361702127659574 0.03518518518518519
4 0.9077127659574468 0.5819444444444445 0.034574468085106384 0.11574074074074074
4 0.9204787234042553 0.38842592592592595 0.009042553191489361 0.03611111111111111
2 0.5473404255319149 0.3902777777777778 0.009574468085106383 0.025
2 0.5348404255319149 0.3773148148148148 0.007978723404255319 0.021296296296296296
2 0.5234042553191489 0.36527777777777776 0.007446808510638298 0.017592592592592594
2 0.510904255319149 0.35648148148148145 0.005851063829787234 0.014814814814814815
2 0.5015957446808511 0.3523148148148148 0.005319148936170213 0.013888888888888888
2 0.48404255319148937 0.35324074074074074 0.006382978723404255 0.013888888888888888
2 0.4640957446808511 0.35324074074074074 0.005851063829787234 0.013888888888888888
2 0.4441489361702128 0.3523148148148148 0.005319148936170213 0.013888888888888888
2 0.423936170212766 0.3888888888888889 0.009574468085106383 0.025925925925925925
1 0.6534574468085106 0.44583333333333336 0.03031914893617021 0.08796296296296297
1 0.711968085106383 0.4837962962962963 0.038829787234042554 0.11574074074074074
1 0.38218085106382976 0.4425925925925926 0.025 0.08333333333333333
1 0.3492021276595745 0.48055555555555557 0.03031914893617021 0.11851851851851852