0 0.19516016713091922 0.2440217391304348 0.005919220055710306 0.025
0 0.08478412256267409 0.23206521739130434 0.006615598885793872 0.025
0 0.7360724233983287 0.31956521739130433 0.00766016713091922 0.030434782608695653
4 0.5927924791086351 0.3070652173913043 0.009401114206128134 0.03804347826086957
4 0.11176880222841226 0.24782608695652175 0.00766016713091922 0.030434782608695653
4 0.21291782729805014 0.25815217391304346 0.008704735376044569 0.03152173913043478
4 0.8516713091922006 0.34891304347826085 0.011838440111420613 0.041304347826086954
4 0.48920612813370473 0.29130434782608694 0.008356545961002786 0.03260869565217391
4 0.36368384401114207 0.5407608695652174 0.03934540389972145 0.1358695652173913
4 0.7251044568245125 0.32771739130434785 0.0100974930362117 0.03804347826086957
0 0.6147284122562674 0.29782608695652174 0.006615598885793872 0.030434782608695653
4 0.29892061281337046 0.266304347826087 0.008704735376044569 0.030434782608695653
0 0.2862116991643454 0.25217391304347825 0.006963788300835654 0.02608695652173913
0 0.8831824512534819 0.3451086956521739 0.009401114206128134 0.03369565217391304
4 0.38857938718662954 0.27608695652173915 0.006963788300835654 0.030434782608695653
0 0.391016713091922 0.2625 0.004178272980501393 0.02717391304347826
0 0.4918175487465181 0.27554347826086956 0.004526462395543176 0.02717391304347826