0 0.8837047353760445 0.36467391304347824 0.0201949860724234 0.08369565217391305
0 0.661908077994429 0.45054347826086955 0.028551532033426183 0.11847826086956521
0 0.07886490250696379 0.27608695652173915 0.004526462395543176 0.01956521739130435
0 0.07242339832869081 0.7581521739130435 0.036211699164345405 0.175
4 0.729282729805014 0.1956521739130435 0.002437325905292479 0.010869565217391304
4 0.6079387186629527 0.19891304347826086 0.0020891364902506965 0.008695652173913044
4 0.6467618384401114 0.19891304347826086 0.0017409470752089136 0.008695652173913044
4 0.6772284122562674 0.19728260869565217 0.0020891364902506965 0.007608695652173913
4 0.06737465181058495 0.23043478260869565 0.0031337047353760445 0.013043478260869565
0 0.13370473537604458 0.22554347826086957 0.002785515320334262 0.011956521739130435
4 0.7630571030640668 0.19728260869565217 0.0017409470752089136 0.009782608695652175
0 0.16068941504178272 0.2326086956521739 0.0031337047353760445 0.013043478260869565
0 0.1511142061281337 0.22771739130434782 0.002785515320334262 0.011956521739130435
0 0.724408077994429 0.19456521739130433 0.0017409470752089136 0.008695652173913044
0 0.7822075208913649 0.1907608695652174 0.0017409470752089136 0.009782608695652175
0 0.6145543175487466 0.19728260869565217 0.001392757660167131 0.007608695652173913
0 0.15163649025069637 0.24619565217391304 0.002437325905292479 0.014130434782608696
0 0.08391364902506963 0.22391304347826088 0.002785515320334262 0.013043478260869565
4 0.06458913649025069 0.2483695652173913 0.00383008356545961 0.016304347826086956
0 0.1251740947075209 0.26032608695652176 0.0031337047353760445 0.016304347826086956
4 0.08548050139275766 0.23695652173913043 0.00383008356545961 0.015217391304347827
0 0.16800139275766016 0.23695652173913043 0.0031337047353760445 0.015217391304347827
4 0.6984679665738162 0.2016304347826087 0.0020891364902506965 0.009782608695652175
0 0.6509401114206128 0.19782608695652174 0.0017409470752089136 0.008695652173913044
0 0.5759052924791086 0.1907608695652174 0.001392757660167131 0.005434782608695652
4 0.54491643454039 0.2048913043478261 0.0020891364902506965 0.007608695652173913
4 0.5630222841225627 0.19782608695652174 0.001392757660167131 0.006521739130434782
0 0.7440807799442897 0.18967391304347825 0.001392757660167131 0.007608695652173913
4 0.7738509749303621 0.18641304347826088 0.002437325905292479 0.009782608695652175
4 0.6444986072423399 0.2048913043478261 0.0020891364902506965 0.009782608695652175
4 0.7397284122562674 0.18478260869565216 0.0017409470752089136 0.008695652173913044
4 0.5842618384401114 0.1875 0.001392757660167131 0.005434782608695652
4 0.7137883008356546 0.1842391304347826 0.001392757660167131 0.007608695652173913
4 0.6307451253481894 0.1858695652173913 0.0017409470752089136 0.006521739130434782
4 0.5896587743732591 0.20815217391304347 0.0017409470752089136 0.009782608695652175
0 0.6500696378830083 0.18858695652173912 0.0020891364902506965 0.007608695652173913
4 0.7031685236768802 0.19619565217391305 0.0017409470752089136 0.009782608695652175
2 0.6044568245125348 0.20815217391304347 0.0020891364902506965 0.007608695652173913
0 0.7541782729805014 0.19021739130434784 0.001392757660167131 0.008695652173913044
0 0.6721796657381616 0.18858695652173912 0.0017409470752089136 0.005434782608695652
4 0.5651114206128134 0.1858695652173913 0.001392757660167131 0.006521739130434782
0 0.620299442896936 0.18967391304347825 0.0017409470752089136 0.007608695652173913
0 0.766016713091922 0.19021739130434784 0.0020891364902506965 0.006521739130434782
4 0.6787952646239555 0.18478260869565216 0.0017409470752089136 0.006521739130434782
4 0.5478760445682451 0.1858695652173913 0.0010445682451253482 0.004347826086956522
0 0.6013231197771588 0.1891304347826087 0.001392757660167131 0.006521739130434782
0 0.5623259052924791 0.1956521739130435 0.0020891364902506965 0.008695652173913044
0 0.7331128133704735 0.1891304347826087 0.0017409470752089136 0.006521739130434782
0 0.6986420612813371 0.1875 0.0017409470752089136 0.007608695652173913
4 0.36002785515320335 0.1967391304347826 0.0020891364902506965 0.008695652173913044
4 0.5597144846796658 0.18478260869565216 0.0010445682451253482 0.004347826086956522
0 0.6995125348189415 0.1956521739130435 0.0020891364902506965 0.008695652173913044
4 0.7576601671309192 0.19456521739130433 0.001392757660167131 0.010869565217391304
0 0.7190111420612814 0.1875 0.001392757660167131 0.007608695652173913