0 0.06720055710306407 0.5532646048109966 0.02576601671309192 0.030927835051546393
0 0.3151114206128134 0.5644329896907216 0.020891364902506964 0.0352233676975945
0 0.40215877437325903 0.5163230240549829 0.009052924791086351 0.01288659793814433
0 0.4829387186629526 0.5210481099656358 0.009052924791086351 0.015463917525773196
0 0.5090529247910863 0.5453178694158075 0.01532033426183844 0.02534364261168385
0 0.5600626740947076 0.5148195876288659 0.007311977715877437 0.01245704467353952
0 0.695508356545961 0.5687285223367697 0.027506963788300837 0.03608247422680412
0 0.7329387186629527 0.5388745704467354 0.011838440111420613 0.02190721649484536
0 0.7585306406685237 0.5133161512027491 0.007311977715877437 0.011168384879725086
0 0.8041434540389972 0.5191151202749141 0.009401114206128134 0.014175257731958763
0 0.8487116991643454 0.5388745704467354 0.015668523676880222 0.02276632302405498
0 0.8948467966573816 0.5283505154639175 0.012534818941504178 0.01804123711340206
0 0.7792479108635098 0.6275773195876289 0.03690807799442897 0.061855670103092786
4 0.3490598885793872 0.5309278350515464 0.01288300835654596 0.020618556701030927
4 0.6008008356545961 0.5298539518900344 0.01288300835654596 0.020189003436426118
4 0.6063718662952646 0.5199742268041238 0.006615598885793872 0.015034364261168385
4 0.6479805013927576 0.5137457044673539 0.00766016713091922 0.01288659793814433
4 0.6878481894150418 0.5109536082474226 0.006615598885793872 0.010738831615120275
4 0.8427924791086351 0.5137457044673539 0.008008356545961003 0.012027491408934709
4 0.8666434540389972 0.5304982817869416 0.013927576601671309 0.018900343642611683
4 0.8904944289693594 0.5204037800687286 0.006615598885793872 0.015034364261168385
4 0.9345403899721448 0.5337199312714777 0.01532033426183844 0.020189003436426118
2 0.34557799442896936 0.8133591065292096 0.09923398328690808 0.15764604810996563
2 0.5717270194986073 0.6035223367697594 0.03203342618384401 0.0506872852233677
2 0.7233635097493036 0.5425257731958762 0.017061281337047353 0.024054982817869417
2 0.7512186629526463 0.5311426116838488 0.01149025069637883 0.01761168384879725
2 0.7519150417827298 0.5182560137457045 0.0100974930362117 0.01245704467353952
2 0.7842966573816156 0.5251288659793815 0.0100974930362117 0.015893470790378006
2 0.8151114206128134 0.5122422680412371 0.006963788300835654 0.010738831615120275
2 0.9042479108635098 0.5219072164948454 0.010445682451253482 0.014604810996563574
2 0.8577646239554317 0.573668384879725 0.02681058495821727 0.03651202749140894