0 0.1925531914893617 0.6273148148148148 0.06595744680851064 0.1287037037037037
0 0.5398936170212766 0.5185185185185185 0.035106382978723406 0.07777777777777778
0 0.8106382978723404 0.4847222222222222 0.030851063829787233 0.062037037037037036
0 0.861968085106383 0.3819444444444444 0.009042553191489361 0.019444444444444445
0 0.6444148936170213 0.3824074074074074 0.006914893617021276 0.018518518518518517
0 0.5720744680851064 0.37916666666666665 0.006914893617021276 0.01574074074074074
0 0.11436170212765957 0.3814814814814815 0.00851063829787234 0.020370370370370372
0 0.18404255319148935 0.3736111111111111 0.006382978723404255 0.017592592592592594
0 0.49388297872340425 0.3773148148148148 0.005851063829787234 0.01574074074074074
0 0.4465425531914894 0.3712962962962963 0.005851063829787234 0.014814814814814815
0 0.4162234042553192 0.3625 0.0047872340425531915 0.013888888888888888
0 0.42446808510638295 0.3662037037037037 0.005319148936170213 0.01574074074074074
4 0.851063829787234 0.3768518518518518 0.007446808510638298 0.018518518518518517
4 0.6797872340425531 0.3768518518518518 0.007446808510638298 0.016666666666666666
4 0.6021276595744681 0.37546296296296294 0.006382978723404255 0.01574074074074074
4 0.5375 0.3736111111111111 0.006914893617021276 0.017592592592592594
4 0.09893617021276596 0.3685185185185185 0.007446808510638298 0.018518518518518517
4 0.1625 0.36342592592592593 0.006914893617021276 0.017592592592592594
4 0.4095744680851064 0.35694444444444445 0.005319148936170213 0.012037037037037037
1 0.785904255319149 0.3768518518518518 0.011170212765957447 0.03148148148148148
1 0.7699468085106383 0.3731481481481482 0.009042553191489361 0.025925925925925925
1 0.7595744680851064 0.3768518518518518 0.010638297872340425 0.03148148148148148
1 0.7470744680851064 0.3726851851851852 0.007978723404255319 0.026851851851851852
1 0.28962765957446807 0.39675925925925926 0.018617021276595744 0.019444444444444445