0 0.203516713091922 0.6744565217391304 0.049094707520891366 0.17065217391304346
0 0.29735376044568246 0.4951086956521739 0.025069637883008356 0.08369565217391305
0 0.36995125348189417 0.4380434782608696 0.017061281337047353 0.05652173913043478
0 0.47458217270194986 0.39945652173913043 0.010445682451253482 0.042391304347826085
0 0.541782729805014 0.3782608695652174 0.00766016713091922 0.03260869565217391
0 0.5905292479108635 0.3635869565217391 0.006267409470752089 0.02717391304347826
0 0.6227367688022284 0.35380434782608694 0.005919220055710306 0.02282608695652174
4 0.8521935933147632 0.6652173913043479 0.05466573816155989 0.17391304347826086
4 0.6241295264623955 0.4826086956521739 0.018454038997214484 0.08043478260869565
4 0.6173398328690808 0.421195652173913 0.013927576601671309 0.05543478260869565
4 0.661908077994429 0.3858695652173913 0.010445682451253482 0.0391304347826087
4 0.6920264623955432 0.36793478260869567 0.008008356545961003 0.03152173913043478
4 0.7127437325905293 0.35434782608695653 0.006267409470752089 0.02608695652173913
4 0.8864902506963789 0.35978260869565215 0.009052924791086351 0.03260869565217391
4 0.8257311977715878 0.35054347826086957 0.007311977715877437 0.025
4 0.8116295264623955 0.34293478260869564 0.006267409470752089 0.02717391304347826
4 0.7280640668523677 0.34402173913043477 0.006267409470752089 0.020652173913043477
4 0.7383356545961003 0.33804347826086956 0.005222841225626741 0.01956521739130435
4 0.7456476323119777 0.33260869565217394 0.00383008356545961 0.015217391304347827
0 0.6455431754874652 0.34619565217391307 0.004874651810584958 0.020652173913043477
0 0.6648676880222841 0.33967391304347827 0.004526462395543176 0.016304347826086956
0 0.6800139275766016 0.3342391304347826 0.003481894150417827 0.016304347826086956
0 0.9209610027855153 0.34456521739130436 0.006267409470752089 0.02391304347826087
0 0.9122562674094707 0.3391304347826087 0.006267409470752089 0.021739130434782608
0 0.924616991643454 0.3342391304347826 0.00383008356545961 0.01847826086956522
4 0.8389623955431755 0.3347826086956522 0.005222841225626741 0.01956521739130435