0 0.5764275766016713 0.29184782608695653 0.014972144846796657 0.04891304347826087
0 0.6582520891364902 0.3190217391304348 0.018454038997214484 0.06630434782608696
0 0.7136142061281338 0.3864130434782609 0.02541782729805014 0.09891304347826087
4 0.6920264623955432 0.26413043478260867 0.012186629526462395 0.04565217391304348
4 0.42827298050139273 0.26358695652173914 0.009052924791086351 0.03152173913043478
4 0.28586350974930363 0.2798913043478261 0.009749303621169917 0.03152173913043478
2 0.8629874651810585 0.23097826086956522 0.009401114206128134 0.035869565217391305
0 0.13231197771587744 0.32065217391304346 0.010445682451253482 0.0391304347826087
0 0.26270891364902504 0.29782608695652174 0.010793871866295265 0.0391304347826087
0 0.37987465181058494 0.28532608695652173 0.010445682451253482 0.03804347826086957
2 0.9451601671309192 0.19619565217391305 0.006615598885793872 0.025
4 0.5567548746518106 0.2592391304347826 0.011142061281337047 0.035869565217391305
2 0.9115598885793872 0.1983695652173913 0.005571030640668524 0.02282608695652174
2 0.873433147632312 0.21195652173913043 0.006615598885793872 0.02826086956521739
0 0.4799791086350975 0.2826086956521739 0.01149025069637883 0.043478260869565216
4 0.8302576601671309 0.28641304347826085 0.014972144846796657 0.059782608695652176
4 0.12935236768802227 0.3065217391304348 0.009401114206128134 0.03260869565217391
2 0.8805710306406686 0.19945652173913042 0.005571030640668524 0.02282608695652174
0 0.6662604456824512 0.5652173913043478 0.04979108635097493 0.1826086956521739
1 0.6927228412256268 0.46956521739130436 0.047701949860724235 0.24782608695652175
1 0.620299442896936 0.5842391304347826 0.07834261838440111 0.3402173913043478
2 0.842966573816156 0.26304347826086955 0.012534818941504178 0.04782608695652174