0 0.6215181058495822 0.30434782608695654 0.016713091922005572 0.06521739130434782
0 0.6486768802228412 0.3467391304347826 0.020891364902506964 0.08260869565217391
0 0.5701601671309192 0.26521739130434785 0.010793871866295265 0.043478260869565216
0 0.4073816155988858 0.22826086956521738 0.005571030640668524 0.021739130434782608
0 0.536733983286908 0.2565217391304348 0.008704735376044569 0.0391304347826087
0 0.6335306406685237 0.4358695652173913 0.03307799442896936 0.12391304347826088
0 0.4416782729805014 0.25 0.008008356545961003 0.03260869565217391
0 0.37569637883008355 0.2451086956521739 0.00766016713091922 0.02717391304347826
0 0.4972144846796657 0.25217391304347825 0.009052924791086351 0.034782608695652174
4 0.612116991643454 0.23152173913043478 0.009052924791086351 0.030434782608695653
0 0.5954038997214485 0.28532608695652173 0.014623955431754874 0.05326086956521739
4 0.5680710306406686 0.21195652173913043 0.005222841225626741 0.021739130434782608
4 0.9157381615598886 0.28206521739130436 0.018105849582172703 0.06195652173913044
4 0.538474930362117 0.2298913043478261 0.005222841225626741 0.029347826086956522
0 0.36908077994428967 0.23532608695652174 0.006963788300835654 0.025
4 0.8053621169916435 0.2543478260869565 0.013927576601671309 0.04782608695652174
4 0.6659122562674095 0.23478260869565218 0.009401114206128134 0.034782608695652174
0 0.9345403899721448 0.17065217391304346 0.004178272980501393 0.015217391304347827
4 0.5057451253481894 0.22282608695652173 0.005919220055710306 0.021739130434782608
0 0.45647632311977715 0.22010869565217392 0.005571030640668524 0.020652173913043477
4 0.733983286908078 0.2418478260869565 0.010445682451253482 0.03804347826086957
4 0.6190807799442897 0.1858695652173913 0.002785515320334262 0.010869565217391304
4 0.5783426183844012 0.19402173913043477 0.003481894150417827 0.014130434782608696
0 0.7625348189415042 0.17445652173913043 0.002785515320334262 0.011956521739130435
4 0.6451949860724234 0.18369565217391304 0.004178272980501393 0.013043478260869565
0 0.6700905292479109 0.17880434782608695 0.0031337047353760445 0.011956521739130435
4 0.740424791086351 0.1782608695652174 0.0031337047353760445 0.013043478260869565
4 0.6751392757660167 0.18097826086956523 0.003481894150417827 0.011956521739130435
4 0.9456824512534819 0.17445652173913043 0.005571030640668524 0.01847826086956522
0 0.5605849582172702 0.5635869565217392 0.04805013927576602 0.1815217391304348
0 0.8993732590529248 0.17228260869565218 0.004874651810584958 0.016304347826086956
4 0.5919220055710307 0.20543478260869566 0.004874651810584958 0.01956521739130435
0 0.6260445682451253 0.1826086956521739 0.002785515320334262 0.010869565217391304
4 0.49286211699164345 0.22608695652173913 0.005222841225626741 0.02391304347826087
0 0.5146239554317549 0.19891304347826086 0.003481894150417827 0.015217391304347827
0 0.5184540389972145 0.20869565217391303 0.004874651810584958 0.01956521739130435
0 0.5268105849582173 0.20108695652173914 0.003481894150417827 0.015217391304347827
0 0.49912952646239556 0.21304347826086956 0.005222841225626741 0.01956521739130435
0 0.5527506963788301 0.1907608695652174 0.00383008356545961 0.011956521739130435
4 0.7745473537604457 0.17717391304347826 0.0031337047353760445 0.013043478260869565
4 0.8347841225626741 0.17717391304347826 0.004526462395543176 0.015217391304347827
0 0.5341225626740947 0.20271739130434782 0.002785515320334262 0.016304347826086956
4 0.583391364902507 0.19130434782608696 0.0031337047353760445 0.013043478260869565
0 0.5858286908077994 0.18641304347826088 0.002437325905292479 0.009782608695652175
4 0.588266016713092 0.19510869565217392 0.00383008356545961 0.014130434782608696
4 0.5973189415041783 0.1891304347826087 0.00383008356545961 0.013043478260869565
4 0.8697771587743732 0.17717391304347826 0.004178272980501393 0.015217391304347827
0 0.8488857938718662 0.1733695652173913 0.003481894150417827 0.014130434782608696
0 0.8744777158774373 0.17282608695652174 0.0031337047353760445 0.013043478260869565
4 0.6049791086350975 0.1967391304347826 0.0031337047353760445 0.015217391304347827
0 0.530466573816156 0.20543478260869566 0.00383008356545961 0.015217391304347827
4 0.7155292479108635 0.1782608695652174 0.003481894150417827 0.013043478260869565
4 0.5790389972144847 0.19402173913043477 0.004178272980501393 0.014130434782608696
4 0.6084610027855153 0.19945652173913042 0.004526462395543176 0.01847826086956522
4 0.8065807799442897 0.1766304347826087 0.004526462395543176 0.014130434782608696