0 0.6208217270194986 0.5850515463917526 0.03969359331476323 0.05584192439862543
0 0.8246866295264624 0.5017182130584192 0.014972144846796657 0.020618556701030927
0 0.8241643454038997 0.4838917525773196 0.010445682451253482 0.014175257731958763
0 0.6500696378830083 0.5073024054982818 0.013927576601671309 0.02147766323024055
0 0.7033426183844012 0.48732817869415807 0.00766016713091922 0.014175257731958763
4 0.5483983286908078 0.5470360824742269 0.027855153203342618 0.03823024054982818
4 0.8266016713091922 0.5521907216494846 0.034122562674094706 0.045103092783505154
4 0.8786559888579387 0.47809278350515466 0.0100974930362117 0.015463917525773196
4 0.6744428969359332 0.5161082474226805 0.016016713091922007 0.02534364261168385
4 0.7263231197771588 0.49291237113402064 0.009052924791086351 0.01675257731958763
2 0.5424791086350975 0.6915807560137457 0.07242339832869081 0.10481099656357389