0 0.3229456824512535 0.6521739130434783 0.05257660167130919 0.1934782608695652
0 0.40442200557103064 0.4777173913043478 0.028899721448467967 0.11630434782608695
0 0.42496518105849584 0.40597826086956523 0.019846796657381614 0.08586956521739131
0 0.4138231197771588 0.36032608695652174 0.014972144846796657 0.0641304347826087
0 0.39519498607242337 0.33695652173913043 0.012534818941504178 0.05217391304347826
0 0.36525069637883006 0.3222826086956522 0.010445682451253482 0.04673913043478261
0 0.34035515320334264 0.31467391304347825 0.009401114206128134 0.04021739130434782
0 0.3123259052924791 0.3070652173913043 0.008356545961002786 0.035869565217391305
0 0.27698467966573814 0.29728260869565215 0.007311977715877437 0.029347826086956522
0 0.2733286908077994 0.28532608695652173 0.004178272980501393 0.025
0 0.30745125348189417 0.2728260869565217 0.004178272980501393 0.021739130434782608
0 0.3591573816155989 0.2592391304347826 0.004526462395543176 0.020652173913043477
0 0.42026462395543174 0.24728260869565216 0.004178272980501393 0.01847826086956522
0 0.48868384401114207 0.23695652173913043 0.00383008356545961 0.017391304347826087
0 0.5600626740947076 0.22826086956521738 0.00383008356545961 0.017391304347826087
0 0.6293523676880223 0.2217391304347826 0.00383008356545961 0.017391304347826087
0 0.700208913649025 0.2157608695652174 0.004178272980501393 0.01847826086956522
0 0.7686281337047354 0.20923913043478262 0.0031337047353760445 0.01847826086956522
0 0.85741643454039 0.20326086956521738 0.005919220055710306 0.021739130434782608
0 0.9040738161559888 0.2 0.007311977715877437 0.02391304347826087
0 0.9486420612813371 0.19456521739130433 0.005222841225626741 0.02391304347826087
4 0.8852715877437326 0.4206521739130435 0.030988857938718663 0.11304347826086956
4 0.7616643454038997 0.34945652173913044 0.019846796657381614 0.07717391304347826
4 0.6639972144846796 0.3125 0.014623955431754874 0.059782608695652176
4 0.5938370473537604 0.2951086956521739 0.01149025069637883 0.04673913043478261
4 0.5297701949860725 0.2858695652173913 0.0100974930362117 0.041304347826086954
4 0.4899025069637883 0.28206521739130436 0.008356545961002786 0.035869565217391305
4 0.3957172701949861 0.2733695652173913 0.006615598885793872 0.02717391304347826
4 0.38579387186629527 0.2668478260869565 0.005571030640668524 0.025
4 0.3920612813370474 0.2619565217391304 0.004178272980501393 0.021739130434782608
4 0.41608635097493035 0.2554347826086957 0.004874651810584958 0.021739130434782608
4 0.44724930362116994 0.2782608695652174 0.008008356545961003 0.03260869565217391
4 0.45525766016713093 0.24782608695652175 0.004526462395543176 0.01956521739130435
4 0.5017409470752089 0.2407608695652174 0.004874651810584958 0.020652173913043477
4 0.5447423398328691 0.2358695652173913 0.004526462395543176 0.01956521739130435
4 0.6098537604456824 0.2298913043478261 0.005222841225626741 0.020652173913043477
4 0.6887186629526463 0.22282608695652173 0.004874651810584958 0.021739130434782608
4 0.7647980501392758 0.21684782608695652 0.005919220055710306 0.02282608695652174
4 0.8650766016713092 0.20923913043478262 0.005919220055710306 0.025
4 0.9413300835654597 0.20271739130434782 0.005919220055710306 0.025
1 0.7562674094707521 0.21141304347826087 0.005571030640668524 0.03369565217391304
1 0.7722841225626741 0.2108695652173913 0.005571030640668524 0.034782608695652174
1 0.7620125348189415 0.20543478260869566 0.00383008356545961 0.030434782608695653
1 0.7761142061281338 0.20434782608695654 0.004178272980501393 0.030434782608695653