0 0.21866295264623956 0.5057989690721649 0.011838440111420613 0.01761168384879725
0 0.25191504178272983 0.531786941580756 0.02193593314763231 0.01804123711340206
0 0.42809888579387184 0.5470360824742269 0.021239554317548745 0.029639175257731958
0 0.44724930362116994 0.5094501718213058 0.008704735376044569 0.014604810996563574
0 0.6930710306406686 0.5414518900343642 0.02193593314763231 0.01761168384879725
0 0.6105501392757661 0.511168384879725 0.005919220055710306 0.013745704467353952
0 0.5804317548746518 0.502147766323024 0.006267409470752089 0.010309278350515464
4 0.07224930362116992 0.5285652920962199 0.02193593314763231 0.03049828178694158
4 0.2654944289693593 0.666881443298969 0.0665041782729805 0.0897766323024055
4 0.22562674094707522 0.5560567010309279 0.022284122562674095 0.033934707903780066
4 0.36542479108635095 0.573668384879725 0.03586350974930362 0.0313573883161512
4 0.3246866295264624 0.5141752577319587 0.01288300835654596 0.01804123711340206
4 0.44220055710306405 0.5279209621993127 0.014623955431754874 0.022336769759450172
4 0.8629874651810585 0.5820446735395189 0.03655988857938719 0.030927835051546393
4 0.6810584958217271 0.5251288659793815 0.011838440111420613 0.019329896907216496
4 0.6140320334261838 0.5208333333333334 0.01149025069637883 0.01761168384879725
4 0.5665041782729805 0.5060137457044673 0.006963788300835654 0.01288659793814433
2 0.8784818941504178 0.6282216494845361 0.04456824512534819 0.04338487972508591