0 0.34122340425531916 0.45092592592592595 0.022872340425531913 0.053703703703703705
0 0.13351063829787235 0.43472222222222223 0.023404255319148935 0.04537037037037037
0 0.10425531914893617 0.749537037037037 0.059574468085106386 0.20462962962962963
0 0.35425531914893615 0.5361111111111111 0.045744680851063826 0.09259259259259259
0 0.17340425531914894 0.3851851851851852 0.011702127659574468 0.016666666666666666
0 0.35851063829787233 0.37777777777777777 0.010638297872340425 0.016666666666666666
0 0.48058510638297874 0.3712962962962963 0.009042553191489361 0.014814814814814815
0 0.7726063829787234 0.38287037037037036 0.014361702127659574 0.017592592592592594
0 0.6946808510638298 0.37546296296296294 0.01276595744680851 0.013888888888888888
0 0.6042553191489362 0.3680555555555556 0.010638297872340425 0.013888888888888888
4 0.4204787234042553 0.40555555555555556 0.01648936170212766 0.037037037037037035
4 0.7300531914893617 0.44027777777777777 0.025 0.049074074074074076
4 0.26648936170212767 0.39814814814814814 0.015957446808510637 0.03333333333333333
4 0.5659574468085107 0.4199074074074074 0.018085106382978722 0.03981481481481482