0 0.2590529247910863 0.7005434782608696 0.04596100278551532 0.1858695652173913
4 0.5100974930362117 0.4472826086956522 0.018105849582172703 0.059782608695652176
4 0.6937674094707521 0.4076086956521739 0.01149025069637883 0.0391304347826087
0 0.5252437325905293 0.36630434782608695 0.007311977715877437 0.02826086956521739
4 0.7271935933147632 0.4326086956521739 0.014972144846796657 0.05217391304347826
0 0.28151114206128136 0.4201086956521739 0.01288300835654596 0.051086956521739134
4 0.7830779944289693 0.6472826086956521 0.04387186629526462 0.15760869565217392
4 0.762883008356546 0.39619565217391306 0.009052924791086351 0.03369565217391304
0 0.45647632311977715 0.37717391304347825 0.008356545961002786 0.03260869565217391
4 0.5724233983286908 0.3983695652173913 0.009749303621169917 0.035869565217391305
0 0.27402506963788303 0.48695652173913045 0.020891364902506964 0.08260869565217391
4 0.5325557103064067 0.41630434782608694 0.012186629526462395 0.04565217391304348
4 0.8408774373259053 0.3695652173913043 0.006267409470752089 0.02391304347826087
0 0.3581128133704735 0.3983695652173913 0.009401114206128134 0.03804347826086957
4 0.7282381615598886 0.3798913043478261 0.007311977715877437 0.02717391304347826
4 0.7968314763231198 0.3755434782608696 0.007311977715877437 0.025
4 0.9000696378830083 0.3907608695652174 0.00766016713091922 0.029347826086956522
4 0.6471100278551533 0.38532608695652176 0.007311977715877437 0.029347826086956522
0 0.7009052924791086 0.3625 0.005571030640668524 0.02282608695652174
0 0.6182103064066853 0.3630434782608696 0.005919220055710306 0.02391304347826087
4 0.8356545961002786 0.39456521739130435 0.008356545961002786 0.030434782608695653
4 0.8983286908077994 0.3565217391304348 0.004178272980501393 0.015217391304347827
0 0.8924094707520891 0.4190217391304348 0.011838440111420613 0.04021739130434782
4 0.8595055710306406 0.3635869565217391 0.005919220055710306 0.020652173913043477
0 0.7466922005571031 0.358695652173913 0.005222841225626741 0.021739130434782608
0 0.822075208913649 0.34891304347826085 0.003481894150417827 0.015217391304347827
0 0.7813370473537604 0.35489130434782606 0.004874651810584958 0.01847826086956522
4 0.6126392757660167 0.5157608695652174 0.027506963788300837 0.09021739130434783
4 0.8346100278551533 0.47608695652173916 0.02158774373259053 0.06739130434782609
4 0.8755222841225627 0.35978260869565215 0.004526462395543176 0.017391304347826087