0 0.22841225626740946 0.810352233676976 0.10654596100278552 0.156786941580756
0 0.42009052924791085 0.5822594501718213 0.03377437325905292 0.045103092783505154
0 0.5760793871866295 0.5416666666666666 0.015668523676880222 0.02577319587628866
0 0.5548398328690808 0.511168384879725 0.008008356545961003 0.01288659793814433
0 0.649025069637883 0.5231958762886598 0.012534818941504178 0.01804123711340206
0 0.6491991643454039 0.5571305841924399 0.02402506963788301 0.03350515463917526
0 0.8262534818941504 0.555627147766323 0.020891364902506964 0.03307560137457045
0 0.8323467966573816 0.530713058419244 0.01288300835654596 0.02104810996563574
0 0.83008356545961 0.4997852233676976 0.004874651810584958 0.007302405498281787
0 0.8758704735376045 0.5128865979381443 0.008704735376044569 0.01288659793814433
0 0.8859679665738162 0.5004295532646048 0.004526462395543176 0.007731958762886598
0 0.7893454038997214 0.5210481099656358 0.010445682451253482 0.01718213058419244
0 0.7653203342618384 0.4995704467353952 0.004874651810584958 0.007731958762886598
0 0.7477367688022284 0.5131013745704467 0.008704735376044569 0.01331615120274914
0 0.7310236768802229 0.501073883161512 0.005222841225626741 0.00816151202749141
0 0.7075208913649025 0.5045103092783505 0.005571030640668524 0.00902061855670103
0 0.7019498607242339 0.5092353951890034 0.006963788300835654 0.011597938144329897
4 0.46518105849582175 0.5599226804123711 0.02576601671309192 0.03479381443298969
4 0.520717270194986 0.5788230240549829 0.02681058495821727 0.04252577319587629
4 0.5649373259052924 0.5064432989690721 0.007311977715877437 0.011168384879725086
4 0.6070682451253482 0.5292096219931272 0.01288300835654596 0.020618556701030927
4 0.6465877437325905 0.5047250859106529 0.006267409470752089 0.010309278350515464
4 0.8897980501392758 0.5103092783505154 0.008704735376044569 0.012027491408934709
4 0.7637534818941504 0.5143900343642611 0.009401114206128134 0.014175257731958763
4 0.7696727019498607 0.5042955326460481 0.006615598885793872 0.010309278350515464
2 0.07190111420612813 0.6353092783505154 0.046309192200557105 0.070446735395189
2 0.485550139275766 0.5365120274914089 0.015668523676880222 0.024054982817869417
2 0.5118384401114207 0.5184707903780069 0.009749303621169917 0.015463917525773196
2 0.6129874651810585 0.5120274914089347 0.008704735376044569 0.013745704467353952
2 0.6441504178272981 0.5060137457044673 0.006267409470752089 0.010309278350515464
2 0.6655640668523677 0.6346649484536082 0.049094707520891366 0.06829896907216494
2 0.7975278551532033 0.5895618556701031 0.03447075208913649 0.0468213058419244
2 0.8330431754874652 0.5504725085910653 0.01915041782729805 0.028780068728522335
2 0.862291086350975 0.5231958762886598 0.01288300835654596 0.01804123711340206
2 0.8410515320334262 0.5152491408934707 0.009401114206128134 0.015034364261168385
2 0.8259052924791086 0.5064432989690721 0.006963788300835654 0.010309278350515464
2 0.7325905292479109 0.5311426116838488 0.013927576601671309 0.02104810996563574
2 0.7472144846796658 0.5051546391752577 0.006267409470752089 0.010309278350515464