0 0.20090529247910863 0.2298913043478261 0.004874651810584958 0.020652173913043477
0 0.10828690807799443 0.2184782608695652 0.006267409470752089 0.02391304347826087
4 0.08756963788300835 0.22554347826086957 0.006615598885793872 0.02717391304347826
4 0.24495125348189414 0.2440217391304348 0.005919220055710306 0.025
4 0.39415041782729804 0.2565217391304348 0.004874651810584958 0.021739130434782608
0 0.2905640668523677 0.23967391304347826 0.004526462395543176 0.020652173913043477
4 0.4314066852367688 0.25706521739130433 0.003481894150417827 0.02282608695652174
4 0.4660515320334262 0.24456521739130435 0.002437325905292479 0.010869565217391304
4 0.3097144846796657 0.2505434782608696 0.005222841225626741 0.02282608695652174
4 0.5262883008356546 0.25217391304347825 0.002437325905292479 0.013043478260869565
0 0.25191504178272983 0.2358695652173913 0.005222841225626741 0.021739130434782608
0 0.8128481894150418 0.29945652173913045 0.002437325905292479 0.011956521739130435
0 0.7430362116991643 0.28804347826086957 0.002785515320334262 0.013043478260869565
4 0.8955431754874652 0.31521739130434784 0.002785515320334262 0.013043478260869565
4 0.49512534818941506 0.24782608695652175 0.002785515320334262 0.013043478260869565
4 0.7585306406685237 0.2951086956521739 0.002437325905292479 0.014130434782608696
0 0.3673398328690808 0.24130434782608695 0.003481894150417827 0.017391304347826087
4 0.935933147632312 0.31956521739130433 0.002785515320334262 0.013043478260869565
4 0.6284818941504178 0.7679347826086956 0.02924791086350975 0.15760869565217392
0 0.6894150417827298 0.2798913043478261 0.002785515320334262 0.011956521739130435
0 0.354108635097493 0.24347826086956523 0.004178272980501393 0.01956521739130435
4 0.2773328690807799 0.5402173913043479 0.04004178272980501 0.15
4 0.17740250696378831 0.23641304347826086 0.005919220055710306 0.025
4 0.44080779944289694 0.2510869565217391 0.002785515320334262 0.015217391304347827
4 0.42896935933147634 0.2440217391304348 0.002785515320334262 0.014130434782608696
4 0.674616991643454 0.2798913043478261 0.0031337047353760445 0.011956521739130435
0 0.36246518105849584 0.23478260869565218 0.003481894150417827 0.013043478260869565
0 0.3281685236768802 0.2418478260869565 0.004526462395543176 0.020652173913043477
4 0.6422353760445683 0.2733695652173913 0.002437325905292479 0.014130434782608696
4 0.9124303621169917 0.3168478260869565 0.002437325905292479 0.011956521739130435
4 0.5581476323119777 0.2565217391304348 0.0020891364902506965 0.010869565217391304
0 0.7667130919220055 0.29239130434782606 0.002785515320334262 0.010869565217391304
0 0.649025069637883 0.27119565217391306 0.002785515320334262 0.011956521739130435
4 0.8802228412256268 0.3135869565217391 0.002785515320334262 0.011956521739130435
4 0.4435933147632312 0.2554347826086957 0.003481894150417827 0.015217391304347827
0 0.6711350974930362 0.27608695652173915 0.0031337047353760445 0.013043478260869565
0 0.5174094707520891 0.24728260869565216 0.002785515320334262 0.011956521739130435
0 0.8433147632311978 0.30380434782608695 0.002785515320334262 0.011956521739130435
0 0.37012534818941506 0.23152173913043478 0.0020891364902506965 0.010869565217391304
0 0.8302576601671309 0.3016304347826087 0.002437325905292479 0.014130434782608696
4 0.7176183844011143 0.28858695652173916 0.002785515320334262 0.014130434782608696
4 0.5894846796657381 0.2625 0.0020891364902506965 0.011956521739130435
0 0.8838788300835655 0.3081521739130435 0.002437325905292479 0.009782608695652175
4 0.4453342618384401 0.24293478260869567 0.0020891364902506965 0.011956521739130435
0 0.3946727019498607 0.23315217391304346 0.002437325905292479 0.014130434782608696
4 0.7931754874651811 0.3010869565217391 0.002785515320334262 0.015217391304347827
0 0.7169220055710307 0.2842391304347826 0.002785515320334262 0.011956521739130435
0 0.9171309192200557 0.3130434782608696 0.0020891364902506965 0.010869565217391304
0 0.47301532033426186 0.24130434782608695 0.002437325905292479 0.010869565217391304
4 0.8598537604456824 0.31032608695652175 0.0031337047353760445 0.014130434782608696
0 0.8593314763231198 0.3065217391304348 0.002785515320334262 0.013043478260869565
0 0.36942896935933145 0.2418478260869565 0.002785515320334262 0.016304347826086956
4 0.4314066852367688 0.24239130434782608 0.002785515320334262 0.017391304347826087
0 0.5623259052924791 0.2548913043478261 0.002785515320334262 0.011956521739130435
0 0.6079387186629527 0.26304347826086955 0.002785515320334262 0.010869565217391304
4 0.6096796657381616 0.2668478260869565 0.0020891364902506965 0.011956521739130435
0 0.7924791086350975 0.2967391304347826 0.002785515320334262 0.013043478260869565
4 0.8281685236768802 0.3065217391304348 0.0031337047353760445 0.013043478260869565