0 0.6895891364902507 0.3010869565217391 0.013579387186629526 0.058695652173913045
0 0.7358983286908078 0.391304347826087 0.023328690807799445 0.09782608695652174
0 0.5872214484679665 0.2722826086956522 0.0100974930362117 0.042391304347826085
0 0.36246518105849584 0.26413043478260867 0.006267409470752089 0.02826086956521739
0 0.7268454038997214 0.3353260869565217 0.017061281337047353 0.075
4 0.916782729805014 0.27119565217391306 0.016016713091922007 0.05543478260869565
0 0.6511142061281338 0.4940217391304348 0.0403899721448468 0.14456521739130435
0 0.4204387186629526 0.2684782608695652 0.007311977715877437 0.03260869565217391
4 0.7089136490250696 0.2440217391304348 0.009052924791086351 0.035869565217391305
4 0.8217270194986073 0.20271739130434782 0.006267409470752089 0.02282608695652174
0 0.8346100278551533 0.19456521739130433 0.004178272980501393 0.021739130434782608
0 0.8729108635097493 0.19130434782608696 0.004874651810584958 0.021739130434782608
0 0.9289693593314763 0.18804347826086956 0.004874651810584958 0.021739130434782608
0 0.5355153203342619 0.2684782608695652 0.009052924791086351 0.0391304347826087
4 0.5094011142061281 0.2451086956521739 0.006267409470752089 0.02717391304347826
4 0.485550139275766 0.2326086956521739 0.005222841225626741 0.021739130434782608
0 0.6418871866295265 0.2831521739130435 0.012186629526462395 0.04891304347826087
4 0.6199512534818942 0.24021739130434783 0.008008356545961003 0.03260869565217391
0 0.4052924791086351 0.24021739130434783 0.004178272980501393 0.01956521739130435
4 0.8880571030640668 0.19891304347826086 0.006615598885793872 0.02608695652173913
0 0.6070682451253482 0.20978260869565218 0.004526462395543176 0.01956521739130435
4 0.5604108635097493 0.2217391304347826 0.005919220055710306 0.01956521739130435
4 0.6204735376044568 0.2141304347826087 0.006267409470752089 0.021739130434782608
0 0.7550487465181058 0.1983695652173913 0.005222841225626741 0.020652173913043477
4 0.7322423398328691 0.20597826086956522 0.005571030640668524 0.02282608695652174
4 0.5135793871866295 0.22717391304347825 0.004874651810584958 0.01956521739130435
0 0.536908077994429 0.2190217391304348 0.004178272980501393 0.01847826086956522
4 0.4764972144846797 0.2440217391304348 0.006615598885793872 0.02717391304347826
0 0.36629526462395545 0.25271739130434784 0.004178272980501393 0.02282608695652174
4 0.7990947075208914 0.25271739130434784 0.011142061281337047 0.042391304347826085
0 0.46709610027855153 0.22880434782608697 0.005222841225626741 0.020652173913043477
4 0.4677924791086351 0.24021739130434783 0.005222841225626741 0.02608695652173913
0 0.6803621169916435 0.20380434782608695 0.004178272980501393 0.01847826086956522
4 0.6789693593314763 0.20923913043478262 0.004874651810584958 0.020652173913043477