0 0.38430851063829785 0.6331081081081081 0.019680851063829788 0.033783783783783786
0 0.1125 0.5868243243243243 0.011170212765957447 0.019594594594594596
0 0.2768617021276596 0.5989864864864864 0.013297872340425532 0.02364864864864865
0 0.21675531914893617 0.5922297297297298 0.013297872340425532 0.0222972972972973
0 0.15265957446808512 0.7179054054054054 0.052127659574468084 0.07364864864864865
0 0.3393617021276596 0.6118243243243243 0.015957446808510637 0.027702702702702704
0 0.34388297872340423 0.6614864864864864 0.032446808510638296 0.0445945945945946
0 0.3917553191489362 0.5706081081081081 0.006914893617021276 0.012837837837837839
0 0.31888297872340426 0.5699324324324324 0.007978723404255319 0.011486486486486487
0 0.7186170212765958 0.581081081081081 0.00851063829787234 0.014864864864864866
0 0.5829787234042553 0.577027027027027 0.00851063829787234 0.014864864864864866
0 0.874468085106383 0.5861486486486487 0.010638297872340425 0.016891891891891893
0 0.4800531914893617 0.5739864864864865 0.006914893617021276 0.011486486486486487
0 0.2 0.5692567567567568 0.006382978723404255 0.012837837837837839
0 0.09627659574468085 0.5672297297297297 0.007446808510638298 0.01418918918918919
4 0.798936170212766 0.6760135135135135 0.035106382978723406 0.04932432432432433
4 0.7194148936170213 0.6408783783783784 0.023936170212765957 0.03310810810810811
4 0.6109042553191489 0.6162162162162163 0.018617021276595744 0.02702702702702703
4 0.698404255319149 0.5841216216216216 0.009574468085106383 0.015540540540540541
4 0.4571808510638298 0.5739864864864865 0.006914893617021276 0.01418918918918919
4 0.29175531914893615 0.5716216216216217 0.007978723404255319 0.012162162162162163
4 0.8077127659574468 0.5878378378378378 0.01223404255319149 0.021621621621621623
4 0.2542553191489362 0.5756756756756757 0.010638297872340425 0.014864864864864866
4 0.1702127659574468 0.5716216216216217 0.007446808510638298 0.013513513513513514
4 0.47819148936170214 0.5939189189189189 0.010638297872340425 0.021621621621621623
4 0.13909574468085106 0.5739864864864865 0.010106382978723405 0.016891891891891893
4 0.35851063829787233 0.581418918918919 0.013829787234042552 0.020945945945945947
4 0.37898936170212766 0.5736486486486486 0.006914893617021276 0.013513513513513514
4 0.5478723404255319 0.5773648648648648 0.00851063829787234 0.015540540540540541