0 0.8988509749303621 0.40543478260869564 0.007311977715877437 0.02826086956521739
4 0.23798746518105848 0.45760869565217394 0.027506963788300837 0.10652173913043478
0 0.8051880222841226 0.36793478260869567 0.005919220055710306 0.02282608695652174
4 0.14223537604456823 0.3070652173913043 0.013579387186629526 0.05326086956521739
4 0.17165738161559888 0.3581521739130435 0.018802228412256268 0.06847826086956521
4 0.7644498607242339 0.37228260869565216 0.006615598885793872 0.02717391304347826
4 0.833391364902507 0.40380434782608693 0.008704735376044569 0.03369565217391304
4 0.12848189415041783 0.27445652173913043 0.010445682451253482 0.042391304347826085
0 0.44707520891364905 0.2722826086956522 0.002785515320334262 0.014130434782608696
4 0.7336350974930362 0.35434782608695653 0.005571030640668524 0.02391304347826087
4 0.3953690807799443 0.266304347826087 0.00383008356545961 0.017391304347826087
4 0.6822771587743732 0.33695652173913043 0.004526462395543176 0.021739130434782608
0 0.887708913649025 0.33043478260869563 0.002437325905292479 0.013043478260869565
0 0.25887883008356544 0.23369565217391305 0.00383008356545961 0.015217391304347827
0 0.8652506963788301 0.391304347826087 0.006267409470752089 0.02608695652173913
0 0.11855849582172702 0.20923913043478262 0.004526462395543176 0.01847826086956522
0 0.7395543175487466 0.34619565217391307 0.004874651810584958 0.020652173913043477
0 0.30379526462395545 0.24130434782608695 0.0031337047353760445 0.013043478260869565
0 0.9084261838440112 0.33858695652173915 0.002785515320334262 0.011956521739130435
0 0.0504874651810585 0.20217391304347826 0.003481894150417827 0.021739130434782608
0 0.0706824512534819 0.20326086956521738 0.004874651810584958 0.017391304347826087
0 0.6676532033426184 0.32554347826086955 0.00383008356545961 0.01847826086956522
4 0.4737116991643454 0.7483695652173913 0.05327298050139276 0.19456521739130433
4 0.5388231197771588 0.29945652173913045 0.00383008356545961 0.01847826086956522
4 0.32381615598885793 0.24891304347826088 0.003481894150417827 0.015217391304347827
0 0.3993732590529248 0.2614130434782609 0.003481894150417827 0.014130434782608696
4 0.11455431754874652 0.23097826086956522 0.004874651810584958 0.025
4 0.1309192200557103 0.22282608695652173 0.004874651810584958 0.021739130434782608
4 0.1815807799442897 0.225 0.00383008356545961 0.017391304347826087
0 0.8931058495821727 0.32771739130434785 0.0020891364902506965 0.009782608695652175
0 0.5567548746518106 0.3 0.003481894150417827 0.017391304347826087
1 0.4072075208913649 0.6266304347826087 0.06998607242339833 0.325
4 0.6114206128133705 0.31630434782608696 0.004178272980501393 0.01956521739130435
4 0.11960306406685237 0.25271739130434784 0.008704735376044569 0.03369565217391304
0 0.3504526462395543 0.2505434782608696 0.0031337047353760445 0.014130434782608696
0 0.9458565459610028 0.3391304347826087 0.0031337047353760445 0.008695652173913044
4 0.46309192200557103 0.2826086956521739 0.004178272980501393 0.017391304347826087
4 0.11420612813370473 0.24239130434782608 0.006267409470752089 0.02608695652173913
0 0.8828342618384402 0.32663043478260867 0.002437325905292479 0.011956521739130435
4 0.2520891364902507 0.23478260869565218 0.003481894150417827 0.017391304347826087
0 0.503133704735376 0.28641304347826085 0.002785515320334262 0.014130434782608696
0 0.913474930362117 0.33206521739130435 0.002437325905292479 0.009782608695652175
4 0.4465529247910863 0.2576086956521739 0.0017409470752089136 0.008695652173913044
0 0.6135097493036211 0.3130434782608696 0.003481894150417827 0.017391304347826087
1 0.5950557103064067 0.7097826086956521 0.04247910863509749 0.2717391304347826
0 0.19098189415041783 0.22065217391304348 0.00383008356545961 0.015217391304347827
4 0.23206824512534818 0.2190217391304348 0.002437325905292479 0.009782608695652175
4 0.2520891364902507 0.22010869565217392 0.0020891364902506965 0.007608695652173913
4 0.272458217270195 0.2233695652173913 0.0017409470752089136 0.007608695652173913
4 0.40964484679665736 0.25 0.0017409470752089136 0.008695652173913044
4 0.3880571030640669 0.24565217391304348 0.0017409470752089136 0.008695652173913044
4 0.2738509749303621 0.22228260869565217 0.0017409470752089136 0.007608695652173913