0 0.8770891364902507 0.3858695652173913 0.008356545961002786 0.03260869565217391
4 0.6046309192200557 0.40543478260869564 0.014972144846796657 0.06521739130434782
0 0.6236072423398329 0.3423913043478261 0.008356545961002786 0.03695652173913044
0 0.3824860724233983 0.3391304347826087 0.013579387186629526 0.05434782608695652
0 0.23276462395543177 0.3739130434782609 0.021239554317548745 0.0782608695652174
4 0.6697423398328691 0.39021739130434785 0.012186629526462395 0.05434782608695652
0 0.7416434540389972 0.3581521739130435 0.008356545961002786 0.03152173913043478
0 0.5074860724233984 0.3342391304347826 0.0100974930362117 0.042391304347826085
4 0.8330431754874652 0.39891304347826084 0.010793871866295265 0.043478260869565216
4 0.7414693593314763 0.38858695652173914 0.012186629526462395 0.04673913043478261
4 0.5616295264623955 0.45217391304347826 0.0201949860724234 0.09130434782608696
4 0.9195682451253482 0.41684782608695653 0.010445682451253482 0.042391304347826085
4 0.6263927576601671 0.5880434782608696 0.03969359331476323 0.14565217391304347