0 0.3747340425531915 0.46805555555555556 0.022872340425531913 0.05648148148148148
0 0.42606382978723406 0.4111111111111111 0.01276595744680851 0.02962962962962963
4 0.6829787234042554 0.462037037037037 0.02872340425531915 0.06296296296296296
4 0.5970744680851063 0.40925925925925927 0.01223404255319149 0.03148148148148148
2 0.44388297872340426 0.38935185185185184 0.009042553191489361 0.021296296296296296
2 0.4531914893617021 0.3787037037037037 0.006382978723404255 0.016666666666666666
2 0.4601063829787234 0.3712962962962963 0.005319148936170213 0.012962962962962963
2 0.4648936170212766 0.3662037037037037 0.005319148936170213 0.012037037037037037
2 0.46914893617021275 0.36203703703703705 0.00425531914893617 0.011111111111111112
2 0.47154255319148936 0.35833333333333334 0.003723404255319149 0.009259259259259259
2 0.47367021276595744 0.35555555555555557 0.0026595744680851063 0.007407407407407408
2 0.47606382978723405 0.3527777777777778 0.002127659574468085 0.005555555555555556
2 0.5640957446808511 0.38796296296296295 0.009042553191489361 0.020370370370370372
2 0.5478723404255319 0.37777777777777777 0.006382978723404255 0.018518518518518517
2 0.5388297872340425 0.37222222222222223 0.005319148936170213 0.014814814814814815
2 0.5321808510638298 0.3662037037037037 0.005851063829787234 0.012037037037037037
2 0.5281914893617021 0.3625 0.00425531914893617 0.010185185185185186
2 0.5231382978723405 0.3592592592592593 0.003723404255319149 0.009259259259259259
2 0.5202127659574468 0.35694444444444445 0.0031914893617021275 0.008333333333333333
2 0.5140957446808511 0.35138888888888886 0.0026595744680851063 0.006481481481481481
2 0.5164893617021277 0.35462962962962963 0.0031914893617021275 0.007407407407407408
1 0.4276595744680851 0.3990740740740741 0.015957446808510637 0.04814814814814815
1 0.47845744680851066 0.3476851851851852 0.0026595744680851063 0.008333333333333333
1 0.48723404255319147 0.34814814814814815 0.0031914893617021275 0.009259259259259259
1 0.4949468085106383 0.3476851851851852 0.0026595744680851063 0.008333333333333333
1 0.5023936170212766 0.34814814814814815 0.0026595744680851063 0.009259259259259259
1 0.5111702127659574 0.34814814814814815 0.002127659574468085 0.007407407407407408
1 0.5949468085106383 0.3976851851851852 0.013297872340425532 0.04537037037037037
1 0.5909574468085106 0.39675925925925926 0.015957446808510637 0.04537037037037037