0 0.28342618384401114 0.6173913043478261 0.0403899721448468 0.14130434782608695
0 0.3918871866295265 0.4880434782608696 0.019846796657381614 0.07608695652173914
0 0.9002437325905293 0.4277173913043478 0.009401114206128134 0.035869565217391305
4 0.6902855153203342 0.4967391304347826 0.016364902506963788 0.06956521739130435
4 0.6556406685236769 0.4440217391304348 0.011838440111420613 0.04891304347826087
4 0.916782729805014 0.45706521739130435 0.012534818941504178 0.04891304347826087
4 0.7270194986072424 0.41793478260869565 0.008356545961002786 0.03369565217391304
0 0.43419220055710306 0.39456521739130435 0.006963788300835654 0.030434782608695653
4 0.7935236768802229 0.4358695652173913 0.010445682451253482 0.0391304347826087
0 0.8783077994428969 0.41141304347826085 0.007311977715877437 0.02717391304347826
4 0.6941155988857939 0.4043478260869565 0.006615598885793872 0.02826086956521739
2 0.06737465181058495 0.35054347826086957 0.005919220055710306 0.025
4 0.6392757660167131 0.38206521739130433 0.004178272980501393 0.01847826086956522
4 0.9032033426183844 0.40652173913043477 0.003481894150417827 0.021739130434782608
0 0.817374651810585 0.41195652173913044 0.007311977715877437 0.02826086956521739
0 0.5341225626740947 0.37282608695652175 0.004178272980501393 0.01956521739130435
0 0.44481197771587744 0.4157608695652174 0.009401114206128134 0.04021739130434782
4 0.5638927576601671 0.3842391304347826 0.005222841225626741 0.02282608695652174
4 0.5915738161559888 0.4206521739130435 0.009052924791086351 0.034782608695652174
4 0.5494428969359332 0.391304347826087 0.006267409470752089 0.02608695652173913
2 0.1190807799442897 0.34945652173913044 0.005571030640668524 0.02282608695652174
4 0.7752437325905293 0.3967391304347826 0.005222841225626741 0.021739130434782608
0 0.7028203342618384 0.3793478260869565 0.00383008356545961 0.015217391304347827
4 0.5985376044568245 0.3815217391304348 0.004178272980501393 0.01956521739130435
4 0.7400766016713092 0.3875 0.004526462395543176 0.01847826086956522
4 0.7512186629526463 0.5880434782608696 0.027506963788300837 0.1108695652173913
0 0.5887883008356546 0.37228260869565216 0.004178272980501393 0.016304347826086956
4 0.7160515320334262 0.3978260869565217 0.005919220055710306 0.02391304347826087
0 0.4435933147632312 0.38206521739130433 0.005571030640668524 0.025
4 0.6772284122562674 0.38206521739130433 0.004874651810584958 0.016304347826086956
4 0.862291086350975 0.4043478260869565 0.005222841225626741 0.02391304347826087
4 0.5571030640668524 0.40217391304347827 0.006963788300835654 0.030434782608695653
2 0.24286211699164345 0.34782608695652173 0.004526462395543176 0.017391304347826087
2 0.2745473537604457 0.3467391304347826 0.004526462395543176 0.017391304347826087
2 0.19428969359331477 0.34945652173913044 0.004874651810584958 0.020652173913043477
2 0.3142409470752089 0.3467391304347826 0.00383008356545961 0.015217391304347827
0 0.5026114206128134 0.45 0.012186629526462395 0.05217391304347826
0 0.4813718662952646 0.3755434782608696 0.005222841225626741 0.020652173913043477
0 0.9442896935933147 0.4108695652173913 0.004178272980501393 0.017391304347826087