0 0.4796309192200557 0.5691580756013745 0.028203342618384402 0.036941580756013746
0 0.23259052924791088 0.5536941580756014 0.02924791086350975 0.024054982817869417
0 0.15964484679665739 0.5193298969072165 0.014275766016713091 0.02147766323024055
0 0.4213091922005571 0.5171821305841925 0.010445682451253482 0.01632302405498282
0 0.7358983286908078 0.5481099656357389 0.023328690807799445 0.018900343642611683
0 0.5901810584958217 0.5148195876288659 0.008356545961002786 0.014175257731958763
0 0.5395194986072424 0.5049398625429553 0.006615598885793872 0.011597938144329897
4 0.4622214484679666 0.6144759450171822 0.049094707520891366 0.040807560137457045
4 0.45282033426183843 0.5414518900343642 0.017757660167130918 0.02620274914089347
4 0.23798746518105848 0.5951460481099656 0.03307799442896936 0.0468213058419244
4 0.2928272980501393 0.5266323024054983 0.016016713091922007 0.02147766323024055
4 0.6897632311977716 0.5289948453608248 0.012534818941504178 0.020189003436426118
4 0.6150766016713092 0.5259879725085911 0.013579387186629526 0.019329896907216496
4 0.5341225626740947 0.5096649484536082 0.00766016713091922 0.01331615120274914
4 0.6786211699164345 0.8423539518900344 0.05362116991643454 0.11769759450171821