0 0.29069148936170214 0.4648148148148148 0.021808510638297873 0.05185185185185185
0 0.4127659574468085 0.41805555555555557 0.014893617021276596 0.03611111111111111
0 0.5194148936170213 0.3958333333333333 0.01223404255319149 0.026851851851851852
0 0.5851063829787234 0.37962962962962965 0.009574468085106383 0.022222222222222223
0 0.5305851063829787 0.35462962962962963 0.0047872340425531915 0.012962962962962963
0 0.6146276595744681 0.36064814814814816 0.005851063829787234 0.01574074074074074
0 0.08909574468085106 0.5847222222222223 0.02925531914893617 0.10277777777777777
0 0.12393617021276596 0.35462962962962963 0.006382978723404255 0.014814814814814815
0 0.8172872340425532 0.34814814814814815 0.005851063829787234 0.009259259259259259
0 0.902127659574468 0.350462962962963 0.006382978723404255 0.010185185185185186
0 0.7220744680851063 0.3472222222222222 0.0047872340425531915 0.009259259259259259
0 0.6465425531914893 0.3638888888888889 0.006914893617021276 0.016666666666666666
0 0.6406914893617022 0.36157407407407405 0.005851063829787234 0.01574074074074074
0 0.6300531914893617 0.3685185185185185 0.009042553191489361 0.018518518518518517
0 0.5885638297872341 0.3574074074074074 0.006914893617021276 0.014814814814814815
0 0.48856382978723406 0.3537037037037037 0.0047872340425531915 0.011111111111111112
0 0.4324468085106383 0.3537037037037037 0.00425531914893617 0.011111111111111112
0 0.3797872340425532 0.3527777777777778 0.00425531914893617 0.012962962962962963
4 0.8781914893617021 0.6430555555555556 0.07553191489361702 0.1361111111111111
4 0.7646276595744681 0.38333333333333336 0.011170212765957447 0.025925925925925925
4 0.7156914893617021 0.47962962962962963 0.027127659574468086 0.06296296296296296
4 0.6954787234042553 0.39861111111111114 0.013297872340425532 0.032407407407407406
4 0.6784574468085106 0.4273148148148148 0.017553191489361703 0.041666666666666664
4 0.7803191489361702 0.37175925925925923 0.009574468085106383 0.021296296296296296
4 0.7457446808510638 0.36203703703703705 0.006382978723404255 0.016666666666666666
4 0.5707446808510638 0.34953703703703703 0.005319148936170213 0.013888888888888888
4 0.6885638297872341 0.3574074074074074 0.005851063829787234 0.014814814814814815
4 0.7773936170212766 0.3662037037037037 0.007978723404255319 0.019444444444444445
4 0.6319148936170212 0.35324074074074074 0.005319148936170213 0.013888888888888888
4 0.5151595744680851 0.34953703703703703 0.0047872340425531915 0.012037037037037037
4 0.4398936170212766 0.3490740740740741 0.00425531914893617 0.011111111111111112
2 0.8263297872340426 0.41898148148148145 0.023936170212765957 0.03611111111111111
2 0.8643617021276596 0.3675925925925926 0.011702127659574468 0.016666666666666666
2 0.875531914893617 0.362962962962963 0.01276595744680851 0.014814814814814815
2 0.4752659574468085 0.3592592592592593 0.013297872340425532 0.012962962962962963
2 0.1550531914893617 0.3712962962962963 0.021808510638297873 0.022222222222222223