0 0.49707446808510636 0.5287037037037037 0.03776595744680851 0.07962962962962963
0 0.7018617021276595 0.44212962962962965 0.01648936170212766 0.03981481481481482
0 0.7704787234042553 0.42314814814814816 0.014361702127659574 0.02962962962962963
0 0.7734042553191489 0.41203703703703703 0.00851063829787234 0.027777777777777776
0 0.7890957446808511 0.4050925925925926 0.010106382978723405 0.025
0 0.7313829787234043 0.3962962962962963 0.009574468085106383 0.020370370370370372
0 0.7156914893617021 0.3888888888888889 0.006914893617021276 0.016666666666666666
0 0.7643617021276595 0.38564814814814813 0.005319148936170213 0.01574074074074074
0 0.8148936170212766 0.38287037037037036 0.005319148936170213 0.01574074074074074
0 0.8867021276595745 0.3824074074074074 0.00425531914893617 0.012962962962962963
4 0.9207446808510639 0.4 0.00851063829787234 0.022222222222222223