0 0.1622340425531915 0.6736111111111112 0.08085106382978724 0.14722222222222223
0 0.32632978723404255 0.5097222222222222 0.03351063829787234 0.0712962962962963
0 0.3776595744680851 0.4634259259259259 0.02127659574468085 0.049074074074074076
0 0.4095744680851064 0.43148148148148147 0.014893617021276596 0.03333333333333333
0 0.4284574468085106 0.412962962962963 0.011170212765957447 0.027777777777777776
0 0.4944148936170213 0.4074074074074074 0.010106382978723405 0.025925925925925925
0 0.7087765957446809 0.41435185185185186 0.011170212765957447 0.01574074074074074
0 0.7970744680851064 0.42268518518518516 0.01223404255319149 0.019444444444444445
0 0.5816489361702127 0.4078703703703704 0.007978723404255319 0.021296296296296296
4 0.5872340425531914 0.42453703703703705 0.01276595744680851 0.03425925925925926
4 0.5904255319148937 0.4324074074074074 0.014893617021276596 0.037037037037037035
4 0.6093085106382978 0.41944444444444445 0.013297872340425532 0.02962962962962963
4 0.6667553191489362 0.42083333333333334 0.013297872340425532 0.030555555555555555
4 0.6412234042553191 0.46111111111111114 0.02074468085106383 0.05
4 0.7018617021276595 0.5115740740740741 0.03031914893617021 0.07314814814814814
4 0.7404255319148936 0.4263888888888889 0.013829787234042552 0.030555555555555555
4 0.8553191489361702 0.4388888888888889 0.014893617021276596 0.037037037037037035
2 0.34308510638297873 0.387037037037037 0.007446808510638298 0.009259259259259259
2 0.5069148936170212 0.38981481481481484 0.007446808510638298 0.007407407407407408
2 0.6420212765957447 0.38657407407407407 0.005319148936170213 0.010185185185185186
2 0.8925531914893617 0.3912037037037037 0.005319148936170213 0.008333333333333333
2 0.8058510638297872 0.38796296296296295 0.00851063829787234 0.009259259259259259
2 0.7345744680851064 0.3861111111111111 0.005319148936170213 0.007407407407407408