0 0.7029944289693594 0.7439862542955327 0.0905292479108635 0.13487972508591065
0 0.6361420612813371 0.6037371134020618 0.03690807799442897 0.04596219931271478
0 0.6319637883008357 0.5341494845360825 0.018105849582172703 0.0313573883161512
0 0.7143105849582173 0.4888316151202749 0.007311977715877437 0.01288659793814433
0 0.7325905292479109 0.5060137457044673 0.011838440111420613 0.019759450171821305
0 0.7390320334261838 0.4802405498281787 0.004526462395543176 0.009450171821305841
0 0.7710654596100278 0.46176975945017185 0.005919220055710306 0.00859106529209622
0 0.8203342618384402 0.48603951890034364 0.00766016713091922 0.01331615120274914
0 0.8238161559888579 0.47852233676975947 0.006267409470752089 0.010309278350515464
0 0.8582869080779945 0.5652920962199313 0.03203342618384401 0.048109965635738834
0 0.8835306406685237 0.5096649484536082 0.016364902506963788 0.023625429553264604
0 0.8837047353760445 0.49420103092783507 0.010445682451253482 0.01675257731958763
0 0.9270543175487466 0.4961340206185567 0.01288300835654596 0.018900343642611683
4 0.6836699164345403 0.4997852233676976 0.01149025069637883 0.01761168384879725
4 0.7336350974930362 0.49140893470790376 0.009052924791086351 0.013745704467353952
4 0.7578342618384402 0.48260309278350516 0.007311977715877437 0.011597938144329897
4 0.814066852367688 0.4997852233676976 0.014623955431754874 0.019329896907216496
4 0.8629874651810585 0.47530068728522334 0.005222841225626741 0.009879725085910653
4 0.876566852367688 0.5221219931271478 0.019846796657381614 0.028780068728522335
4 0.9383704735376045 0.43492268041237114 0.011142061281337047 0.014175257731958763
4 0.9014623955431755 0.4574742268041237 0.00766016713091922 0.011168384879725086
4 0.4571727019498607 0.510094501718213 0.02576601671309192 0.041666666666666664
2 0.3163300835654596 0.7117697594501718 0.07486072423398328 0.10738831615120274
2 0.7331128133704735 0.5163230240549829 0.014275766016713091 0.024054982817869417
2 0.8953690807799443 0.48711340206185566 0.0100974930362117 0.014604810996563574