0 0.7202298050139275 0.3293478260869565 0.018454038997214484 0.07173913043478261
0 0.6389275766016713 0.27717391304347827 0.011142061281337047 0.05
0 0.7327646239554317 0.39565217391304347 0.02541782729805014 0.10217391304347827
0 0.9230501392757661 0.19510869565217392 0.006963788300835654 0.020652173913043477
4 0.770717270194986 0.21358695652173912 0.006615598885793872 0.02717391304347826
4 0.7249303621169917 0.2298913043478261 0.008356545961002786 0.03152173913043478
4 0.9300139275766016 0.2793478260869565 0.017409470752089137 0.05652173913043478
4 0.804491643454039 0.2554347826086957 0.01288300835654596 0.043478260869565216
0 0.5967966573816156 0.23315217391304346 0.006963788300835654 0.029347826086956522
4 0.8144150417827298 0.20869565217391303 0.006267409470752089 0.02391304347826087
0 0.6777506963788301 0.483695652173913 0.04004178272980501 0.14347826086956522
4 0.7437325905292479 0.24293478260869567 0.009749303621169917 0.03804347826086957
0 0.8293871866295265 0.1983695652173913 0.005571030640668524 0.020652173913043477
0 0.6831476323119777 0.2108695652173913 0.005571030640668524 0.021739130434782608
0 0.7510445682451253 0.20326086956521738 0.004874651810584958 0.021739130434782608
0 0.6876740947075209 0.2956521739130435 0.016713091922005572 0.058695652173913045
0 0.3304317548746518 0.7527173913043478 0.036211699164345405 0.19021739130434784
4 0.8699512534818942 0.20543478260869566 0.008008356545961003 0.02391304347826087
0 0.6284818941504178 0.22065217391304348 0.005571030640668524 0.02391304347826087
0 0.5741643454038997 0.25271739130434784 0.009749303621169917 0.03804347826086957
4 0.7374651810584958 0.22065217391304348 0.00766016713091922 0.02826086956521739