0 0.4925139275766017 0.5179347826086956 0.022632311977715876 0.08804347826086957
4 0.7849930362116991 0.5092391304347826 0.02193593314763231 0.08152173913043478
0 0.21082869080779945 0.7467391304347826 0.06511142061281337 0.20217391304347826
0 0.5064415041782729 0.4434782608695652 0.01288300835654596 0.05652173913043478
4 0.8908426183844012 0.6809782608695653 0.04073816155988858 0.15978260869565217
0 0.5294220055710307 0.3733695652173913 0.005919220055710306 0.025
4 0.70508356545961 0.4407608695652174 0.014623955431754874 0.051086956521739134
4 0.6579038997214485 0.4146739130434783 0.01149025069637883 0.042391304347826085
0 0.5818245125348189 0.37282608695652175 0.005571030640668524 0.021739130434782608
0 0.6892409470752089 0.37282608695652175 0.005222841225626741 0.021739130434782608
4 0.8523676880222841 0.39565217391304347 0.00766016713091922 0.030434782608695653
4 0.7270194986072424 0.38369565217391305 0.005571030640668524 0.02391304347826087
4 0.905466573816156 0.4152173913043478 0.010793871866295265 0.0391304347826087
0 0.8633356545961003 0.3826086956521739 0.006615598885793872 0.02391304347826087
0 0.48485376044568246 0.37717391304347825 0.005222841225626741 0.02391304347826087
0 0.9319289693593314 0.39402173913043476 0.008704735376044569 0.029347826086956522
4 0.604108635097493 0.38315217391304346 0.00766016713091922 0.02717391304347826
0 0.6331824512534819 0.3701086956521739 0.005919220055710306 0.020652173913043477
4 0.7931754874651811 0.38858695652173914 0.00766016713091922 0.025
4 0.6162952646239555 0.39619565217391306 0.009052924791086351 0.03369565217391304
2 0.7599233983286908 0.3565217391304348 0.00383008356545961 0.013043478260869565
2 0.46256963788300837 0.3483695652173913 0.00383008356545961 0.011956521739130435
4 0.5100974930362117 0.33967391304347827 0.002785515320334262 0.009782608695652175
2 0.5560584958217271 0.34782608695652173 0.003481894150417827 0.013043478260869565
2 0.7129178272980501 0.35489130434782606 0.0031337047353760445 0.011956521739130435
2 0.5134052924791086 0.34782608695652173 0.00383008356545961 0.013043478260869565
2 0.46709610027855153 0.34130434782608693 0.0031337047353760445 0.010869565217391304
4 0.6589484679665738 0.37880434782608696 0.006615598885793872 0.02717391304347826
0 0.7583565459610028 0.375 0.006963788300835654 0.02391304347826087
2 0.7365947075208914 0.35543478260869565 0.004526462395543176 0.013043478260869565
2 0.5329038997214485 0.34945652173913044 0.0031337047353760445 0.011956521739130435
2 0.4909470752089137 0.34782608695652173 0.003481894150417827 0.013043478260869565
0 0.48241643454038996 0.3391304347826087 0.0031337047353760445 0.008695652173913044
0 0.4986072423398329 0.4141304347826087 0.009749303621169917 0.05217391304347826