0 0.14380222841225626 0.4449324324324324 0.059192200557103065 0.11824324324324324
0 0.4152158774373259 0.4577702702702703 0.05118384401114206 0.12364864864864865
0 0.24059888579387187 0.6912162162162162 0.10445682451253482 0.2418918918918919
0 0.37587047353760444 0.3398648648648649 0.030292479108635098 0.07297297297297298
0 0.35602367688022285 0.28986486486486485 0.01915041782729805 0.0472972972972973
0 0.37552228412256267 0.26216216216216215 0.015668523676880222 0.03513513513513514
0 0.3790041782729805 0.2456081081081081 0.01288300835654596 0.029054054054054056
0 0.3763927576601671 0.23445945945945945 0.010445682451253482 0.022972972972972974
0 0.8645543175487466 0.2141891891891892 0.016016713091922007 0.03783783783783784
4 0.8790041782729805 0.3516891891891892 0.04700557103064067 0.09527027027027027
4 0.7442548746518106 0.27871621621621623 0.028899721448467967 0.057432432432432436
4 0.6526810584958217 0.29662162162162165 0.026114206128133706 0.05405405405405406
4 0.655466573816156 0.24695945945945946 0.016364902506963788 0.03986486486486487
4 0.5807799442896936 0.26182432432432434 0.018105849582172703 0.04256756756756757
4 0.5546657381615598 0.24493243243243243 0.014623955431754874 0.03445945945945946
4 0.6528551532033426 0.2945945945945946 0.02576601671309192 0.05810810810810811
4 0.5405640668523677 0.23175675675675675 0.01149025069637883 0.02837837837837838
4 0.5254178272980501 0.22195945945945947 0.009052924791086351 0.02364864864864865
2 0.37691504178272983 0.22972972972972974 0.010793871866295265 0.022972972972972974
2 0.524025069637883 0.22027027027027027 0.00766016713091922 0.022972972972972974
2 0.6465877437325905 0.24425675675675676 0.014623955431754874 0.037162162162162164
2 0.8481894150417827 0.21283783783783783 0.01532033426183844 0.033783783783783786