0 0.7265957446808511 0.4023148148148148 0.014893617021276596 0.028703703703703703
0 0.6601063829787234 0.41388888888888886 0.01702127659574468 0.03888888888888889
0 0.35771276595744683 0.5347222222222222 0.0398936170212766 0.08611111111111111
0 0.5313829787234042 0.37175925925925923 0.010638297872340425 0.025
0 0.2531914893617021 0.3814814814814815 0.01276595744680851 0.025925925925925925
0 0.549468085106383 0.4462962962962963 0.023404255319148935 0.05
0 0.6234042553191489 0.37175925925925923 0.009574468085106383 0.025
0 0.399468085106383 0.3768518518518518 0.009574468085106383 0.024074074074074074
0 0.726063829787234 0.3819444444444444 0.013829787234042552 0.026851851851851852
0 0.49414893617021277 0.35 0.00851063829787234 0.012962962962962963
0 0.6207446808510638 0.3523148148148148 0.007446808510638298 0.012037037037037037
4 0.2757978723404255 0.36666666666666664 0.011170212765957447 0.024074074074074074
4 0.7837765957446808 0.36898148148148147 0.011170212765957447 0.025
4 0.8795212765957446 0.37824074074074077 0.013297872340425532 0.026851851851851852
4 0.12287234042553191 0.37083333333333335 0.01276595744680851 0.026851851851851852
4 0.9034574468085106 0.5523148148148148 0.04308510638297872 0.09166666666666666
4 0.4832446808510638 0.36018518518518516 0.009042553191489361 0.020370370370370372
4 0.5803191489361702 0.3592592592592593 0.009574468085106383 0.020370370370370372
4 0.6848404255319149 0.3611111111111111 0.010106382978723405 0.022222222222222223
4 0.3952127659574468 0.36203703703703705 0.009574468085106383 0.022222222222222223