0 0.8506267409470752 0.4342391304347826 0.018105849582172703 0.06847826086956521
4 0.6671309192200557 0.3690217391304348 0.012534818941504178 0.05326086956521739
0 0.6108983286908078 0.4483695652173913 0.02054317548746518 0.09021739130434783
0 0.24738857938718664 0.3967391304347826 0.026114206128133706 0.09347826086956522
0 0.8896239554317549 0.39619565217391306 0.013231197771587743 0.04891304347826087
4 0.3410515320334262 0.33804347826086956 0.017061281337047353 0.06086956521739131
4 0.5261142061281338 0.3657608695652174 0.016016713091922007 0.06195652173913044
4 0.21256963788300837 0.30434782608695654 0.014275766016713091 0.05434782608695652
4 0.42252785515320335 0.26413043478260867 0.005919220055710306 0.02608695652173913
4 0.34836350974930363 0.2559782608695652 0.006615598885793872 0.02717391304347826
4 0.7224930362116991 0.3565217391304348 0.010445682451253482 0.043478260869565216
0 0.14275766016713093 0.23804347826086958 0.00766016713091922 0.030434782608695653
4 0.567200557103064 0.28804347826086957 0.005571030640668524 0.02608695652173913
0 0.3187674094707521 0.24565217391304348 0.005919220055710306 0.02391304347826087
0 0.5999303621169917 0.28641304347826085 0.005571030640668524 0.02282608695652174
4 0.4972144846796657 0.275 0.006267409470752089 0.02391304347826087
4 0.22022980501392758 0.25271739130434784 0.008008356545961003 0.03369565217391304
0 0.22719359331476324 0.2391304347826087 0.007311977715877437 0.02608695652173913
0 0.509575208913649 0.27010869565217394 0.004526462395543176 0.02282608695652174
0 0.41451949860724235 0.2565217391304348 0.005222841225626741 0.021739130434782608
0 0.8438370473537604 0.36032608695652174 0.009401114206128134 0.035869565217391305
4 0.629874651810585 0.30217391304347824 0.006963788300835654 0.02826086956521739
0 0.7688022284122563 0.3298913043478261 0.00766016713091922 0.029347826086956522
2 0.07782033426183844 0.20108695652173914 0.004526462395543176 0.01956521739130435
0 0.6862813370473537 0.3059782608695652 0.005571030640668524 0.025
4 0.17653203342618384 0.2608695652173913 0.008356545961002786 0.0391304347826087
4 0.6845403899721448 0.3201086956521739 0.006267409470752089 0.029347826086956522
2 0.12029944289693593 0.2048913043478261 0.00383008356545961 0.01847826086956522
4 0.2802924791086351 0.25271739130434784 0.006963788300835654 0.029347826086956522
2 0.054491643454039 0.1983695652173913 0.00383008356545961 0.01847826086956522
1 0.16469359331476324 0.2597826086956522 0.013231197771587743 0.06739130434782609
4 0.7205779944289693 0.33804347826086956 0.008704735376044569 0.034782608695652174
2 0.100974930362117 0.20326086956521738 0.004178272980501393 0.01956521739130435
2 0.3673398328690808 0.5853260869565218 0.04735376044568245 0.175
2 0.13057103064066852 0.22010869565217392 0.005571030640668524 0.02282608695652174
4 0.16573816155988857 0.2766304347826087 0.009052924791086351 0.04673913043478261
1 0.17357242339832868 0.2684782608695652 0.014972144846796657 0.07391304347826087
2 0.13788300835654596 0.23152173913043478 0.006267409470752089 0.02826086956521739
2 0.125 0.21195652173913043 0.004178272980501393 0.01956521739130435
2 0.05013927576601671 0.20543478260869566 0.002785515320334262 0.01956521739130435