0 0.3398936170212766 0.5314814814814814 0.04148936170212766 0.08703703703703704
0 0.6226063829787234 0.42824074074074076 0.018617021276595744 0.04351851851851852
0 0.6898936170212766 0.4050925925925926 0.014893617021276596 0.03425925925925926
0 0.7069148936170213 0.38796296296296295 0.011702127659574468 0.027777777777777776
0 0.6779255319148936 0.37916666666666665 0.009042553191489361 0.023148148148148147
0 0.6563829787234042 0.3736111111111111 0.007446808510638298 0.019444444444444445
0 0.6486702127659575 0.3680555555555556 0.006914893617021276 0.017592592592592594
0 0.6640957446808511 0.3638888888888889 0.005851063829787234 0.016666666666666666
0 0.6962765957446808 0.35694444444444445 0.005319148936170213 0.013888888888888888
0 0.7191489361702128 0.35138888888888886 0.00425531914893617 0.012037037037037037
4 0.8675531914893617 0.5643518518518519 0.05 0.10462962962962963
4 0.9039893617021276 0.40046296296296297 0.015425531914893617 0.032407407407407406
4 0.8449468085106383 0.3851851851851852 0.011170212765957447 0.025925925925925925
4 0.7816489361702128 0.3768518518518518 0.009042553191489361 0.024074074074074074
4 0.7598404255319149 0.37037037037037035 0.007978723404255319 0.020370370370370372
4 0.7468085106382979 0.3648148148148148 0.005319148936170213 0.016666666666666666
4 0.7686170212765957 0.3578703703703704 0.005319148936170213 0.01574074074074074
4 0.7835106382978724 0.3527777777777778 0.005319148936170213 0.012962962962962963
4 0.7922872340425532 0.3486111111111111 0.0047872340425531915 0.013888888888888888
4 0.7992021276595744 0.3472222222222222 0.003723404255319149 0.012962962962962963