4 0.2214484679665738 0.4608695652173913 0.032729805013927575 0.11304347826086956
0 0.8960654596100278 0.3706521739130435 0.008704735376044569 0.02826086956521739
4 0.22493036211699163 0.2902173913043478 0.010445682451253482 0.0391304347826087
0 0.1592966573816156 0.26304347826086955 0.008704735376044569 0.030434782608695653
4 0.3177228412256267 0.2951086956521739 0.008704735376044569 0.03369565217391304
0 0.2703690807799443 0.26956521739130435 0.006615598885793872 0.02608695652173913
4 0.43036211699164345 0.3059782608695652 0.006267409470752089 0.02717391304347826
4 0.7482590529247911 0.3581521739130435 0.008356545961002786 0.029347826086956522
0 0.373433147632312 0.2847826086956522 0.005919220055710306 0.02391304347826087
4 0.6361420612813371 0.33967391304347827 0.006267409470752089 0.02717391304347826
0 0.6713091922005571 0.32771739130434785 0.005571030640668524 0.02282608695652174
0 0.5748607242339833 0.31521739130434784 0.005571030640668524 0.021739130434782608
0 0.7844707520891365 0.34402173913043477 0.006267409470752089 0.02282608695652174
4 0.6979456824512534 0.7641304347826087 0.030988857938718663 0.1673913043478261
4 0.06319637883008357 0.35380434782608694 0.022632311977715876 0.07282608695652174
4 0.8650766016713092 0.3826086956521739 0.008704735376044569 0.030434782608695653
4 0.5313370473537604 0.32282608695652176 0.006267409470752089 0.02608695652173913
0 0.47336350974930363 0.3005434782608696 0.005222841225626741 0.02282608695652174
4 0.12465181058495822 0.30978260869565216 0.01532033426183844 0.05
0 0.052924791086350974 0.26793478260869563 0.008356545961002786 0.035869565217391305
4 0.2802924791086351 0.2326086956521739 0.0020891364902506965 0.008695652173913044
4 0.28447075208913647 0.23423913043478262 0.0020891364902506965 0.009782608695652175
4 0.2889972144846797 0.23532608695652174 0.002785515320334262 0.009782608695652175
4 0.2930013927576602 0.23804347826086958 0.002437325905292479 0.010869565217391304
1 0.4592618384401114 0.24891304347826088 0.002785515320334262 0.015217391304347827
1 0.4634401114206128 0.24891304347826088 0.002785515320334262 0.017391304347826087
1 0.47057799442896936 0.24945652173913044 0.002437325905292479 0.01847826086956522
1 0.46657381615598886 0.2505434782608696 0.002785515320334262 0.014130434782608696
0 0.30135793871866295 0.23097826086956522 0.0017409470752089136 0.007608695652173913
0 0.30919220055710306 0.23369565217391305 0.0020891364902506965 0.008695652173913044
0 0.3229456824512535 0.23315217391304346 0.0017409470752089136 0.007608695652173913
0 0.3325208913649025 0.23478260869565218 0.0020891364902506965 0.008695652173913044
0 0.3506267409470752 0.23423913043478262 0.001392757660167131 0.007608695652173913
0 0.36124651810584957 0.23478260869565218 0.0017409470752089136 0.006521739130434782
0 0.3629874651810585 0.23532608695652174 0.0017409470752089136 0.007608695652173913