0 0.8339136490250696 0.3402173913043478 0.006267409470752089 0.030434782608695653
0 0.2889972144846797 0.2798913043478261 0.005571030640668524 0.020652173913043477
0 0.3944986072423398 0.2891304347826087 0.004874651810584958 0.021739130434782608
0 0.06789693593314763 0.2592391304347826 0.004874651810584958 0.02282608695652174
4 0.18297353760445684 0.4385869565217391 0.03168523676880223 0.0967391304347826
4 0.34818941504178275 0.28804347826086957 0.006267409470752089 0.02608695652173913
0 0.18819637883008355 0.26956521739130435 0.005919220055710306 0.02391304347826087
4 0.15250696378830084 0.27391304347826084 0.006267409470752089 0.030434782608695653
4 0.6133356545961003 0.7581521739130435 0.030988857938718663 0.17282608695652174
4 0.25835654596100277 0.28152173913043477 0.006267409470752089 0.02608695652173913
4 0.4766713091922006 0.3 0.006267409470752089 0.02608695652173913
4 0.8422701949860725 0.36141304347826086 0.009052924791086351 0.035869565217391305
0 0.6082869080779945 0.30869565217391304 0.004874651810584958 0.02608695652173913
0 0.7061281337047354 0.3184782608695652 0.004178272980501393 0.02608695652173913
4 0.5971448467966574 0.31467391304347825 0.006963788300835654 0.029347826086956522
4 0.055710306406685235 0.266304347826087 0.006267409470752089 0.02608695652173913
0 0.509575208913649 0.29891304347826086 0.005222841225626741 0.02391304347826087
4 0.7071727019498607 0.33315217391304347 0.006267409470752089 0.029347826086956522