0 0.42127659574468085 0.39814814814814814 0.010638297872340425 0.025925925925925925
0 0.3904255319148936 0.4337962962962963 0.018085106382978722 0.041666666666666664
0 0.2569148936170213 0.5787037037037037 0.05319148936170213 0.10925925925925926
0 0.4377659574468085 0.3824074074074074 0.007446808510638298 0.018518518518518517
0 0.4473404255319149 0.37407407407407406 0.005319148936170213 0.014814814814814815
0 0.4523936170212766 0.3675925925925926 0.0047872340425531915 0.012962962962962963
0 0.45691489361702126 0.362962962962963 0.00425531914893617 0.011111111111111112
4 0.6194148936170213 0.4324074074074074 0.019680851063829788 0.04259259259259259
4 0.5667553191489362 0.39861111111111114 0.010106382978723405 0.025
4 0.5420212765957447 0.3824074074074074 0.007446808510638298 0.018518518518518517
4 0.8236702127659574 0.5731481481481482 0.059042553191489364 0.11481481481481481
4 0.5289893617021276 0.37407407407407406 0.005851063829787234 0.014814814814814815
4 0.5207446808510638 0.3680555555555556 0.00425531914893617 0.013888888888888888
4 0.5146276595744681 0.36435185185185187 0.003723404255319149 0.010185185185185186
2 0.5101063829787233 0.3611111111111111 0.0031914893617021275 0.009259259259259259
2 0.5066489361702128 0.3597222222222222 0.0026595744680851063 0.008333333333333333