0 0.3699468085106383 0.500462962962963 0.02074468085106383 0.05092592592592592
0 0.399468085106383 0.47129629629629627 0.014893617021276596 0.03333333333333333
0 0.3026595744680851 0.562037037037037 0.035106382978723406 0.07592592592592592
0 0.4183510638297872 0.45231481481481484 0.01223404255319149 0.028703703703703703
0 0.42925531914893617 0.4393518518518518 0.009574468085106383 0.023148148148148147
0 0.10106382978723404 0.7564814814814815 0.05319148936170213 0.16111111111111112
0 0.43829787234042555 0.43194444444444446 0.00851063829787234 0.021296296296296296
0 0.44574468085106383 0.4263888888888889 0.007446808510638298 0.019444444444444445
0 0.45026595744680853 0.4212962962962963 0.005851063829787234 0.016666666666666666
4 0.5670212765957446 0.4393518518518518 0.010638297872340425 0.025
4 0.7297872340425532 0.5504629629629629 0.035106382978723406 0.07685185185185185
4 0.6071808510638298 0.4685185185185185 0.015425531914893617 0.03888888888888889
4 0.6484042553191489 0.49537037037037035 0.022340425531914895 0.05185185185185185
4 0.5835106382978723 0.45046296296296295 0.01276595744680851 0.030555555555555555
4 0.5539893617021276 0.43148148148148147 0.007978723404255319 0.022222222222222223
4 0.5470744680851064 0.4263888888888889 0.007978723404255319 0.019444444444444445
4 0.5406914893617021 0.4222222222222222 0.005851063829787234 0.016666666666666666
4 0.5356382978723404 0.41898148148148145 0.005319148936170213 0.01574074074074074
1 0.4542553191489362 0.412962962962963 0.006382978723404255 0.022222222222222223
1 0.535372340425532 0.4134259259259259 0.006914893617021276 0.023148148148148147