0 0.11622340425531914 0.3814814814814815 0.011170212765957447 0.027777777777777776
0 0.18138297872340425 0.39490740740740743 0.013829787234042552 0.032407407407407406
0 0.23031914893617023 0.4222222222222222 0.018085106382978722 0.040740740740740744
0 0.18670212765957447 0.47175925925925927 0.027659574468085105 0.062037037037037036
0 0.11409574468085107 0.5671296296296297 0.04840425531914894 0.10092592592592593
0 0.8497340425531915 0.4083333333333333 0.02074468085106383 0.024074074074074074
0 0.3449468085106383 0.37175925925925923 0.011170212765957447 0.012037037037037037
0 0.26648936170212767 0.36064814814814816 0.010638297872340425 0.012037037037037037
0 0.1752659574468085 0.3541666666666667 0.009042553191489361 0.012037037037037037
0 0.13138297872340426 0.3523148148148148 0.009574468085106383 0.012037037037037037
0 0.08324468085106383 0.3490740740740741 0.009042553191489361 0.011111111111111112
4 0.12872340425531914 0.36898148148148147 0.00851063829787234 0.021296296296296296
4 0.2521276595744681 0.3773148148148148 0.00851063829787234 0.021296296296296296
4 0.3359042553191489 0.3902777777777778 0.011170212765957447 0.026851851851851852
4 0.40797872340425534 0.4060185185185185 0.01276595744680851 0.030555555555555555
4 0.45053191489361705 0.42962962962962964 0.018085106382978722 0.04259259259259259
4 0.5715425531914894 0.49537037037037035 0.03351063829787234 0.07037037037037037