0 0.6713091922005571 0.45706521739130435 0.036211699164345405 0.12282608695652174
0 0.9378481894150418 0.3739130434782609 0.026114206128133706 0.08260869565217391
0 0.11263927576601672 0.746195652173913 0.06302228412256268 0.20326086956521738
0 0.05605849582172702 0.2597826086956522 0.0020891364902506965 0.008695652173913044
4 0.08513231197771588 0.27608695652173915 0.0031337047353760445 0.015217391304347827
4 0.10706824512534818 0.26467391304347826 0.002437325905292479 0.011956521739130435
4 0.07399025069637884 0.26956521739130435 0.002437325905292479 0.013043478260869565
4 0.059366295264623954 0.2548913043478261 0.0017409470752089136 0.009782608695652175
4 0.09836350974930362 0.24891304347826088 0.0017409470752089136 0.010869565217391304
0 0.5022632311977716 0.2076086956521739 0.0017409470752089136 0.008695652173913044
0 0.5154944289693594 0.2076086956521739 0.0017409470752089136 0.008695652173913044
0 0.5348189415041783 0.20054347826086957 0.001392757660167131 0.007608695652173913
0 0.5471796657381616 0.19891304347826086 0.0017409470752089136 0.008695652173913044
0 0.5518802228412256 0.2 0.001392757660167131 0.008695652173913044
1 0.7049094707520891 0.19130434782608696 0.00383008356545961 0.01956521739130435
1 0.692200557103064 0.1907608695652174 0.002785515320334262 0.01847826086956522
0 0.10915738161559889 0.26304347826086955 0.002437325905292479 0.010869565217391304
0 0.08756963788300835 0.2548913043478261 0.002437325905292479 0.009782608695652175