0 0.1625 0.41805555555555557 0.014361702127659574 0.028703703703703703
0 0.09813829787234042 0.38101851851851853 0.006914893617021276 0.01574074074074074
0 0.275 0.4 0.01276595744680851 0.027777777777777776
0 0.3648936170212766 0.3902777777777778 0.010638297872340425 0.021296296296296296
0 0.3125 0.36944444444444446 0.005851063829787234 0.012962962962962963
0 0.3683510638297872 0.36666666666666664 0.005851063829787234 0.014814814814814815
0 0.39361702127659576 0.3662037037037037 0.006382978723404255 0.013888888888888888
0 0.4127659574468085 0.36712962962962964 0.005319148936170213 0.013888888888888888
0 0.41808510638297874 0.3787037037037037 0.006382978723404255 0.018518518518518517
0 0.4398936170212766 0.3731481481481482 0.006382978723404255 0.016666666666666666
0 0.4321808510638298 0.36944444444444446 0.005851063829787234 0.014814814814814815
0 0.9111702127659574 0.37175925925925923 0.01276595744680851 0.012037037037037037
0 0.8276595744680851 0.36712962962962964 0.007446808510638298 0.010185185185185186
0 0.739095744680851 0.3611111111111111 0.003723404255319149 0.012962962962962963
0 0.6768617021276596 0.3574074074074074 0.0047872340425531915 0.011111111111111112
4 0.6606382978723404 0.5634259259259259 0.04468085106382979 0.10462962962962963
4 0.3303191489361702 0.5050925925925925 0.035106382978723406 0.075
4 0.1672872340425532 0.4634259259259259 0.027127659574468086 0.05277777777777778
4 0.23457446808510637 0.43703703703703706 0.02127659574468085 0.04259259259259259
4 0.1351063829787234 0.3763888888888889 0.007446808510638298 0.017592592592592594
4 0.32978723404255317 0.41898148148148145 0.01702127659574468 0.03611111111111111
4 0.3606382978723404 0.36435185185185187 0.006382978723404255 0.013888888888888888
4 0.42154255319148937 0.4023148148148148 0.013297872340425532 0.030555555555555555
4 0.475531914893617 0.36018518518518516 0.005319148936170213 0.012962962962962963
4 0.4952127659574468 0.36203703703703705 0.006382978723404255 0.014814814814814815
4 0.49920212765957445 0.38564814814814813 0.011170212765957447 0.025
4 0.5154255319148936 0.36435185185185187 0.006382978723404255 0.01574074074074074
4 0.5401595744680852 0.3768518518518518 0.009042553191489361 0.020370370370370372
4 0.538031914893617 0.36898148148148147 0.005851063829787234 0.017592592592592594
4 0.7531914893617021 0.3611111111111111 0.005319148936170213 0.012962962962962963
4 0.7678191489361702 0.3592592592592593 0.0047872340425531915 0.012962962962962963
4 0.7781914893617021 0.3587962962962963 0.005319148936170213 0.012037037037037037
4 0.7914893617021277 0.35648148148148145 0.00425531914893617 0.011111111111111112
4 0.801063829787234 0.3541666666666667 0.00425531914893617 0.010185185185185186
4 0.6949468085106383 0.3560185185185185 0.0047872340425531915 0.012037037037037037
4 0.714627659574468 0.35509259259259257 0.0047872340425531915 0.012037037037037037
4 0.7327127659574468 0.35324074074074074 0.003723404255319149 0.010185185185185186
2 0.6300531914893617 0.3712962962962963 0.017553191489361703 0.016666666666666666
1 0.2199468085106383 0.37083333333333335 0.007978723404255319 0.025
1 0.2125 0.3675925925925926 0.006914893617021276 0.022222222222222223
1 0.19893617021276597 0.37222222222222223 0.007446808510638298 0.025925925925925925
1 0.19441489361702127 0.36944444444444446 0.007978723404255319 0.022222222222222223