2 0.7585106382978724 0.5203703703703704 0.04468085106382979 0.08333333333333333
2 0.6297872340425532 0.43148148148148147 0.018085106382978722 0.04259259259259259
2 0.5875 0.39861111111111114 0.01223404255319149 0.028703703703703703
2 0.5683510638297873 0.3837962962962963 0.010106382978723405 0.021296296296296296
2 0.5521276595744681 0.3731481481481482 0.007446808510638298 0.016666666666666666
2 0.5428191489361702 0.36712962962962964 0.005851063829787234 0.013888888888888888
2 0.5364361702127659 0.36342592592592593 0.0047872340425531915 0.010185185185185186
2 0.5316489361702128 0.3592592592592593 0.0047872340425531915 0.009259259259259259
2 0.5287234042553192 0.35555555555555557 0.00425531914893617 0.009259259259259259
2 0.4765957446808511 0.35509259259259257 0.00425531914893617 0.008333333333333333
2 0.4731382978723404 0.35833333333333334 0.003723404255319149 0.009259259259259259
2 0.46914893617021275 0.362962962962963 0.005319148936170213 0.011111111111111112
2 0.4672872340425532 0.3675925925925926 0.005851063829787234 0.012962962962962963
2 0.46037234042553193 0.3731481481481482 0.006914893617021276 0.016666666666666666
2 0.45132978723404255 0.3837962962962963 0.009042553191489361 0.021296296296296296
2 0.4353723404255319 0.3990740740740741 0.011170212765957447 0.027777777777777776
2 0.4023936170212766 0.43148148148148147 0.019680851063829788 0.040740740740740744
2 0.3101063829787234 0.524074074074074 0.035106382978723406 0.08333333333333333
1 0.523936170212766 0.3509259259259259 0.00425531914893617 0.012962962962962963
1 0.5117021276595745 0.350462962962963 0.005319148936170213 0.013888888888888888
1 0.5010638297872341 0.35 0.005319148936170213 0.014814814814814815
1 0.49042553191489363 0.3509259259259259 0.005319148936170213 0.014814814814814815
1 0.47845744680851066 0.350462962962963 0.005851063829787234 0.013888888888888888