4 0.8532381615598886 0.2554347826086957 0.014972144846796657 0.04782608695652174
2 0.7594011142061281 0.29130434782608694 0.017409470752089137 0.06086956521739131
4 0.8756963788300836 0.21358695652173912 0.009052924791086351 0.03152173913043478
4 0.8346100278551533 0.2298913043478261 0.010445682451253482 0.035869565217391305
2 0.45891364902506965 0.325 0.018105849582172703 0.06739130434782609
2 0.7071727019498607 0.35108695652173916 0.02158774373259053 0.08478260869565217
0 0.7409470752089137 0.5494565217391304 0.05083565459610028 0.1858695652173913
2 0.5605849582172702 0.2793478260869565 0.013927576601671309 0.05
3 0.29126044568245124 0.3119565217391304 0.01288300835654596 0.04782608695652174
3 0.37952646239554316 0.27717391304347827 0.011142061281337047 0.0391304347826087
3 0.16695682451253482 0.29293478260869565 0.010793871866295265 0.035869565217391305
3 0.09505571030640668 0.3239130434782609 0.013927576601671309 0.04565217391304348