0 0.2859042553191489 0.4263888888888889 0.015425531914893617 0.03611111111111111
0 0.2170212765957447 0.4671296296296296 0.02446808510638298 0.049074074074074076
0 0.35771276595744683 0.4027777777777778 0.011170212765957447 0.025925925925925925
0 0.48856382978723406 0.375 0.007978723404255319 0.018518518518518517
0 0.43590425531914895 0.38657407407407407 0.010106382978723405 0.023148148148148147
0 0.5273936170212766 0.36712962962962964 0.006914893617021276 0.01574074074074074
0 0.5172872340425532 0.3611111111111111 0.005851063829787234 0.012962962962962963
0 0.5414893617021277 0.3638888888888889 0.005319148936170213 0.014814814814814815
0 0.5377659574468086 0.3625 0.005319148936170213 0.013888888888888888
0 0.49601063829787234 0.3592592592592593 0.0047872340425531915 0.012962962962962963
0 0.44601063829787235 0.35694444444444445 0.0047872340425531915 0.012037037037037037
0 0.4085106382978723 0.3574074074074074 0.005319148936170213 0.011111111111111112
4 0.7098404255319148 0.5916666666666667 0.05797872340425532 0.11666666666666667
4 0.5667553191489362 0.387037037037037 0.010106382978723405 0.025925925925925925
4 0.5805851063829788 0.4689814814814815 0.026063829787234042 0.05648148148148148
4 0.5521276595744681 0.4273148148148148 0.01702127659574468 0.03796296296296296
4 0.5446808510638298 0.4041666666666667 0.011702127659574468 0.030555555555555555
4 0.5337765957446808 0.35555555555555557 0.0047872340425531915 0.012962962962962963
4 0.5800531914893617 0.3587962962962963 0.0047872340425531915 0.013888888888888888
4 0.6239361702127659 0.37916666666666665 0.00851063829787234 0.019444444444444445
4 0.6236702127659575 0.3625 0.006914893617021276 0.013888888888888888
4 0.6422872340425532 0.37037037037037035 0.005851063829787234 0.014814814814814815
4 0.6441489361702127 0.3638888888888889 0.005319148936170213 0.012962962962962963
4 0.4324468085106383 0.3527777777777778 0.005319148936170213 0.011111111111111112
4 0.4821808510638298 0.35324074074074074 0.0047872340425531915 0.010185185185185186
2 0.11808510638297873 0.37222222222222223 0.018085106382978722 0.018518518518518517
2 0.39680851063829786 0.36064814814814816 0.011702127659574468 0.012037037037037037
2 0.6454787234042553 0.399537037037037 0.015425531914893617 0.025
2 0.711968085106383 0.36666666666666664 0.009042553191489361 0.014814814814814815
2 0.722872340425532 0.36342592592592593 0.010638297872340425 0.01574074074074074