0 0.7620125348189415 0.483695652173913 0.044916434540389974 0.14782608695652175
3 0.6126392757660167 0.21630434782608696 0.005222841225626741 0.021739130434782608
3 0.6225626740947076 0.20597826086956522 0.004178272980501393 0.01847826086956522
3 0.6333565459610028 0.20326086956521738 0.004874651810584958 0.017391304347826087
3 0.6277855153203342 0.19456521739130433 0.003481894150417827 0.015217391304347827
3 0.591399721448468 0.20978260869565218 0.004526462395543176 0.01956521739130435
3 0.5383008356545961 0.21195652173913043 0.004178272980501393 0.017391304347826087
3 0.493558495821727 0.22282608695652173 0.004526462395543176 0.021739130434782608
3 0.48224233983286907 0.21032608695652175 0.004874651810584958 0.014130434782608696
3 0.4521239554317549 0.2 0.0031337047353760445 0.013043478260869565
3 0.41225626740947074 0.21956521739130436 0.004874651810584958 0.017391304347826087
3 0.42618384401114207 0.20869565217391303 0.003481894150417827 0.013043478260869565
3 0.7076949860724234 0.2048913043478261 0.005222841225626741 0.020652173913043477
3 0.6944637883008357 0.19456521739130433 0.004526462395543176 0.015217391304347827
3 0.7127437325905293 0.19293478260869565 0.003481894150417827 0.02282608695652174
3 0.7325905292479109 0.18967391304347825 0.004178272980501393 0.016304347826086956
3 0.7961350974930362 0.1826086956521739 0.0031337047353760445 0.015217391304347827
3 0.8161559888579387 0.18532608695652175 0.004178272980501393 0.014130434782608696
3 0.8650766016713092 0.18369565217391304 0.002437325905292479 0.015217391304347827
3 0.9075557103064067 0.18315217391304348 0.00383008356545961 0.016304347826086956
3 0.3671657381615599 0.2157608695652174 0.00383008356545961 0.014130434782608696
3 0.3530640668523677 0.21304347826086956 0.002785515320334262 0.013043478260869565
3 0.3774373259052925 0.2076086956521739 0.002785515320334262 0.010869565217391304
3 0.5181058495821727 0.19510869565217392 0.003481894150417827 0.011956521739130435
3 0.5381267409470752 0.19130434782608696 0.0031337047353760445 0.010869565217391304
3 0.5574512534818942 0.18695652173913044 0.002785515320334262 0.008695652173913044
3 0.5732938718662952 0.18858695652173912 0.002437325905292479 0.011956521739130435
3 0.4857242339832869 0.19510869565217392 0.002785515320334262 0.009782608695652175
3 0.4818941504178273 0.1967391304347826 0.002785515320334262 0.008695652173913044
3 0.47284122562674097 0.19021739130434784 0.0020891364902506965 0.008695652173913044
3 0.4428969359331476 0.1907608695652174 0.002785515320334262 0.009782608695652175
3 0.421483286908078 0.20326086956521738 0.0031337047353760445 0.013043478260869565