0 0.7606197771587744 0.6045962199312714 0.03655988857938719 0.05197594501718213
0 0.41869777158774374 0.5214776632302406 0.017757660167130918 0.014604810996563574
0 0.3788300835654596 0.5002147766323024 0.00766016713091922 0.01245704467353952
0 0.36002785515320335 0.49312714776632305 0.006267409470752089 0.010309278350515464
0 0.22231894150417827 0.4993556701030928 0.009401114206128134 0.014175257731958763
0 0.18018802228412256 0.5268470790378007 0.01915041782729805 0.02534364261168385
4 0.5083565459610028 0.5438144329896907 0.02158774373259053 0.022336769759450172
4 0.4260097493036212 0.5103092783505154 0.009401114206128134 0.01632302405498282
4 0.37047353760445684 0.5073024054982818 0.010445682451253482 0.015463917525773196
4 0.34209610027855153 0.4963487972508591 0.007311977715877437 0.011597938144329897
4 0.20508356545961004 0.5137457044673539 0.013231197771587743 0.019759450171821305
4 0.11316155988857939 0.5448883161512027 0.03203342618384401 0.024484536082474227
4 0.09314066852367688 0.5038659793814433 0.013579387186629526 0.01718213058419244
2 0.46431058495821725 0.5655068728522337 0.02402506963788301 0.027920962199312716