2 0.3082446808510638 0.5046296296296297 0.034574468085106384 0.07222222222222222
2 0.3853723404255319 0.425 0.01648936170212766 0.037037037037037035
2 0.4125 0.39861111111111114 0.011170212765957447 0.026851851851851852
2 0.4226063829787234 0.3851851851851852 0.007978723404255319 0.020370370370370372
2 0.4329787234042553 0.37546296296296294 0.007446808510638298 0.01574074074074074
2 0.4398936170212766 0.36898148148148147 0.006382978723404255 0.013888888888888888
2 0.5151595744680851 0.3680555555555556 0.005851063829787234 0.013888888888888888
2 0.5218085106382979 0.37546296296296294 0.006382978723404255 0.01574074074074074
2 0.5335106382978724 0.38472222222222224 0.007446808510638298 0.019444444444444445
2 0.5526595744680851 0.3958333333333333 0.009574468085106383 0.025
2 0.5893617021276596 0.42083333333333334 0.014893617021276596 0.03611111111111111
2 0.6962765957446808 0.49444444444444446 0.035106382978723406 0.07037037037037037
1 0.44335106382978723 0.36064814814814816 0.005851063829787234 0.019444444444444445
1 0.4601063829787234 0.36018518518518516 0.006382978723404255 0.020370370370370372
1 0.475 0.36064814814814816 0.006382978723404255 0.019444444444444445
1 0.4901595744680851 0.36018518518518516 0.006914893617021276 0.020370370370370372
1 0.5069148936170212 0.36064814814814816 0.006382978723404255 0.017592592592592594