0 0.09042553191489362 0.4078703703703704 0.015957446808510637 0.03981481481481482
0 0.2 0.41203703703703703 0.01702127659574468 0.03888888888888889
0 0.24574468085106382 0.36435185185185187 0.00851063829787234 0.010185185185185186
0 0.28856382978723405 0.36712962962962964 0.010106382978723405 0.012037037037037037
0 0.3305851063829787 0.37083333333333335 0.011170212765957447 0.013888888888888888
0 0.26143617021276594 0.43842592592592594 0.019680851063829788 0.04351851851851852
0 0.27101063829787236 0.5162037037037037 0.03563829787234043 0.0787037037037037
0 0.4231382978723404 0.37916666666666665 0.010106382978723405 0.013888888888888888
0 0.5140957446808511 0.39305555555555555 0.01223404255319149 0.01574074074074074
4 0.08324468085106383 0.38796296296296295 0.01223404255319149 0.02962962962962963
4 0.24867021276595744 0.38981481481481484 0.01223404255319149 0.027777777777777776
4 0.388563829787234 0.40370370370370373 0.01223404255319149 0.02962962962962963
4 0.4922872340425532 0.4287037037037037 0.015425531914893617 0.037037037037037035
4 0.6039893617021277 0.46944444444444444 0.023936170212765957 0.05555555555555555
4 0.7268617021276595 0.5768518518518518 0.04627659574468085 0.10925925925925926