0 0.37553191489361704 0.5996621621621622 0.015957446808510637 0.027702702702702704
0 0.24627659574468086 0.6898648648648649 0.04893617021276596 0.06891891891891892
0 0.336968085106383 0.6273648648648649 0.023936170212765957 0.03986486486486487
0 0.39813829787234045 0.5858108108108108 0.011170212765957447 0.021621621621621623
0 0.09388297872340426 0.5935810810810811 0.013297872340425532 0.020945945945945947
0 0.21090425531914894 0.5807432432432432 0.009042553191489361 0.016891891891891893
0 0.22154255319148936 0.5763513513513514 0.009042553191489361 0.014864864864864866
0 0.4101063829787234 0.5773648648648648 0.009574468085106383 0.016891891891891893
0 0.1502659574468085 0.5760135135135135 0.006914893617021276 0.011486486486486487
0 0.32872340425531915 0.5618243243243243 0.00425531914893617 0.008783783783783784
0 0.3848404255319149 0.5591216216216216 0.0047872340425531915 0.008783783783783784
0 0.16037234042553192 0.575 0.006914893617021276 0.012162162162162163
0 0.1824468085106383 0.5756756756756757 0.00851063829787234 0.013513513513513514
0 0.1901595744680851 0.5712837837837837 0.006914893617021276 0.011486486486486487
0 0.2625 0.5655405405405406 0.0047872340425531915 0.00945945945945946
0 0.40638297872340423 0.5577702702702703 0.00425531914893617 0.008783783783783784
0 0.41648936170212764 0.5709459459459459 0.007446808510638298 0.014864864864864866
0 0.4226063829787234 0.5668918918918919 0.006914893617021276 0.013513513513513514
0 0.42686170212765956 0.5574324324324325 0.003723404255319149 0.00945945945945946
0 0.4348404255319149 0.558445945945946 0.003723404255319149 0.010135135135135136
0 0.4319148936170213 0.5608108108108109 0.00425531914893617 0.010810810810810811
0 0.42925531914893617 0.5638513513513513 0.005319148936170213 0.011486486486486487
4 0.6281914893617021 0.6226351351351351 0.026595744680851064 0.03986486486486487
4 0.5797872340425532 0.5966216216216216 0.02127659574468085 0.02837837837837838
4 0.5404255319148936 0.5739864864864865 0.009574468085106383 0.015540540540540541
4 0.7199468085106383 0.6804054054054054 0.04734042553191489 0.06756756756756757
4 0.5553191489361702 0.5827702702702703 0.011702127659574468 0.019594594594594596
4 0.10425531914893617 0.5756756756756757 0.006382978723404255 0.010810810810810811
4 0.5252659574468085 0.5689189189189189 0.006914893617021276 0.010810810810810811
4 0.07872340425531915 0.5871621621621622 0.00851063829787234 0.016216216216216217
4 0.08111702127659574 0.5780405405405405 0.006914893617021276 0.011486486486486487
4 0.15691489361702127 0.5716216216216217 0.005319148936170213 0.010810810810810811
4 0.22898936170212766 0.5668918918918919 0.0047872340425531915 0.00945945945945946
4 0.29308510638297874 0.5631756756756757 0.005319148936170213 0.008783783783783784
4 0.349468085106383 0.5591216216216216 0.00425531914893617 0.008783783783783784
4 0.37659574468085105 0.5574324324324325 0.00425531914893617 0.008108108108108109
4 0.4101063829787234 0.5567567567567567 0.0031914893617021275 0.008108108108108109
4 0.44627659574468087 0.5557432432432432 0.00425531914893617 0.008783783783783784
4 0.4710106382978723 0.5564189189189189 0.003723404255319149 0.008783783783783784
4 0.49813829787234043 0.5554054054054054 0.003723404255319149 0.008108108108108109
4 0.5175531914893617 0.5641891891891891 0.006382978723404255 0.012162162162162163
4 0.5069148936170212 0.5570945945945946 0.00425531914893617 0.008783783783783784
4 0.5106382978723404 0.5597972972972973 0.00425531914893617 0.008783783783783784
4 0.513563829787234 0.5621621621621622 0.0047872340425531915 0.00945945945945946