0 0.20821727019498606 0.528804347826087 0.028551532033426183 0.10543478260869565
4 0.8159818941504178 0.7119565217391305 0.05814763231197772 0.1891304347826087
0 0.278899721448468 0.4369565217391304 0.016016713091922007 0.06086956521739131
4 0.825383008356546 0.4842391304347826 0.023328690807799445 0.07065217391304347
0 0.3346100278551532 0.4 0.010445682451253482 0.041304347826086954
4 0.7921309192200557 0.41195652173913044 0.011142061281337047 0.03695652173913044
0 0.5724233983286908 0.3690217391304348 0.006267409470752089 0.02717391304347826
0 0.8292130919220055 0.3858695652173913 0.006615598885793872 0.02608695652173913
4 0.5853064066852368 0.3858695652173913 0.009052924791086351 0.03260869565217391
4 0.9014623955431755 0.40217391304347827 0.008356545961002786 0.03260869565217391
4 0.7865598885793872 0.38804347826086955 0.006963788300835654 0.02826086956521739
0 0.6394498607242339 0.3690217391304348 0.005919220055710306 0.02282608695652174
4 0.5212395543175488 0.41793478260869565 0.012534818941504178 0.04456521739130435
4 0.8535863509749304 0.4081521739130435 0.010793871866295265 0.035869565217391305
4 0.7430362116991643 0.4429347826086957 0.013927576601671309 0.057608695652173914
0 0.49495125348189417 0.37228260869565216 0.007311977715877437 0.029347826086956522
2 0.09522980501392758 0.34456521739130436 0.007311977715877437 0.02608695652173913
4 0.6453690807799443 0.3826086956521739 0.008008356545961003 0.030434782608695653
4 0.5323816155988857 0.39619565217391306 0.009052924791086351 0.035869565217391305
2 0.2200557103064067 0.3375 0.006267409470752089 0.020652173913043477
0 0.7258008356545961 0.3744565217391304 0.005919220055710306 0.02282608695652174
2 0.1549442896935933 0.33967391304347827 0.006267409470752089 0.025
4 0.7480849582172702 0.4266304347826087 0.006615598885793872 0.04456521739130435
4 0.6963788300835655 0.3809782608695652 0.006963788300835654 0.02717391304347826
0 0.41208217270194986 0.3809782608695652 0.009401114206128134 0.03152173913043478
4 0.5090529247910863 0.45054347826086955 0.01532033426183844 0.06630434782608696
4 0.5739902506963789 0.525 0.028203342618384402 0.09347826086956522
4 0.9462047353760445 0.4141304347826087 0.009401114206128134 0.03695652173913044