0 0.2785515320334262 0.3418478260869565 0.017409470752089137 0.0641304347826087
0 0.3266016713091922 0.26467391304347826 0.006267409470752089 0.02717391304347826
0 0.8241643454038997 0.38967391304347826 0.009749303621169917 0.035869565217391305
0 0.2461699164345404 0.2483695652173913 0.006963788300835654 0.02717391304347826
0 0.08112813370473537 0.22608695652173913 0.008356545961002786 0.02826086956521739
4 0.8777855153203342 0.42228260869565215 0.012534818941504178 0.04456521739130435
4 0.7569637883008357 0.39945652173913043 0.013231197771587743 0.04673913043478261
4 0.6523328690807799 0.39021739130434785 0.014275766016713091 0.05217391304347826
4 0.525591922005571 0.30869565217391304 0.008008356545961003 0.02826086956521739
0 0.6920264623955432 0.3635869565217391 0.009401114206128134 0.03804347826086957
2 0.7416434540389972 0.35 0.006267409470752089 0.02608695652173913
4 0.3629874651810585 0.26413043478260867 0.005919220055710306 0.02391304347826087
0 0.3911908077994429 0.28152173913043477 0.005919220055710306 0.02826086956521739
0 0.4035515320334262 0.34293478260869564 0.012534818941504178 0.05326086956521739
2 0.6895891364902507 0.32608695652173914 0.004526462395543176 0.01956521739130435
2 0.7111768802228412 0.3576086956521739 0.007311977715877437 0.03260869565217391
4 0.48885793871866295 0.44619565217391305 0.025069637883008356 0.09239130434782608
2 0.6573816155988857 0.328804347826087 0.006267409470752089 0.025
1 0.3802228412256267 0.328804347826087 0.019498607242339833 0.08804347826086957
0 0.157033426183844 0.23532608695652174 0.00766016713091922 0.02717391304347826
0 0.4676183844011142 0.33260869565217394 0.010445682451253482 0.043478260869565216
4 0.5806058495821727 0.33315217391304347 0.0100974930362117 0.03369565217391304
4 0.14676183844011143 0.22608695652173913 0.005919220055710306 0.02608695652173913
4 0.4843314763231198 0.6092391304347826 0.04108635097493036 0.16630434782608697
4 0.2600974930362117 0.2440217391304348 0.006267409470752089 0.02282608695652174
1 0.4213091922005571 0.32717391304347826 0.018105849582172703 0.08043478260869565
2 0.7618384401114207 0.34347826086956523 0.005571030640668524 0.021739130434782608
2 0.713266016713092 0.3239130434782609 0.004526462395543176 0.017391304347826087
1 0.5463091922005571 0.3875 0.02576601671309192 0.10978260869565218
2 0.7562674094707521 0.3347826086956522 0.004874651810584958 0.017391304347826087
0 0.47284122562674097 0.31630434782608696 0.008356545961002786 0.03695652173913044
4 0.5605849582172702 0.39945652173913043 0.013927576601671309 0.0641304347826087
4 0.44864206128133705 0.2858695652173913 0.005919220055710306 0.02391304347826087
2 0.6093314763231198 0.33152173913043476 0.00766016713091922 0.030434782608695653
1 0.5772980501392758 0.3782608695652174 0.02158774373259053 0.1
0 0.44324512534818944 0.3 0.00766016713091922 0.030434782608695653
2 0.775591922005571 0.33967391304347827 0.005222841225626741 0.01847826086956522
2 0.7343314763231198 0.3293478260869565 0.004874651810584958 0.01956521739130435