0 0.09644846796657382 0.771692439862543 0.09401114206128133 0.12929553264604812
0 0.16051532033426183 0.5429553264604811 0.011838440111420613 0.01632302405498282
0 0.3086699164345404 0.5515463917525774 0.015668523676880222 0.023195876288659795
0 0.3332172701949861 0.5292096219931272 0.008356545961002786 0.01288659793814433
0 0.3271239554317549 0.5234106529209622 0.006615598885793872 0.010738831615120275
0 0.3452298050139276 0.5182560137457045 0.006615598885793872 0.00902061855670103
0 0.37587047353760444 0.5150343642611683 0.005222841225626741 0.007731958762886598
0 0.3911908077994429 0.5311426116838488 0.009401114206128134 0.014175257731958763
0 0.45508356545961004 0.5375859106529209 0.011838440111420613 0.018470790378006873
0 0.4348885793871866 0.5126718213058419 0.004178272980501393 0.007302405498281787
0 0.4838091922005571 0.5109536082474226 0.004526462395543176 0.007302405498281787
0 0.5059192200557103 0.5234106529209622 0.00766016713091922 0.01245704467353952
0 0.5215877437325905 0.5105240549828178 0.004874651810584958 0.00816151202749141
0 0.5508356545961003 0.5118127147766323 0.004874651810584958 0.00816151202749141
0 0.5828690807799443 0.5124570446735395 0.005571030640668524 0.00859106529209622
0 0.6786211699164345 0.5180412371134021 0.006963788300835654 0.012027491408934709
0 0.6897632311977716 0.5320017182130584 0.011838440111420613 0.01761168384879725
0 0.717966573816156 0.5446735395189003 0.016016713091922007 0.024054982817869417
0 0.7898676880222841 0.5221219931271478 0.0100974930362117 0.015893470790378006
0 0.5974930362116991 0.5790378006872853 0.02576601671309192 0.037800687285223365
0 0.5222841225626741 0.5455326460481099 0.014623955431754874 0.022336769759450172
0 0.4115598885793872 0.6071735395189003 0.033426183844011144 0.04768041237113402
0 0.26758356545961004 0.5914948453608248 0.028899721448467967 0.03951890034364261
4 0.13422701949860724 0.6628006872852233 0.05884401114206128 0.07216494845360824
4 0.16469359331476324 0.5356529209621993 0.010445682451253482 0.013745704467353952
4 0.2616643454038997 0.5270618556701031 0.008008356545961003 0.012027491408934709
4 0.39258356545961004 0.5201890034364262 0.007311977715877437 0.011168384879725086
4 0.41208217270194986 0.5313573883161512 0.0100974930362117 0.015463917525773196
4 0.5088788300835655 0.5197594501718213 0.007311977715877437 0.011168384879725086
4 0.6001044568245125 0.5195446735395189 0.008704735376044569 0.01245704467353952
4 0.6443245125348189 0.5214776632302406 0.009401114206128134 0.013745704467353952
4 0.8516713091922006 0.5695876288659794 0.027855153203342618 0.03865979381443299
4 0.9317548746518106 0.5354381443298969 0.017409470752089137 0.023625429553264604
4 0.27402506963788303 0.5655068728522337 0.0201949860724234 0.028780068728522335
4 0.3072771587743733 0.6990979381443299 0.06302228412256268 0.09063573883161512
2 0.10706824512534818 0.5972938144329897 0.03377437325905292 0.040807560137457045
2 0.11124651810584958 0.5586340206185567 0.017757660167130918 0.02276632302405498
2 0.23885793871866295 0.5395189003436426 0.011142061281337047 0.01632302405498282
2 0.2620125348189415 0.5294243986254296 0.008008356545961003 0.011597938144329897
2 0.3713440111420613 0.5221219931271478 0.006615598885793872 0.010738831615120275
2 0.423050139275766 0.5547680412371134 0.01532033426183844 0.024484536082474227
2 0.4474233983286908 0.5195446735395189 0.006267409470752089 0.009879725085910653
2 0.48659470752089135 0.5281357388316151 0.008704735376044569 0.015034364261168385
2 0.7947423398328691 0.7869415807560137 0.08252089136490251 0.13831615120274915
2 0.6892409470752089 0.6327319587628866 0.03864902506963788 0.06099656357388316
2 0.5816504178272981 0.5702319587628866 0.023328690807799445 0.033934707903780066
2 0.5266364902506964 0.5345790378006873 0.012186629526462395 0.01761168384879725