0 0.07416434540389973 0.6518470790378007 0.04874651810584958 0.08290378006872852
0 0.173050139275766 0.5219072164948454 0.013927576601671309 0.019759450171821305
0 0.18680362116991645 0.5109536082474226 0.009401114206128134 0.015034364261168385
0 0.3407033426183844 0.5040807560137457 0.006615598885793872 0.010738831615120275
0 0.41225626740947074 0.507946735395189 0.006963788300835654 0.011597938144329897
0 0.5020891364902507 0.5253436426116839 0.010445682451253482 0.01804123711340206
0 0.5149721448467967 0.5124570446735395 0.006267409470752089 0.01288659793814433
0 0.5463091922005571 0.5212628865979382 0.009052924791086351 0.015893470790378006
0 0.43854456824512533 0.5427405498281787 0.017061281337047353 0.02620274914089347
0 0.49408077994428967 0.5796821305841925 0.027855153203342618 0.041666666666666664
0 0.6187325905292479 0.5221219931271478 0.009052924791086351 0.015034364261168385
0 0.6483286908077994 0.5431701030927835 0.014623955431754874 0.024484536082474227
0 0.8036211699164345 0.5393041237113402 0.012534818941504178 0.020189003436426118
0 0.8335654596100278 0.5579896907216495 0.018802228412256268 0.028350515463917526
4 0.15459610027855153 0.5451030927835051 0.02158774373259053 0.03178694158075601
4 0.262883008356546 0.506872852233677 0.008356545961002786 0.01288659793814433
4 0.26323119777158777 0.5023625429553265 0.006963788300835654 0.010738831615120275
4 0.2865598885793872 0.5141752577319587 0.010445682451253482 0.01632302405498282
4 0.3727367688022284 0.5234106529209622 0.012186629526462395 0.019329896907216496
4 0.3969359331476323 0.5023625429553265 0.006267409470752089 0.009879725085910653
4 0.4657033426183844 0.506872852233677 0.006615598885793872 0.011168384879725086
4 0.5106197771587744 0.5146048109965635 0.007311977715877437 0.013745704467353952
4 0.557625348189415 0.5152491408934707 0.007311977715877437 0.014175257731958763
4 0.7134401114206128 0.529639175257732 0.009749303621169917 0.01804123711340206
2 0.3689066852367688 0.5083762886597938 0.006615598885793872 0.011597938144329897
2 0.3708217270194986 0.5015034364261168 0.004874651810584958 0.009879725085910653
2 0.43697771587743733 0.5133161512027491 0.008356545961002786 0.013745704467353952
2 0.45247214484679665 0.5182560137457045 0.009401114206128134 0.015893470790378006
2 0.4841573816155989 0.5083762886597938 0.007311977715877437 0.011597938144329897
2 0.5200208913649025 0.5279209621993127 0.01149025069637883 0.018900343642611683
2 0.6598189415041783 0.5204037800687286 0.008356545961002786 0.015034364261168385
2 0.6888927576601671 0.5384450171821306 0.012186629526462395 0.02104810996563574
2 0.7654944289693594 0.5633591065292096 0.019846796657381614 0.03221649484536082
2 0.8652506963788301 0.5320017182130584 0.010445682451253482 0.01675257731958763