0 0.20638297872340425 0.5069444444444444 0.031914893617021274 0.06574074074074074
0 0.16037234042553192 0.45416666666666666 0.019680851063829788 0.041666666666666664
0 0.125 0.43842592592592594 0.015957446808510637 0.03611111111111111
0 0.14414893617021277 0.41898148148148145 0.01276595744680851 0.026851851851851852
0 0.20372340425531915 0.399537037037037 0.009574468085106383 0.023148148148148147
0 0.9063829787234042 0.40324074074074073 0.013829787234042552 0.030555555555555555
0 0.5569148936170213 0.3773148148148148 0.006382978723404255 0.01574074074074074
0 0.7348404255319149 0.3875 0.009042553191489361 0.021296296296296296
0 0.6401595744680851 0.3800925925925926 0.007978723404255319 0.017592592592592594
0 0.48377659574468085 0.3787037037037037 0.006914893617021276 0.016666666666666666
4 0.8973404255319148 0.4513888888888889 0.02553191489361702 0.05092592592592592
4 0.7284574468085107 0.4217592592592593 0.01648936170212766 0.03796296296296296
4 0.6593085106382979 0.4675925925925926 0.026063829787234042 0.05740740740740741
4 0.6303191489361702 0.4041666666666667 0.014893617021276596 0.028703703703703703
4 0.5090425531914894 0.4310185185185185 0.018085106382978722 0.03796296296296296
4 0.5513297872340426 0.3925925925925926 0.010106382978723405 0.022222222222222223
4 0.39920212765957447 0.41712962962962963 0.015425531914893617 0.030555555555555555
4 0.338031914893617 0.40925925925925927 0.01223404255319149 0.027777777777777776
4 0.3569148936170213 0.40185185185185185 0.011702127659574468 0.024074074074074074
4 0.42872340425531913 0.39444444444444443 0.009574468085106383 0.022222222222222223
4 0.4978723404255319 0.3912037037037037 0.010638297872340425 0.021296296296296296