0 0.1371866295264624 0.854381443298969 0.12743732590529247 0.17010309278350516
0 0.256441504178273 0.5721649484536082 0.028899721448467967 0.0429553264604811
0 0.31058495821727017 0.510094501718213 0.009749303621169917 0.015034364261168385
0 0.42113509749303624 0.5146048109965635 0.0100974930362117 0.015463917525773196
0 0.4456824512534819 0.5070876288659794 0.00766016713091922 0.01245704467353952
0 0.588091922005571 0.5042955326460481 0.006267409470752089 0.010309278350515464
0 0.6485027855153204 0.5085910652920962 0.006615598885793872 0.011168384879725086
0 0.6995125348189415 0.5251288659793815 0.011142061281337047 0.01761168384879725
0 0.7421657381615598 0.5146048109965635 0.008008356545961003 0.01288659793814433
0 0.7573119777158774 0.522766323024055 0.010445682451253482 0.01632302405498282
0 0.807799442896936 0.5446735395189003 0.016016713091922007 0.02491408934707904
0 0.8358286908077994 0.5259879725085911 0.010793871866295265 0.01675257731958763
0 0.5821727019498607 0.5620704467353952 0.025069637883008356 0.033934707903780066
0 0.6014972144846796 0.5358676975945017 0.016364902506963788 0.02276632302405498
4 0.3790041782729805 0.5283505154639175 0.015668523676880222 0.023195876288659795
4 0.5125348189415042 0.5047250859106529 0.00766016713091922 0.012027491408934709
4 0.5191504178272981 0.5109536082474226 0.009052924791086351 0.014175257731958763
4 0.520891364902507 0.5019329896907216 0.005571030640668524 0.010738831615120275
4 0.5767757660167131 0.5197594501718213 0.010793871866295265 0.01804123711340206
4 0.6448467966573816 0.5042955326460481 0.005571030640668524 0.00859106529209622
4 0.7047353760445683 0.509020618556701 0.00766016713091922 0.011168384879725086
4 0.7336350974930362 0.5165378006872853 0.008356545961002786 0.014175257731958763
4 0.7827298050139275 0.5180412371134021 0.008356545961002786 0.014604810996563574
4 0.9366295264623955 0.5367268041237113 0.016016713091922007 0.02104810996563574
4 0.6427576601671309 0.679553264604811 0.057799442896935935 0.08676975945017182
2 0.60741643454039 0.5083762886597938 0.007311977715877437 0.011597938144329897
2 0.6206476323119777 0.5027920962199313 0.005222841225626741 0.00902061855670103
2 0.661908077994429 0.5139604810996563 0.00766016713091922 0.01331615120274914
2 0.6669568245125348 0.5182560137457045 0.009401114206128134 0.015034364261168385
2 0.7207520891364902 0.5105240549828178 0.00766016713091922 0.011597938144329897
2 0.7113509749303621 0.5274914089347079 0.010445682451253482 0.01804123711340206
2 0.8920612813370473 0.5257731958762887 0.011142061281337047 0.01632302405498282
2 0.8774373259052924 0.5431701030927835 0.01532033426183844 0.02276632302405498
2 0.8868384401114207 0.5678694158075601 0.027158774373259052 0.03436426116838488