0 0.5567548746518106 0.3565217391304348 0.016016713091922007 0.06521739130434782
0 0.4923398328690808 0.2733695652173913 0.006267409470752089 0.03369565217391304
0 0.5506615598885793 0.3048913043478261 0.009401114206128134 0.042391304347826085
4 0.3998955431754875 0.2896739130434783 0.01149025069637883 0.04456521739130435
2 0.7374651810584958 0.45815217391304347 0.027855153203342618 0.09891304347826087
0 0.11316155988857939 0.2141304347826087 0.006267409470752089 0.02608695652173913
4 0.19080779944289694 0.22934782608695653 0.006963788300835654 0.02826086956521739
0 0.22353760445682452 0.2233695652173913 0.006267409470752089 0.025
0 0.40616295264623953 0.4358695652173913 0.030292479108635098 0.10869565217391304
4 0.360550139275766 0.3179347826086957 0.01915041782729805 0.057608695652173914
4 0.26915041782729804 0.23967391304347826 0.00766016713091922 0.029347826086956522
4 0.10149721448467966 0.22228260869565217 0.007311977715877437 0.029347826086956522
0 0.4131267409470752 0.2516304347826087 0.005919220055710306 0.02717391304347826
0 0.3224233983286908 0.23369565217391305 0.006267409470752089 0.02391304347826087
4 0.3812674094707521 0.26902173913043476 0.009749303621169917 0.03804347826086957
4 0.20717270194986073 0.34891304347826085 0.02158774373259053 0.08043478260869565
4 0.3328690807799443 0.2510869565217391 0.00766016713091922 0.03260869565217391
3 0.9366295264623955 0.32717391304347826 0.006267409470752089 0.02608695652173913
3 0.4885097493036212 0.24619565217391304 0.002785515320334262 0.020652173913043477
3 0.7977019498607242 0.2967391304347826 0.004874651810584958 0.01956521739130435
4 0.3582869080779944 0.7358695652173913 0.05501392757660167 0.16304347826086957
3 0.7012534818941504 0.27065217391304347 0.004178272980501393 0.01956521739130435
3 0.584958217270195 0.2576086956521739 0.002785515320334262 0.01956521739130435
3 0.8447075208913649 0.28804347826086957 0.002785515320334262 0.015217391304347827
3 0.8565459610027855 0.2956521739130435 0.004178272980501393 0.017391304347826087
3 0.5786908077994429 0.24891304347826088 0.002785515320334262 0.017391304347826087
3 0.4758008356545961 0.23804347826086958 0.002437325905292479 0.017391304347826087
3 0.6855849582172702 0.2728260869565217 0.004178272980501393 0.02391304347826087
3 0.6888927576601671 0.2619565217391304 0.00383008356545961 0.017391304347826087
3 0.7877785515320335 0.28695652173913044 0.00383008356545961 0.015217391304347827
3 0.7818593314763231 0.28097826086956523 0.0031337047353760445 0.014130434782608696
3 0.7785515320334262 0.2728260869565217 0.003481894150417827 0.015217391304347827
3 0.8694289693593314 0.3016304347826087 0.003481894150417827 0.016304347826086956