0 0.3023936170212766 0.4722222222222222 0.026063829787234042 0.05555555555555555
0 0.4574468085106383 0.4203703703703704 0.015957446808510637 0.03518518518518519
0 0.5970744680851063 0.40046296296296297 0.014361702127659574 0.028703703703703703
0 0.5867021276595744 0.3625 0.007446808510638298 0.021296296296296296
0 0.7574468085106383 0.3921296296296296 0.013829787234042552 0.028703703703703703
0 0.8 0.36064814814814816 0.00851063829787234 0.026851851851851852
4 0.6875 0.48055555555555557 0.03138297872340425 0.06481481481481481
4 0.7212765957446808 0.4486111111111111 0.023404255319148935 0.05277777777777778
4 0.875531914893617 0.43287037037037035 0.026595744680851064 0.04722222222222222
4 0.8984042553191489 0.5685185185185185 0.05319148936170213 0.10925925925925926
0 0.09361702127659574 0.600462962962963 0.03829787234042553 0.11203703703703703