0 0.2425531914893617 0.5564814814814815 0.03723404255319149 0.08333333333333333
0 0.26090425531914896 0.49722222222222223 0.021808510638297873 0.05
0 0.2547872340425532 0.4699074074074074 0.015957446808510637 0.03796296296296296
0 0.2590425531914894 0.4513888888888889 0.010638297872340425 0.026851851851851852
0 0.2776595744680851 0.44074074074074077 0.010638297872340425 0.024074074074074074
0 0.32313829787234044 0.42824074074074076 0.009042553191489361 0.023148148148148147
0 0.3824468085106383 0.4222222222222222 0.007446808510638298 0.018518518518518517
0 0.48617021276595745 0.41574074074074074 0.005319148936170213 0.016666666666666666
0 0.5792553191489361 0.4152777777777778 0.006382978723404255 0.01574074074074074
0 0.6819148936170213 0.41805555555555557 0.007446808510638298 0.019444444444444445
0 0.801063829787234 0.42685185185185187 0.00851063829787234 0.022222222222222223
4 0.4422872340425532 0.43148148148148147 0.010106382978723405 0.024074074074074074
4 0.4476063829787234 0.4513888888888889 0.015425531914893617 0.03425925925925926
4 0.47632978723404257 0.425 0.009042553191489361 0.020370370370370372
4 0.5321808510638298 0.4222222222222222 0.009042553191489361 0.020370370370370372
4 0.5289893617021276 0.48055555555555557 0.022872340425531913 0.04814814814814815
4 0.6007978723404256 0.4222222222222222 0.007978723404255319 0.018518518518518517
4 0.6109042553191489 0.5287037037037037 0.036702127659574466 0.07407407407407407
4 0.6718085106382978 0.4273148148148148 0.009574468085106383 0.023148148148148147
4 0.7784574468085106 0.44305555555555554 0.01223404255319149 0.028703703703703703