0 0.1023936170212766 0.7212837837837838 0.05585106382978723 0.08175675675675675
0 0.2603723404255319 0.6385135135135135 0.03031914893617021 0.0445945945945946
0 0.2372340425531915 0.6087837837837838 0.019148936170212766 0.031081081081081083
0 0.14148936170212767 0.597972972972973 0.015957446808510637 0.025675675675675677
0 0.31888297872340426 0.5604729729729729 0.005851063829787234 0.011486486486486487
0 0.3271276595744681 0.5604729729729729 0.005319148936170213 0.010135135135135136
0 0.33297872340425533 0.5587837837837838 0.00425531914893617 0.00945945945945946
0 0.3393617021276596 0.5574324324324325 0.00425531914893617 0.008108108108108109
0 0.34202127659574466 0.5560810810810811 0.0031914893617021275 0.008108108108108109
4 0.663031914893617 0.7037162162162162 0.052659574468085106 0.07635135135135135
4 0.5885638297872341 0.6253378378378378 0.025 0.04121621621621622
4 0.47819148936170214 0.5942567567567567 0.015957446808510637 0.026351351351351353
4 0.40877659574468084 0.5851351351351352 0.013297872340425532 0.021621621621621623
4 0.3090425531914894 0.581418918918919 0.011702127659574468 0.019594594594594596
4 0.18271276595744682 0.5817567567567568 0.01223404255319149 0.01891891891891892
4 0.22313829787234044 0.5530405405405405 0.005851063829787234 0.011486486486486487
4 0.2327127659574468 0.5601351351351351 0.005851063829787234 0.010810810810810811
4 0.2449468085106383 0.5625 0.005851063829787234 0.010135135135135136
4 0.25877659574468087 0.5604729729729729 0.005851063829787234 0.010135135135135136
4 0.2702127659574468 0.5587837837837838 0.005319148936170213 0.00945945945945946
4 0.2797872340425532 0.5570945945945946 0.005319148936170213 0.008783783783783784