0 0.35132978723404257 0.538425925925926 0.03776595744680851 0.0824074074074074
0 0.3683510638297872 0.4634259259259259 0.02074468085106383 0.049074074074074076
0 0.4656914893617021 0.4361111111111111 0.015425531914893617 0.03888888888888889
0 0.5255319148936171 0.412962962962963 0.010638297872340425 0.027777777777777776
0 0.5436170212765957 0.4009259259259259 0.00851063829787234 0.024074074074074074
0 0.5518617021276596 0.39166666666666666 0.006914893617021276 0.020370370370370372
0 0.513031914893617 0.3851851851851852 0.007978723404255319 0.018518518518518517
0 0.9212765957446809 0.38796296296296295 0.006382978723404255 0.020370370370370372
0 0.8712765957446809 0.3814814814814815 0.006382978723404255 0.018518518518518517
0 0.6986702127659574 0.37175925925925923 0.0047872340425531915 0.012037037037037037
0 0.4875 0.3824074074074074 0.005851063829787234 0.014814814814814815
0 0.47606382978723405 0.37777777777777777 0.006382978723404255 0.014814814814814815
0 0.8026595744680851 0.37546296296296294 0.005319148936170213 0.013888888888888888
4 0.5670212765957446 0.3787037037037037 0.006382978723404255 0.016666666666666666
4 0.5742021276595745 0.37777777777777777 0.005851063829787234 0.014814814814814815
4 0.5997340425531915 0.38055555555555554 0.005851063829787234 0.016666666666666666
4 0.613031914893617 0.375 0.005851063829787234 0.016666666666666666
4 0.6502659574468085 0.38425925925925924 0.005851063829787234 0.018518518518518517
4 0.6534574468085106 0.375 0.003723404255319149 0.012962962962962963
4 0.7755319148936171 0.48703703703703705 0.029787234042553193 0.06481481481481481
4 0.722872340425532 0.4412037037037037 0.019148936170212766 0.04351851851851852
4 0.7515957446808511 0.41805555555555557 0.014893617021276596 0.032407407407407406
4 0.7324468085106383 0.4013888888888889 0.010638297872340425 0.025
4 0.7984042553191489 0.3912037037037037 0.00851063829787234 0.021296296296296296
4 0.8789893617021277 0.39861111111111114 0.009042553191489361 0.025
4 0.7558510638297873 0.38472222222222224 0.00851063829787234 0.021296296296296296
4 0.7212765957446808 0.37962962962962965 0.007446808510638298 0.018518518518518517
4 0.6992021276595745 0.3907407407407407 0.009042553191489361 0.022222222222222223
4 0.6851063829787234 0.37546296296296294 0.005319148936170213 0.013888888888888888