2 0.6053272980501393 0.5211956521739131 0.042827298050139274 0.15760869565217392
2 0.8135445682451253 0.2532608695652174 0.01149025069637883 0.04565217391304348
2 0.8513231197771588 0.20543478260869566 0.00766016713091922 0.02608695652173913
2 0.8375696378830083 0.2233695652173913 0.008008356545961003 0.03369565217391304
2 0.7649721448467967 0.31630434782608696 0.018105849582172703 0.06956521739130435
2 0.9448119777158774 0.18043478260869567 0.005222841225626741 0.01956521739130435
2 0.8276462395543176 0.23532608695652174 0.010445682451253482 0.04021739130434782
2 0.8680362116991643 0.18369565217391304 0.004874651810584958 0.01956521739130435
2 0.8614206128133705 0.1934782608695652 0.006267409470752089 0.02391304347826087
2 0.8185933147632312 0.23641304347826086 0.00766016713091922 0.03804347826086957
2 0.8725626740947076 0.17717391304347826 0.003481894150417827 0.017391304347826087
2 0.876566852367688 0.17228260869565218 0.0031337047353760445 0.014130434782608696
2 0.9401114206128134 0.17391304347826086 0.004178272980501393 0.01956521739130435
2 0.9361072423398329 0.16902173913043478 0.0031337047353760445 0.016304347826086956