0 0.5388231197771588 0.5228260869565218 0.03725626740947075 0.14347826086956522
0 0.54491643454039 0.3826086956521739 0.019498607242339833 0.08478260869565217
0 0.49321030640668523 0.32065217391304346 0.012186629526462395 0.05217391304347826
0 0.4334958217270195 0.29456521739130437 0.009749303621169917 0.0391304347826087
0 0.408600278551532 0.25869565217391305 0.004526462395543176 0.021739130434782608
0 0.3763927576601671 0.2858695652173913 0.006963788300835654 0.030434782608695653
0 0.37169220055710306 0.2717391304347826 0.005222841225626741 0.02608695652173913
0 0.4475974930362117 0.24728260869565216 0.004526462395543176 0.020652173913043477
0 0.49704038997214484 0.23532608695652174 0.00383008356545961 0.01847826086956522
0 0.5604108635097493 0.22826086956521738 0.00383008356545961 0.017391304347826087
0 0.628133704735376 0.22608695652173913 0.003481894150417827 0.017391304347826087
0 0.700383008356546 0.22391304347826088 0.00383008356545961 0.017391304347826087
0 0.7797701949860725 0.22065217391304348 0.00383008356545961 0.017391304347826087
0 0.8593314763231198 0.21467391304347827 0.004178272980501393 0.01847826086956522
4 0.8450557103064067 0.3222826086956522 0.017409470752089137 0.07065217391304347
4 0.6822771587743732 0.27880434782608693 0.01149025069637883 0.04456521739130435
4 0.5712047353760445 0.2673913043478261 0.008008356545961003 0.034782608695652174
4 0.5430013927576601 0.2375 0.005222841225626741 0.02282608695652174
4 0.49669220055710306 0.2614130434782609 0.006615598885793872 0.029347826086956522
4 0.5033077994428969 0.2505434782608696 0.005222841225626741 0.025
4 0.5926183844011143 0.23315217391304346 0.004178272980501393 0.020652173913043477
4 0.6652158774373259 0.23043478260869565 0.00383008356545961 0.01956521739130435
4 0.7378133704735376 0.2298913043478261 0.004178272980501393 0.01847826086956522
4 0.8180710306406686 0.22608695652173913 0.004526462395543176 0.01956521739130435
4 0.9059888579387186 0.22282608695652173 0.005571030640668524 0.021739130434782608