0 0.6225626740947076 0.2733695652173913 0.011142061281337047 0.04456521739130435
0 0.6648676880222841 0.28695652173913044 0.012186629526462395 0.05217391304347826
0 0.5719011142061281 0.26413043478260867 0.008704735376044569 0.041304347826086954
0 0.5233286908077994 0.26304347826086955 0.008356545961002786 0.03695652173913044
0 0.6277855153203342 0.42717391304347824 0.025069637883008356 0.10869565217391304
0 0.41434540389972147 0.26521739130434785 0.006963788300835654 0.030434782608695653
0 0.8939763231197771 0.18532608695652175 0.004526462395543176 0.020652173913043477
4 0.8678621169916435 0.2576086956521739 0.012186629526462395 0.05
0 0.6996866295264624 0.3565217391304348 0.021239554317548745 0.08260869565217391
0 0.3570682451253482 0.26358695652173914 0.005919220055710306 0.025
4 0.7930013927576601 0.20054347826086957 0.006615598885793872 0.020652173913043477
0 0.6958565459610028 0.3130434782608696 0.017061281337047353 0.06521739130434782
0 0.9413300835654597 0.18043478260869567 0.005222841225626741 0.021739130434782608
4 0.7667130919220055 0.24456521739130435 0.009052924791086351 0.0391304347826087
4 0.8549791086350975 0.1956521739130435 0.006615598885793872 0.02391304347826087
0 0.3957172701949861 0.24021739130434783 0.004526462395543176 0.01956521739130435
4 0.6848885793871866 0.2391304347826087 0.008356545961002786 0.03260869565217391
4 0.7089136490250696 0.20380434782608695 0.005571030640668524 0.020652173913043477
4 0.46535515320334264 0.24293478260869567 0.006615598885793872 0.025
4 0.47301532033426186 0.23206521739130434 0.005919220055710306 0.020652173913043477
4 0.6018454038997214 0.23804347826086958 0.008008356545961003 0.030434782608695653
4 0.5001740947075209 0.2266304347826087 0.004526462395543176 0.020652173913043477
0 0.8062325905292479 0.1923913043478261 0.004526462395543176 0.01956521739130435
0 0.7317200557103064 0.1967391304347826 0.004526462395543176 0.01956521739130435
0 0.5219359331476323 0.21793478260869564 0.004874651810584958 0.01847826086956522
4 0.6027158774373259 0.21304347826086956 0.004874651810584958 0.01956521739130435
4 0.9361072423398329 0.18967391304347825 0.006615598885793872 0.025
0 0.4543871866295265 0.22826086956521738 0.004178272980501393 0.01956521739130435
4 0.49704038997214484 0.24347826086956523 0.007311977715877437 0.02826086956521739
4 0.5450905292479109 0.21956521739130436 0.005222841225626741 0.021739130434782608
1 0.22736768802228413 0.6891304347826087 0.05222841225626741 0.31521739130434784
0 0.14275766016713093 0.7923913043478261 0.029944289693593314 0.1108695652173913
0 0.3582869080779944 0.25217391304347825 0.004874651810584958 0.02391304347826087
0 0.8422701949860725 0.1891304347826087 0.004178272980501393 0.021739130434782608
0 0.5898328690807799 0.20923913043478262 0.004874651810584958 0.01847826086956522
0 0.6598189415041783 0.2016304347826087 0.003481894150417827 0.01847826086956522
4 0.45665041782729804 0.23858695652173914 0.005222841225626741 0.02282608695652174
4 0.6584261838440112 0.20815217391304347 0.005571030640668524 0.020652173913043477