4 0.39240947075208915 0.4923913043478261 0.02437325905292479 0.08695652173913043
0 0.11855849582172702 0.40380434782608693 0.01288300835654596 0.04891304347826087
0 0.08130222841225626 0.43043478260869567 0.017061281337047353 0.06304347826086956
0 0.9164345403899722 0.4483695652173913 0.018105849582172703 0.06195652173913044
4 0.31807103064066855 0.4266304347826087 0.012186629526462395 0.05326086956521739
4 0.3988509749303621 0.3847826086956522 0.008704735376044569 0.034782608695652174
0 0.5766016713091922 0.39293478260869563 0.009052924791086351 0.035869565217391305
0 0.5092270194986073 0.3739130434782609 0.009401114206128134 0.030434782608695653
4 0.3102367688022284 0.3684782608695652 0.006963788300835654 0.02391304347826087
4 0.5840877437325905 0.4364130434782609 0.014275766016713091 0.057608695652173914
0 0.6939415041782729 0.41630434782608694 0.011142061281337047 0.04565217391304348
0 0.48276462395543174 0.3641304347826087 0.006615598885793872 0.021739130434782608
4 0.4611768802228412 0.40652173913043477 0.0100974930362117 0.043478260869565216
4 0.22841225626740946 0.38369565217391305 0.008356545961002786 0.034782608695652174
4 0.24582172701949861 0.3690217391304348 0.006267409470752089 0.02282608695652174
0 0.43854456824512533 0.36032608695652174 0.004526462395543176 0.020652173913043477
0 0.36403203342618384 0.36195652173913045 0.005222841225626741 0.01956521739130435
0 0.27959610027855153 0.3635869565217391 0.005571030640668524 0.020652173913043477
4 0.37604456824512533 0.37282608695652175 0.006267409470752089 0.02826086956521739
4 0.28725626740947074 0.39619565217391306 0.011142061281337047 0.042391304347826085
4 0.7385097493036211 0.47282608695652173 0.019498607242339833 0.07173913043478261
4 0.6108983286908078 0.5831521739130435 0.03795264623955432 0.12717391304347825
4 0.3711699164345404 0.36630434782608695 0.004178272980501393 0.02608695652173913
4 0.13840529247910863 0.3826086956521739 0.008704735376044569 0.03260869565217391