0 0.08936170212765958 0.48055555555555557 0.02446808510638298 0.05185185185185185
0 0.16861702127659575 0.4444444444444444 0.01702127659574468 0.037037037037037035
0 0.3476063829787234 0.4023148148148148 0.01223404255319149 0.025
0 0.4406914893617021 0.39305555555555555 0.009042553191489361 0.019444444444444445
0 0.5587765957446809 0.3851851851851852 0.006914893617021276 0.016666666666666666
0 0.2699468085106383 0.41805555555555557 0.011170212765957447 0.026851851851851852
4 0.5364361702127659 0.40324074074074073 0.011170212765957447 0.026851851851851852
4 0.5154255319148936 0.4537037037037037 0.018085106382978722 0.046296296296296294
4 0.4779255319148936 0.42268518518518516 0.013297872340425532 0.03425925925925926
4 0.8023936170212767 0.38981481481481484 0.01223404255319149 0.025925925925925925
4 0.6414893617021277 0.5111111111111111 0.030851063829787233 0.07037037037037037
4 0.6787234042553192 0.3921296296296296 0.010638297872340425 0.026851851851851852