0 0.5441489361702128 0.5106481481481482 0.035106382978723406 0.0712962962962963
0 0.7313829787234043 0.4638888888888889 0.02446808510638298 0.05
0 0.7797872340425532 0.44212962962962965 0.018085106382978722 0.03981481481481482
0 0.7869680851063829 0.42777777777777776 0.011170212765957447 0.03333333333333333
0 0.7555851063829787 0.41574074074074074 0.01223404255319149 0.027777777777777776
0 0.5127659574468085 0.38101851851851853 0.005319148936170213 0.017592592592592594
0 0.5252659574468085 0.37453703703703706 0.0047872340425531915 0.013888888888888888
0 0.5361702127659574 0.3875 0.006382978723404255 0.01574074074074074
0 0.560372340425532 0.37222222222222223 0.003723404255319149 0.011111111111111112
0 0.5941489361702128 0.39490740740740743 0.00851063829787234 0.021296296296296296
0 0.6156914893617021 0.37037037037037035 0.0026595744680851063 0.009259259259259259
0 0.6835106382978723 0.4046296296296296 0.010638297872340425 0.024074074074074074
0 0.6800531914893617 0.37037037037037035 0.003723404255319149 0.009259259259259259
0 0.7481382978723404 0.3699074074074074 0.0047872340425531915 0.010185185185185186
0 0.2845744680851064 0.6296296296296297 0.07021276595744681 0.12777777777777777
0 0.8409574468085106 0.3726851851851852 0.005319148936170213 0.013888888888888888
0 0.9146276595744681 0.37453703703703706 0.003723404255319149 0.010185185185185186
4 0.6226063829787234 0.3800925925925926 0.005851063829787234 0.01574074074074074
4 0.6303191489361702 0.3763888888888889 0.005319148936170213 0.013888888888888888
4 0.6654255319148936 0.3851851851851852 0.007446808510638298 0.018518518518518517
4 0.6920212765957446 0.37453703703703706 0.005319148936170213 0.013888888888888888
4 0.7271276595744681 0.3912037037037037 0.009574468085106383 0.019444444444444445
4 0.7539893617021277 0.37453703703703706 0.005851063829787234 0.013888888888888888
4 0.8199468085106383 0.3990740740740741 0.01223404255319149 0.024074074074074074
4 0.8553191489361702 0.37777777777777777 0.007446808510638298 0.016666666666666666
4 0.9 0.38055555555555554 0.007446808510638298 0.016666666666666666