0 0.33085106382978724 0.6469594594594594 0.031914893617021274 0.04932432432432433
0 0.3803191489361702 0.6111486486486486 0.02021276595744681 0.03175675675675676
0 0.40638297872340423 0.5922297297297298 0.014893617021276596 0.025
0 0.4228723404255319 0.581081081081081 0.011702127659574468 0.01891891891891892
0 0.4319148936170213 0.5739864864864865 0.00851063829787234 0.016891891891891893
0 0.43696808510638296 0.5689189189189189 0.006914893617021276 0.013513513513513514
0 0.4420212765957447 0.5658783783783784 0.005319148936170213 0.011486486486486487
0 0.4465425531914894 0.5628378378378378 0.0047872340425531915 0.00945945945945946
0 0.44920212765957446 0.5601351351351351 0.003723404255319149 0.00945945945945946
0 0.4518617021276596 0.5581081081081081 0.003723404255319149 0.008108108108108109
0 0.44388297872340426 0.5574324324324325 0.003723404255319149 0.008108108108108109
0 0.4242021276595745 0.5577702702702703 0.003723404255319149 0.008783783783783784
0 0.4039893617021277 0.558445945945946 0.0047872340425531915 0.008783783783783784
0 0.35079787234042553 0.5604729729729729 0.0047872340425531915 0.008783783783783784
0 0.28936170212765955 0.5648648648648649 0.005319148936170213 0.010810810810810811
0 0.2577127659574468 0.5736486486486486 0.006914893617021276 0.010810810810810811
0 0.25079787234042555 0.577027027027027 0.007978723404255319 0.01756756756756757
0 0.2226063829787234 0.5689189189189189 0.0047872340425531915 0.010810810810810811
0 0.21914893617021278 0.572972972972973 0.006382978723404255 0.012162162162162163
0 0.19601063829787235 0.5712837837837837 0.005851063829787234 0.010135135135135136
0 0.18670212765957447 0.5722972972972973 0.006382978723404255 0.010810810810810811
0 0.15159574468085107 0.5864864864864865 0.010638297872340425 0.01891891891891892
4 0.6795212765957447 0.643581081081081 0.032446808510638296 0.047972972972972976
4 0.6212765957446809 0.6084459459459459 0.022340425531914895 0.03445945945945946
4 0.5840425531914893 0.5902027027027027 0.014893617021276596 0.025
4 0.564627659574468 0.5804054054054054 0.01223404255319149 0.02027027027027027
4 0.5518617021276596 0.572972972972973 0.010106382978723405 0.01756756756756757
4 0.5382978723404256 0.5679054054054054 0.007446808510638298 0.01418918918918919
4 0.5308510638297872 0.5645270270270271 0.005319148936170213 0.011486486486486487
4 0.5273936170212766 0.5611486486486487 0.0047872340425531915 0.010135135135135136
4 0.523936170212766 0.5591216216216216 0.00425531914893617 0.008783783783783784
4 0.5199468085106383 0.5577702702702703 0.003723404255319149 0.008783783783783784
4 0.511968085106383 0.5564189189189189 0.003723404255319149 0.008783783783783784
4 0.4856382978723404 0.5564189189189189 0.0031914893617021275 0.007432432432432433
4 0.4622340425531915 0.5564189189189189 0.0031914893617021275 0.007432432432432433
4 0.4271276595744681 0.5564189189189189 0.0031914893617021275 0.007432432432432433
4 0.39574468085106385 0.5570945945945946 0.00425531914893617 0.007432432432432433
4 0.3699468085106383 0.5587837837837838 0.003723404255319149 0.008108108108108109
4 0.3167553191489362 0.5625 0.0047872340425531915 0.010135135135135136
4 0.25718085106382976 0.566554054054054 0.0047872340425531915 0.008783783783783784
4 0.19095744680851065 0.5689189189189189 0.00425531914893617 0.00945945945945946
4 0.1428191489361702 0.5726351351351351 0.005851063829787234 0.010135135135135136
4 0.1300531914893617 0.5817567567567568 0.007978723404255319 0.016216216216216217
4 0.12260638297872341 0.5753378378378379 0.005851063829787234 0.011486486486486487
4 0.12101063829787234 0.5841216216216216 0.007978723404255319 0.015540540540540541
4 0.11117021276595744 0.5804054054054054 0.006382978723404255 0.013513513513513514
4 0.10824468085106383 0.5766891891891892 0.005851063829787234 0.012837837837837839
4 0.10319148936170212 0.5780405405405405 0.005319148936170213 0.012837837837837839
2 0.888563829787234 0.7648648648648648 0.07287234042553191 0.10810810810810811
2 0.15930851063829787 0.7574324324324324 0.07074468085106383 0.10540540540540541