0 0.3098404255319149 0.4439814814814815 0.02074468085106383 0.04537037037037037
0 0.19654255319148936 0.49444444444444446 0.032446808510638296 0.06851851851851852
0 0.3984042553191489 0.41805555555555557 0.013829787234042552 0.03425925925925926
0 0.8904255319148936 0.38564814814814813 0.010638297872340425 0.021296296296296296
0 0.7236702127659574 0.37546296296296294 0.006914893617021276 0.017592592592592594
0 0.3526595744680851 0.387037037037037 0.007446808510638298 0.018518518518518517
0 0.45797872340425533 0.4023148148148148 0.009574468085106383 0.025
0 0.2654255319148936 0.38333333333333336 0.00851063829787234 0.020370370370370372
0 0.8263297872340426 0.3800925925925926 0.007978723404255319 0.019444444444444445
0 0.4646276595744681 0.39351851851851855 0.007978723404255319 0.024074074074074074
0 0.42686170212765956 0.38842592592592595 0.007978723404255319 0.019444444444444445
0 0.6452127659574468 0.37407407407407406 0.006382978723404255 0.014814814814814815
4 0.8699468085106383 0.45694444444444443 0.022872340425531913 0.05277777777777778
4 0.711968085106383 0.475462962962963 0.023936170212765957 0.05648148148148148
4 0.7752659574468085 0.42407407407407405 0.015425531914893617 0.03888888888888889
4 0.636436170212766 0.4287037037037037 0.01648936170212766 0.040740740740740744
4 0.5683510638297873 0.3819444444444444 0.009042553191489361 0.021296296296296296
4 0.6218085106382979 0.4148148148148148 0.015957446808510637 0.03333333333333333
4 0.6614361702127659 0.40555555555555556 0.010106382978723405 0.025925925925925925
4 0.6686170212765957 0.3962962962962963 0.015957446808510637 0.03333333333333333
4 0.5994680851063829 0.38101851851851853 0.00851063829787234 0.019444444444444445
4 0.474468085106383 0.3763888888888889 0.006382978723404255 0.017592592592592594
4 0.5207446808510638 0.38101851851851853 0.006382978723404255 0.019444444444444445
4 0.5255319148936171 0.37916666666666665 0.006382978723404255 0.017592592592592594
4 0.4531914893617021 0.38055555555555554 0.007446808510638298 0.018518518518518517
4 0.6327127659574469 0.38842592592592595 0.009042553191489361 0.023148148148148147
4 0.749468085106383 0.4060185185185185 0.013829787234042552 0.030555555555555555
4 0.7574468085106383 0.39351851851851855 0.009574468085106383 0.024074074074074074
4 0.7422872340425531 0.38796296296296295 0.009042553191489361 0.022222222222222223