0 0.8851063829787233 0.36574074074074076 0.010638297872340425 0.022222222222222223
0 0.5747340425531915 0.37962962962962965 0.010106382978723405 0.024074074074074074
0 0.7159574468085106 0.37083333333333335 0.009574468085106383 0.023148148148148147
0 0.4425531914893617 0.3958333333333333 0.01276595744680851 0.028703703703703703
0 0.31648936170212766 0.4203703703703704 0.014893617021276596 0.037037037037037035
4 0.9178191489361702 0.37824074074074077 0.013297872340425532 0.026851851851851852
4 0.774468085106383 0.3814814814814815 0.013829787234042552 0.02962962962962963
4 0.5598404255319149 0.4027777777777778 0.014361702127659574 0.03333333333333333
4 0.6582446808510638 0.38842592592592595 0.01223404255319149 0.032407407407407406
4 0.4555851063829787 0.4675925925925926 0.026063829787234042 0.05925925925925926
4 0.5497340425531915 0.5476851851851852 0.038829787234042554 0.09907407407407408
4 0.48617021276595745 0.425462962962963 0.019148936170212766 0.04537037037037037
4 0.0800531914893617 0.43287037037037035 0.011170212765957447 0.04351851851851852
2 0.24627659574468086 0.39166666666666666 0.011702127659574468 0.025925925925925925
2 0.26941489361702126 0.4083333333333333 0.01223404255319149 0.02962962962962963
2 0.11436170212765957 0.3648148148148148 0.007446808510638298 0.018518518518518517
2 0.14175531914893616 0.36435185185185187 0.007978723404255319 0.017592592592592594
2 0.16914893617021276 0.36435185185185187 0.006382978723404255 0.017592592592592594
2 0.19228723404255318 0.3625 0.007978723404255319 0.01574074074074074
2 0.20611702127659576 0.3685185185185185 0.007978723404255319 0.018518518518518517
2 0.22579787234042553 0.3773148148148148 0.009042553191489361 0.023148148148148147
2 0.09468085106382979 0.41712962962962963 0.013829787234042552 0.030555555555555555
1 0.6454787234042553 0.5583333333333333 0.06223404255319149 0.18333333333333332
1 0.4901595744680851 0.49027777777777776 0.02925531914893617 0.11388888888888889