4 0.3511490250696379 0.5152173913043478 0.02541782729805014 0.09782608695652174
0 0.9185236768802229 0.46902173913043477 0.02158774373259053 0.07065217391304347
0 0.7489554317548747 0.4320652173913043 0.016016713091922007 0.057608695652173914
0 0.11020194986072424 0.4326086956521739 0.018454038997214484 0.06086956521739131
4 0.6260445682451253 0.6277173913043478 0.033426183844011144 0.1423913043478261
4 0.591399721448468 0.4532608695652174 0.019846796657381614 0.06956521739130435
0 0.5665041782729805 0.3798913043478261 0.008356545961002786 0.03369565217391304
4 0.4465529247910863 0.39021739130434785 0.010793871866295265 0.0391304347826087
0 0.10149721448467966 0.3967391304347826 0.012186629526462395 0.043478260869565216
4 0.36124651810584957 0.4418478260869565 0.017757660167130918 0.0641304347826087
0 0.6326601671309192 0.4016304347826087 0.010445682451253482 0.042391304347826085
4 0.1309192200557103 0.37880434782608696 0.006267409470752089 0.025
4 0.23868384401114207 0.38315217391304346 0.009401114206128134 0.03369565217391304
4 0.07103064066852367 0.38858695652173914 0.009749303621169917 0.03369565217391304
4 0.2278899721448468 0.37282608695652175 0.006615598885793872 0.02391304347826087
0 0.15041782729805014 0.4016304347826087 0.011838440111420613 0.04456521739130435
4 0.368558495821727 0.37119565217391304 0.007311977715877437 0.02717391304347826
4 0.5020891364902507 0.4146739130434783 0.013231197771587743 0.051086956521739134
4 0.29491643454038996 0.38532608695652176 0.009052924791086351 0.03369565217391304
4 0.3058844011142061 0.37119565217391304 0.006615598885793872 0.025
4 0.3410515320334262 0.39510869565217394 0.012186629526462395 0.042391304347826085
0 0.49947771587743733 0.3652173913043478 0.005919220055710306 0.02391304347826087
4 0.42896935933147634 0.37771739130434784 0.00766016713091922 0.03152173913043478
0 0.5428272980501393 0.3690217391304348 0.006267409470752089 0.02717391304347826
0 0.42513927576601673 0.36684782608695654 0.004178272980501393 0.020652173913043477
0 0.24582172701949861 0.3673913043478261 0.005571030640668524 0.02391304347826087
0 0.14066852367688024 0.37282608695652175 0.006267409470752089 0.02391304347826087
0 0.3426183844011142 0.3657608695652174 0.004874651810584958 0.02282608695652174
4 0.7606197771587744 0.5081521739130435 0.027506963788300837 0.09021739130434783