0 0.1392757660167131 0.3375 0.023676880222841225 0.07717391304347826
0 0.6793175487465181 0.29293478260869565 0.006267409470752089 0.025
0 0.6283077994428969 0.2875 0.006615598885793872 0.02717391304347826
4 0.453516713091922 0.3635869565217391 0.017757660167130918 0.06195652173913044
0 0.37952646239554316 0.26413043478260867 0.009749303621169917 0.03695652173913044
4 0.533600278551532 0.3239130434782609 0.013579387186629526 0.04782608695652174
0 0.5158426183844012 0.2766304347826087 0.008008356545961003 0.03152173913043478
0 0.27959610027855153 0.28804347826086957 0.01532033426183844 0.05
4 0.8051880222841226 0.32554347826086955 0.007311977715877437 0.02717391304347826
0 0.7747214484679665 0.3027173913043478 0.005571030640668524 0.02282608695652174
4 0.43662952646239556 0.46956521739130436 0.025069637883008356 0.10217391304347827
4 0.7230153203342619 0.32065217391304346 0.007311977715877437 0.030434782608695653
0 0.7251044568245125 0.29782608695652174 0.005919220055710306 0.02391304347826087
4 0.6166434540389972 0.3141304347826087 0.010445682451253482 0.03695652173913044
0 0.8520194986072424 0.3141304347826087 0.004874651810584958 0.01956521739130435
4 0.8649025069637883 0.3309782608695652 0.006963788300835654 0.025
0 0.929491643454039 0.33152173913043476 0.005919220055710306 0.021739130434782608
4 0.778725626740947 0.7880434782608695 0.027506963788300837 0.11521739130434783
4 0.9251392757660167 0.3418478260869565 0.006963788300835654 0.025