0 0.18245125348189414 0.5354381443298969 0.01532033426183844 0.024484536082474227
0 0.181058495821727 0.5193298969072165 0.011838440111420613 0.01804123711340206
0 0.341399721448468 0.5085910652920962 0.007311977715877437 0.012027491408934709
0 0.4268802228412256 0.5124570446735395 0.008356545961002786 0.01288659793814433
0 0.5504874651810585 0.5612113402061856 0.02158774373259053 0.03307560137457045
0 0.5666782729805014 0.5339347079037801 0.01149025069637883 0.020618556701030927
0 0.5988857938718662 0.5274914089347079 0.009749303621169917 0.01718213058419244
0 0.737116991643454 0.6200601374570447 0.034818941504178275 0.055412371134020616
0 0.907033426183844 0.5461769759450171 0.01532033426183844 0.02190721649484536
0 0.7752437325905293 0.5554123711340206 0.017061281337047353 0.027491408934707903
0 0.6768802228412256 0.5274914089347079 0.009749303621169917 0.01718213058419244
4 0.20438718662952646 0.5749570446735395 0.027158774373259052 0.044243986254295535
4 0.25504874651810583 0.5075171821305842 0.007311977715877437 0.01245704467353952
4 0.26236072423398327 0.5126718213058419 0.008704735376044569 0.015034364261168385
4 0.3043175487465181 0.5225515463917526 0.011142061281337047 0.018470790378006873
4 0.39815459610027853 0.5062285223367697 0.005919220055710306 0.010738831615120275
4 0.42409470752089135 0.5339347079037801 0.013231197771587743 0.023195876288659795
4 0.4801532033426184 0.5107388316151202 0.006267409470752089 0.012027491408934709
4 0.546483286908078 0.5199742268041238 0.008008356545961003 0.015034364261168385
4 0.5966225626740947 0.5197594501718213 0.007311977715877437 0.014604810996563574
4 0.7912604456824512 0.5354381443298969 0.01149025069637883 0.019329896907216496
2 0.36942896935933145 0.5049398625429553 0.005571030640668524 0.010738831615120275
2 0.38057103064066855 0.5135309278350515 0.008356545961002786 0.014175257731958763
2 0.46448467966573814 0.5191151202749141 0.009052924791086351 0.015034364261168385
2 0.5024373259052924 0.5122422680412371 0.00766016713091922 0.01245704467353952
2 0.49321030640668523 0.5253436426116839 0.0100974930362117 0.01718213058419244
2 0.5933147632311978 0.5371563573883161 0.012534818941504178 0.02104810996563574
2 0.940633704735376 0.5362972508591065 0.012186629526462395 0.01761168384879725
2 0.7921309192200557 0.5470360824742269 0.013927576601671309 0.023625429553264604
2 0.7123955431754875 0.5249140893470791 0.008356545961002786 0.015463917525773196