0 0.47092618384401114 0.5401632302405498 0.02054317548746518 0.028780068728522335
0 0.5734679665738162 0.5182560137457045 0.013927576601671309 0.02104810996563574
0 0.8892757660167131 0.5311426116838488 0.022284122562674095 0.03221649484536082
0 0.895891364902507 0.48625429553264604 0.006267409470752089 0.012027491408934709
0 0.9465529247910863 0.4789518900343643 0.008008356545961003 0.012027491408934709
0 0.9329735376044568 0.47551546391752575 0.007311977715877437 0.009450171821305841
4 0.21117688022284123 0.6202749140893471 0.046309192200557105 0.04982817869415808
4 0.8459261838440112 0.5034364261168385 0.013579387186629526 0.01804123711340206
4 0.9004178272980501 0.49677835051546393 0.012534818941504178 0.01675257731958763
2 0.48363509749303624 0.5824742268041238 0.034122562674094706 0.037800687285223365
2 0.8661211699164345 0.5143900343642611 0.016364902506963788 0.023625429553264604