0 0.22945682451253482 0.34347826086956523 0.018802228412256268 0.06521739130434782
0 0.37186629526462395 0.31956521739130433 0.012534818941504178 0.04565217391304348
0 0.8495821727019499 0.3717391304347826 0.00766016713091922 0.030434782608695653
4 0.6204735376044568 0.36630434782608695 0.011142061281337047 0.04565217391304348
4 0.9133008356545961 0.40543478260869564 0.010445682451253482 0.03695652173913044
0 0.49321030640668523 0.31956521739130433 0.008704735376044569 0.03695652173913044
4 0.7278899721448467 0.37282608695652175 0.010793871866295265 0.041304347826086954
4 0.5132311977715878 0.5027173913043478 0.02576601671309192 0.11413043478260869
4 0.7933495821727019 0.38206521739130433 0.0100974930362117 0.03804347826086957
4 0.5147980501392758 0.4125 0.017757660167130918 0.075
4 0.5586699164345403 0.37880434782608696 0.014972144846796657 0.057608695652173914
0 0.7245821727019499 0.3467391304347826 0.00766016713091922 0.03260869565217391
0 0.6129874651810585 0.33043478260869563 0.007311977715877437 0.030434782608695653
4 0.6829735376044568 0.7505434782608695 0.05675487465181058 0.1923913043478261