0 0.4101063829787234 0.4935185185185185 0.02446808510638298 0.06481481481481481
0 0.49042553191489363 0.4449074074074074 0.013829787234042552 0.03981481481481482
0 0.4867021276595745 0.42592592592592593 0.010638297872340425 0.03333333333333333
0 0.5010638297872341 0.4148148148148148 0.011702127659574468 0.02962962962962963
0 0.41648936170212764 0.39444444444444443 0.00851063829787234 0.020370370370370372
0 0.4348404255319149 0.40324074074074073 0.010106382978723405 0.025
0 0.4656914893617021 0.3875 0.006914893617021276 0.019444444444444445
0 0.5122340425531915 0.3837962962962963 0.006382978723404255 0.017592592592592594
0 0.575 0.38101851851851853 0.006382978723404255 0.013888888888888888
0 0.598404255319149 0.3787037037037037 0.005319148936170213 0.012962962962962963
4 0.8917553191489361 0.49166666666666664 0.03138297872340425 0.06296296296296296
4 0.9132978723404256 0.42453703703703705 0.01276595744680851 0.032407407407407406
4 0.8819148936170212 0.40879629629629627 0.009574468085106383 0.025
4 0.8941489361702127 0.40046296296296297 0.009574468085106383 0.021296296296296296
4 0.7904255319148936 0.44675925925925924 0.018085106382978722 0.03981481481481482
4 0.7045212765957447 0.4212962962962963 0.01223404255319149 0.03148148148148148
4 0.6460106382978723 0.40879629629629627 0.010106382978723405 0.028703703703703703
4 0.6207446808510638 0.4023148148148148 0.00851063829787234 0.021296296296296296
4 0.6601063829787234 0.38981481481481484 0.00851063829787234 0.020370370370370372
4 0.6888297872340425 0.38657407407407407 0.006382978723404255 0.017592592592592594
4 0.699468085106383 0.38333333333333336 0.006382978723404255 0.016666666666666666
4 0.7037234042553191 0.38101851851851853 0.005319148936170213 0.01574074074074074
4 0.7122340425531914 0.37824074074074077 0.005319148936170213 0.013888888888888888
4 0.738563829787234 0.3768518518518518 0.0047872340425531915 0.014814814814814815
4 0.7848404255319149 0.38287037037037036 0.006914893617021276 0.01574074074074074
4 0.8702127659574468 0.39444444444444443 0.00851063829787234 0.020370370370370372
4 0.6606382978723404 0.3726851851851852 0.005319148936170213 0.012037037037037037