0 0.35345744680851066 0.6256756756756757 0.025 0.041891891891891894
0 0.39095744680851063 0.5986486486486486 0.01702127659574468 0.02972972972972973
0 0.413031914893617 0.5834459459459459 0.01223404255319149 0.0222972972972973
0 0.4271276595744681 0.5739864864864865 0.009574468085106383 0.018243243243243244
0 0.43457446808510636 0.5685810810810811 0.00851063829787234 0.015540540540540541
0 0.43936170212765957 0.5638513513513513 0.006382978723404255 0.012837837837837839
0 0.44335106382978723 0.5614864864864865 0.005851063829787234 0.010810810810810811
0 0.4478723404255319 0.558445945945946 0.00425531914893617 0.010135135135135136
0 0.45 0.5564189189189189 0.0031914893617021275 0.008783783783783784
0 0.4523936170212766 0.5537162162162163 0.003723404255319149 0.008783783783783784
0 0.44468085106382976 0.5533783783783783 0.0031914893617021275 0.008108108108108109
0 0.4263297872340426 0.5533783783783783 0.003723404255319149 0.008108108108108109
0 0.40638297872340423 0.5537162162162163 0.005319148936170213 0.008783783783783784
0 0.3547872340425532 0.5560810810810811 0.00425531914893617 0.008108108108108109
0 0.2954787234042553 0.5594594594594594 0.0047872340425531915 0.00945945945945946
0 0.26861702127659576 0.5662162162162162 0.006382978723404255 0.013513513513513514
0 0.2632978723404255 0.5699324324324324 0.006382978723404255 0.01418918918918919
0 0.23058510638297872 0.5662162162162162 0.005851063829787234 0.012162162162162163
0 0.1981382978723404 0.5662162162162162 0.0047872340425531915 0.010810810810810811
0 0.20638297872340425 0.5648648648648649 0.005319148936170213 0.010810810810810811
0 0.17340425531914894 0.5780405405405405 0.009574468085106383 0.016891891891891893
0 0.07712765957446809 0.5844594594594594 0.005319148936170213 0.02027027027027027
0 0.23191489361702128 0.5625 0.005319148936170213 0.010135135135135136
4 0.6502659574468085 0.6239864864864865 0.028191489361702127 0.04256756756756757
4 0.6063829787234043 0.597972972972973 0.019148936170212766 0.02837837837837838
4 0.576063829787234 0.5831081081081081 0.013829787234042552 0.021621621621621623
4 0.5582446808510638 0.5743243243243243 0.010106382978723405 0.01756756756756757
4 0.5484042553191489 0.5682432432432433 0.00851063829787234 0.014864864864864866
4 0.535372340425532 0.5635135135135135 0.006914893617021276 0.012162162162162163
4 0.5287234042553192 0.5604729729729729 0.005319148936170213 0.011486486486486487
4 0.5255319148936171 0.5577702702702703 0.00425531914893617 0.008783783783783784
4 0.5223404255319148 0.5554054054054054 0.0031914893617021275 0.008108108108108109
4 0.5188829787234043 0.5540540540540541 0.003723404255319149 0.006756756756756757
4 0.5111702127659574 0.5527027027027027 0.00425531914893617 0.006756756756756757
4 0.4853723404255319 0.5523648648648649 0.003723404255319149 0.007432432432432433
4 0.4625 0.5527027027027027 0.003723404255319149 0.008108108108108109
4 0.4284574468085106 0.5523648648648649 0.003723404255319149 0.007432432432432433
4 0.39787234042553193 0.5537162162162163 0.00425531914893617 0.008783783783783784
4 0.37313829787234043 0.5537162162162163 0.0047872340425531915 0.008783783783783784
4 0.32180851063829785 0.5570945945945946 0.00425531914893617 0.008783783783783784
4 0.26382978723404255 0.5601351351351351 0.00425531914893617 0.008108108108108109
4 0.2 0.5625 0.00425531914893617 0.008783783783783784
4 0.15478723404255318 0.5655405405405406 0.005319148936170213 0.010810810810810811
4 0.14920212765957447 0.5746621621621621 0.006914893617021276 0.01418918918918919
4 0.14148936170212767 0.5753378378378379 0.007446808510638298 0.015540540540540541
4 0.1356382978723404 0.5675675675675675 0.006382978723404255 0.012162162162162163
4 0.12845744680851065 0.5733108108108108 0.006914893617021276 0.01418918918918919
4 0.12367021276595745 0.5689189189189189 0.0047872340425531915 0.010810810810810811
4 0.11888297872340425 0.5706081081081081 0.0047872340425531915 0.011486486486486487
4 0.08856382978723404 0.5790540540540541 0.010106382978723405 0.01756756756756757
2 0.7819148936170213 0.7010135135135135 0.05638297872340425 0.07635135135135135
2 0.24601063829787234 0.6932432432432433 0.04946808510638298 0.07567567567567568