0 0.7204787234042553 0.37916666666666665 0.009042553191489361 0.021296296296296296
0 0.589095744680851 0.3990740740740741 0.011170212765957447 0.027777777777777776
0 0.25638297872340426 0.4986111111111111 0.03297872340425532 0.06388888888888888
0 0.7388297872340426 0.36944444444444446 0.007446808510638298 0.018518518518518517
0 0.4071808510638298 0.4513888888888889 0.02074468085106383 0.04537037037037037
0 0.30319148936170215 0.37962962962962965 0.007446808510638298 0.018518518518518517
0 0.6662234042553191 0.38657407407407407 0.009042553191489361 0.023148148148148147
0 0.1853723404255319 0.3837962962962963 0.007978723404255319 0.019444444444444445
0 0.6042553191489362 0.3662037037037037 0.006382978723404255 0.017592592592592594
0 0.4952127659574468 0.42083333333333334 0.013829787234042552 0.032407407407407406
0 0.6723404255319149 0.36527777777777776 0.006382978723404255 0.017592592592592594
0 0.41808510638297874 0.37453703703703706 0.006382978723404255 0.017592592592592594
0 0.5117021276595745 0.36944444444444446 0.006382978723404255 0.016666666666666666
0 0.8946808510638298 0.3453703703703704 0.007446808510638298 0.011111111111111112
0 0.7997340425531915 0.3476851851851852 0.006914893617021276 0.010185185185185186
0 0.6909574468085107 0.350462962962963 0.006382978723404255 0.012037037037037037
4 0.6906914893617021 0.45416666666666666 0.021808510638297873 0.04722222222222222
4 0.7257978723404256 0.5175925925925926 0.038829787234042554 0.07592592592592592
4 0.9106382978723404 0.37175925925925923 0.009574468085106383 0.023148148148148147
4 0.3295212765957447 0.36944444444444446 0.007978723404255319 0.018518518518518517
4 0.8002659574468085 0.4023148148148148 0.014361702127659574 0.030555555555555555
4 0.8603723404255319 0.36574074074074076 0.011170212765957447 0.020370370370370372
4 0.8795212765957446 0.3861111111111111 0.01223404255319149 0.025925925925925925
4 0.799468085106383 0.36018518518518516 0.009574468085106383 0.018518518518518517
4 0.23696808510638298 0.3726851851851852 0.007978723404255319 0.017592592592592594
4 0.7053191489361702 0.4236111111111111 0.015957446808510637 0.03611111111111111
4 0.5087765957446808 0.3611111111111111 0.005851063829787234 0.014814814814814815
4 0.5736702127659574 0.3587962962962963 0.006914893617021276 0.01574074074074074
4 0.4271276595744681 0.3662037037037037 0.007446808510638298 0.01574074074074074
4 0.6481382978723405 0.35694444444444445 0.006914893617021276 0.01574074074074074
4 0.1425531914893617 0.3736111111111111 0.007446808510638298 0.017592592592592594
4 0.7289893617021277 0.35648148148148145 0.007978723404255319 0.016666666666666666
2 0.12659574468085105 0.4162037037037037 0.02446808510638298 0.023148148148148147
2 0.14202127659574468 0.36944444444444446 0.015957446808510637 0.014814814814814815
1 0.8912234042553191 0.6291666666666667 0.0675531914893617 0.22685185185185186