0 0.31302228412256267 0.5222826086956521 0.028551532033426183 0.0967391304347826
0 0.38074512534818944 0.45163043478260867 0.01915041782729805 0.06195652173913044
0 0.33356545961002787 0.4097826086956522 0.012534818941504178 0.043478260869565216
4 0.758008356545961 0.6043478260869565 0.037604456824512536 0.1282608695652174
0 0.33565459610027853 0.3847826086956522 0.008356545961002786 0.034782608695652174
0 0.8549791086350975 0.4141304347826087 0.009401114206128134 0.0391304347826087
4 0.8319986072423399 0.4429347826086957 0.015668523676880222 0.05543478260869565
4 0.9136490250696379 0.39510869565217394 0.005571030640668524 0.02282608695652174
4 0.6380571030640668 0.40217391304347827 0.009401114206128134 0.03695652173913044
4 0.7094359331476323 0.4206521739130435 0.0100974930362117 0.041304347826086954
0 0.7700208913649025 0.4 0.008704735376044569 0.03260869565217391
4 0.834958217270195 0.3847826086956522 0.005571030640668524 0.021739130434782608
4 0.6594707520891365 0.37771739130434784 0.006963788300835654 0.025
0 0.4596100278551532 0.35706521739130437 0.005571030640668524 0.020652173913043477
2 0.14554317548746518 0.33695652173913043 0.005571030640668524 0.021739130434782608
4 0.608983286908078 0.39021739130434785 0.008356545961002786 0.03260869565217391
0 0.9014623955431755 0.40217391304347827 0.006963788300835654 0.02826086956521739
4 0.5687674094707521 0.43967391304347825 0.014972144846796657 0.05543478260869565
4 0.7508704735376045 0.375 0.004526462395543176 0.021739130434782608
4 0.6709610027855153 0.5 0.0201949860724234 0.0782608695652174
4 0.47841225626740946 0.37880434782608696 0.005571030640668524 0.02717391304347826
4 0.8810933147632312 0.39293478260869563 0.005919220055710306 0.029347826086956522
0 0.8144150417827298 0.39293478260869563 0.006963788300835654 0.02717391304347826
0 0.7994428969359332 0.37880434782608696 0.004178272980501393 0.01847826086956522
0 0.6370125348189415 0.3592391304347826 0.0031337047353760445 0.020652173913043477
4 0.5698119777158774 0.36467391304347824 0.0031337047353760445 0.020652173913043477
2 0.23015320334261838 0.33260869565217394 0.005571030640668524 0.017391304347826087
0 0.40059192200557103 0.36141304347826086 0.005919220055710306 0.020652173913043477
2 0.18454038997214484 0.33369565217391306 0.005571030640668524 0.01956521739130435
4 0.4700557103064067 0.39021739130434785 0.008356545961002786 0.03260869565217391
0 0.9495125348189415 0.39565217391304347 0.002785515320334262 0.021739130434782608
4 0.6737465181058496 0.3684782608695652 0.003481894150417827 0.021739130434782608
0 0.7122214484679665 0.36684782608695654 0.00383008356545961 0.020652173913043477
0 0.354108635097493 0.3695652173913043 0.006963788300835654 0.02608695652173913
4 0.4860724233983287 0.3690217391304348 0.006267409470752089 0.025
4 0.6204735376044568 0.38315217391304346 0.006267409470752089 0.02717391304347826
4 0.5005222841225627 0.4108695652173913 0.01149025069637883 0.043478260869565216
0 0.7681058495821727 0.39021739130434785 0.005571030640668524 0.03695652173913044
4 0.7054317548746518 0.37717391304347825 0.006267409470752089 0.02391304347826087
4 0.5248955431754875 0.3652173913043478 0.005222841225626741 0.021739130434782608
0 0.5179317548746518 0.35597826086956524 0.004526462395543176 0.01847826086956522
0 0.5717270194986073 0.35543478260869565 0.004178272980501393 0.021739130434782608
4 0.6095055710306406 0.36195652173913045 0.004526462395543176 0.01956521739130435
2 0.08530640668523677 0.33967391304347827 0.006963788300835654 0.02282608695652174