4 0.6284818941504178 0.391304347826087 0.014623955431754874 0.05652173913043478
4 0.4740598885793872 0.4934782608695652 0.02681058495821727 0.11739130434782609
1 0.6222144846796658 0.34130434782608693 0.012534818941504178 0.06304347826086956
0 0.41834958217270196 0.3059782608695652 0.009401114206128134 0.03804347826086957
0 0.1366643454038997 0.4043478260869565 0.03307799442896936 0.10434782608695652
0 0.37204038997214484 0.2619565217391304 0.005919220055710306 0.02391304347826087
4 0.846100278551532 0.4141304347826087 0.012534818941504178 0.04565217391304348
0 0.5475278551532033 0.33804347826086956 0.009401114206128134 0.041304347826086954
4 0.8189415041782729 0.36467391304347824 0.008356545961002786 0.029347826086956522
4 0.25870473537604455 0.2451086956521739 0.006963788300835654 0.02717391304347826
0 0.3241643454038997 0.26793478260869563 0.00766016713091922 0.029347826086956522
0 0.3368732590529248 0.2608695652173913 0.007311977715877437 0.02608695652173913
0 0.34697075208913647 0.2826086956521739 0.008008356545961003 0.034782608695652174
4 0.8520194986072424 0.3842391304347826 0.008356545961002786 0.03369565217391304
4 0.7585306406685237 0.34130434782608693 0.006615598885793872 0.02391304347826087
0 0.7425139275766016 0.3576086956521739 0.007311977715877437 0.030434782608695653
1 0.7506963788300836 0.38369565217391305 0.014623955431754874 0.07173913043478261
0 0.6427576601671309 0.35434782608695653 0.006963788300835654 0.03695652173913044
0 0.3361768802228412 0.34782608695652173 0.015668523676880222 0.06304347826086956
0 0.4726671309192201 0.27554347826086956 0.005222841225626741 0.020652173913043477
0 0.41869777158774374 0.2673913043478261 0.005919220055710306 0.021739130434782608
2 0.1107242339832869 0.31630434782608696 0.018802228412256268 0.06739130434782609
4 0.7287604456824512 0.39565217391304347 0.013231197771587743 0.04782608695652174
4 0.5383008356545961 0.4108695652173913 0.018802228412256268 0.07391304347826087
4 0.32973537604456826 0.3081521739130435 0.011142061281337047 0.04673913043478261
2 0.8983286908077994 0.39021739130434785 0.008356545961002786 0.030434782608695653
1 0.7089136490250696 0.3793478260869565 0.0201949860724234 0.0782608695652174
4 0.23467966573816157 0.27010869565217394 0.009052924791086351 0.03804347826086957
1 0.6591225626740947 0.3467391304347826 0.012534818941504178 0.058695652173913045
4 0.3163300835654596 0.24728260869565216 0.005222841225626741 0.02282608695652174
4 0.22423398328690808 0.2510869565217391 0.00766016713091922 0.030434782608695653
0 0.5877437325905293 0.3 0.004874651810584958 0.021739130434782608
0 0.649025069637883 0.3157608695652174 0.004874651810584958 0.020652173913043477
0 0.6975974930362117 0.33152173913043476 0.005919220055710306 0.02391304347826087
4 0.5201949860724234 0.27880434782608693 0.004178272980501393 0.020652173913043477
4 0.38335654596100277 0.2554347826086957 0.004874651810584958 0.021739130434782608
4 0.6044568245125348 0.29836956521739133 0.004874651810584958 0.01847826086956522
0 0.7327646239554317 0.34619565217391307 0.007311977715877437 0.02717391304347826
4 0.6880222841225627 0.31956521739130433 0.005571030640668524 0.021739130434782608
2 0.15581476323119778 0.2842391304347826 0.014275766016713091 0.051086956521739134
0 0.7158774373259053 0.36195652173913045 0.00766016713091922 0.034782608695652174
4 0.45508356545961004 0.266304347826087 0.004874651810584958 0.01956521739130435
0 0.5231545961002786 0.2847826086956522 0.004526462395543176 0.021739130434782608
4 0.5621518105849582 0.7766304347826087 0.02681058495821727 0.1423913043478261