0 0.33948467966573814 0.325 0.016016713091922007 0.05217391304347826
0 0.4724930362116992 0.3282608695652174 0.017409470752089137 0.06086956521739131
0 0.6532033426183844 0.30978260869565216 0.01532033426183844 0.06304347826086956
0 0.2862116991643454 0.3108695652173913 0.012534818941504178 0.043478260869565216
4 0.13022284122562675 0.3423913043478261 0.013231197771587743 0.04782608695652174
0 0.4411559888579387 0.2483695652173913 0.006267409470752089 0.025
0 0.2930013927576602 0.29130434782608694 0.009401114206128134 0.034782608695652174
0 0.3854456824512535 0.2592391304347826 0.00766016713091922 0.02717391304347826
0 0.3306058495821727 0.275 0.009401114206128134 0.02826086956521739
4 0.6995125348189415 0.21521739130434783 0.006267409470752089 0.02391304347826087
4 0.7620125348189415 0.37717391304347825 0.026114206128133706 0.09565217391304348
4 0.1613857938718663 0.38206521739130433 0.018454038997214484 0.06847826086956521
0 0.7386838440111421 0.22445652173913044 0.008008356545961003 0.029347826086956522
0 0.7994428969359332 0.22826086956521738 0.008356545961002786 0.03260869565217391
4 0.17688022284122562 0.3081521739130435 0.009749303621169917 0.035869565217391305
4 0.8826601671309192 0.2157608695652174 0.009052924791086351 0.029347826086956522
0 0.6681754874651811 0.22445652173913044 0.005571030640668524 0.02717391304347826
4 0.5052228412256268 0.23097826086956522 0.005571030640668524 0.02282608695652174
0 0.5959261838440112 0.22880434782608697 0.005222841225626741 0.025
4 0.7947423398328691 0.21358695652173912 0.006615598885793872 0.02717391304347826
4 0.33147632311977715 0.26032608695652176 0.006267409470752089 0.025
4 0.373433147632312 0.40706521739130436 0.022632311977715876 0.09239130434782608
0 0.8123259052924791 0.2782608695652174 0.013231197771587743 0.05434782608695652
4 0.24947771587743733 0.28152173913043477 0.007311977715877437 0.02826086956521739
0 0.5170612813370473 0.23695652173913043 0.006963788300835654 0.02608695652173913
2 0.8965877437325905 0.19782608695652174 0.005571030640668524 0.02391304347826087
4 0.6058495821727019 0.22119565217391304 0.005571030640668524 0.02282608695652174
4 0.40668523676880225 0.24565217391304348 0.005571030640668524 0.021739130434782608
2 0.9072075208913649 0.18206521739130435 0.004526462395543176 0.01847826086956522
2 0.9305362116991643 0.18097826086956523 0.00383008356545961 0.01847826086956522
2 0.6204735376044568 0.5847826086956521 0.05222841225626741 0.18695652173913044
2 0.9025069637883009 0.18967391304347825 0.004178272980501393 0.020652173913043477
1 0.849233983286908 0.2467391304347826 0.016016713091922007 0.0782608695652174
2 0.887708913649025 0.20923913043478262 0.006615598885793872 0.02717391304347826
0 0.8434888579387186 0.2375 0.009401114206128134 0.03804347826086957
0 0.8555013927576601 0.2532608695652174 0.009052924791086351 0.04565217391304348
1 0.8544568245125348 0.2375 0.013927576601671309 0.07282608695652174