0 0.23084958217270196 0.3652027027027027 0.037604456824512536 0.07905405405405405
0 0.3309540389972145 0.47466216216216217 0.05118384401114206 0.125
0 0.18123259052924792 0.310472972972973 0.02402506963788301 0.05472972972972973
0 0.23537604456824512 0.7216216216216216 0.10376044568245125 0.24594594594594596
0 0.1915041782729805 0.28040540540540543 0.019498607242339833 0.041891891891891894
0 0.7830779944289693 0.25641891891891894 0.020891364902506964 0.03986486486486487
0 0.18436629526462395 0.26216216216216215 0.014972144846796657 0.032432432432432434
0 0.1753133704735376 0.25101351351351353 0.01149025069637883 0.027702702702702704
0 0.6579038997214485 0.2462837837837838 0.013579387186629526 0.030405405405405407
4 0.7028203342618384 0.3530405405405405 0.03725626740947075 0.0777027027027027
4 0.7658426183844012 0.33952702702702703 0.03795264623955432 0.07635135135135135
4 0.5020891364902507 0.31216216216216214 0.02437325905292479 0.05405405405405406
4 0.5769498607242339 0.29864864864864865 0.023676880222841225 0.05
4 0.4879874651810585 0.2702702702702703 0.014972144846796657 0.03783783783783784
4 0.42026462395543174 0.28344594594594597 0.018802228412256268 0.03986486486486487
4 0.38579387186629527 0.2665540540540541 0.01532033426183844 0.03445945945945946
4 0.3659470752089137 0.2527027027027027 0.012534818941504178 0.02837837837837838
4 0.34592618384401114 0.24222972972972973 0.010793871866295265 0.025
2 0.6443245125348189 0.2462837837837838 0.013579387186629526 0.030405405405405407
2 0.17409470752089137 0.2462837837837838 0.012534818941504178 0.026351351351351353
2 0.47876044568245124 0.2682432432432432 0.013927576601671309 0.03648648648648649
2 0.34366295264623953 0.24054054054054055 0.009052924791086351 0.024324324324324326