0 0.6218085106382979 0.4166666666666667 0.01702127659574468 0.037037037037037035
0 0.31196808510638296 0.5560185185185185 0.04627659574468085 0.09537037037037037
0 0.48936170212765956 0.45787037037037037 0.02127659574468085 0.049074074074074076
0 0.08590425531914894 0.3819444444444444 0.010106382978723405 0.025
0 0.3882978723404255 0.3731481481481482 0.009574468085106383 0.022222222222222223
0 0.7191489361702128 0.39675925925925926 0.013829787234042552 0.030555555555555555
0 0.2404255319148936 0.3787037037037037 0.011702127659574468 0.024074074074074074
0 0.7933510638297873 0.3726851851851852 0.009042553191489361 0.023148148148148147
0 0.7829787234042553 0.387037037037037 0.011702127659574468 0.027777777777777776
0 0.7029255319148936 0.3648148148148148 0.007978723404255319 0.020370370370370372
0 0.6194148936170213 0.36527777777777776 0.006914893617021276 0.019444444444444445
0 0.5055851063829787 0.3680555555555556 0.007978723404255319 0.021296296296296296
0 0.07686170212765958 0.3425925925925926 0.0047872340425531915 0.009259259259259259
0 0.14627659574468085 0.34305555555555556 0.007446808510638298 0.012037037037037037
0 0.21409574468085107 0.34444444444444444 0.005851063829787234 0.009259259259259259
0 0.2946808510638298 0.3453703703703704 0.007446808510638298 0.011111111111111112
0 0.3771276595744681 0.34675925925925927 0.007446808510638298 0.012037037037037037
0 0.4909574468085106 0.3458333333333333 0.006382978723404255 0.010185185185185186
0 0.589095744680851 0.34675925925925927 0.006914893617021276 0.012037037037037037
0 0.7087765957446809 0.3476851851851852 0.006914893617021276 0.012037037037037037
0 0.8359042553191489 0.3472222222222222 0.007978723404255319 0.012962962962962963
4 0.8404255319148937 0.4726851851851852 0.02872340425531915 0.058333333333333334
4 0.8563829787234043 0.36157407407407405 0.010638297872340425 0.023148148148148147
4 0.1672872340425532 0.36666666666666664 0.011170212765957447 0.022222222222222223
4 0.4018617021276596 0.36203703703703705 0.009042553191489361 0.020370370370370372
4 0.500531914893617 0.35833333333333334 0.007446808510638298 0.018518518518518517
4 0.28191489361702127 0.36527777777777776 0.010638297872340425 0.021296296296296296
4 0.6667553191489362 0.3541666666666667 0.007978723404255319 0.019444444444444445
4 0.7648936170212766 0.35555555555555557 0.009574468085106383 0.020370370370370372
4 0.5784574468085106 0.35555555555555557 0.007978723404255319 0.018518518518518517