0 0.5530988857938719 0.32663043478260867 0.014275766016713091 0.057608695652173914
0 0.6626044568245125 0.24782608695652175 0.006963788300835654 0.030434782608695653
0 0.5370821727019499 0.28804347826086957 0.010793871866295265 0.041304347826086954
4 0.7881267409470752 0.2940217391304348 0.016364902506963788 0.057608695652173914
0 0.5483983286908078 0.5141304347826087 0.03690807799442897 0.14347826086956522
4 0.9284470752089137 0.32717391304347826 0.02054317548746518 0.07608695652173914
0 0.8704735376044568 0.2184782608695652 0.006963788300835654 0.030434782608695653
0 0.588091922005571 0.26032608695652176 0.008356545961002786 0.03152173913043478
0 0.9042479108635098 0.21141304347826087 0.006267409470752089 0.02717391304347826
0 0.913474930362117 0.20217391304347826 0.004526462395543176 0.021739130434782608
4 0.9404596100278552 0.23369565217391305 0.010445682451253482 0.0391304347826087
0 0.9451601671309192 0.18641304347826088 0.004526462395543176 0.020652173913043477
0 0.8281685236768802 0.22608695652173913 0.008008356545961003 0.030434782608695653
0 0.5964484679665738 0.41358695652173916 0.02437325905292479 0.09891304347826087
4 0.7910863509749304 0.2548913043478261 0.011838440111420613 0.04021739130434782
4 0.7491295264623955 0.2657608695652174 0.01149025069637883 0.04456521739130435
0 0.5940111420612814 0.358695652173913 0.017409470752089137 0.07173913043478261
0 0.29491643454038996 0.7483695652173913 0.05013927576601671 0.1967391304347826
0 0.7449512534818942 0.23695652173913043 0.005222841225626741 0.02826086956521739
0 0.9190459610027855 0.2048913043478261 0.006615598885793872 0.025
0 0.9052924791086351 0.19510869565217392 0.005571030640668524 0.02282608695652174