0 0.8337765957446809 0.3787037037037037 0.011170212765957447 0.020370370370370372
0 0.5912234042553192 0.3990740740740741 0.011170212765957447 0.022222222222222223
0 0.14388297872340425 0.39166666666666666 0.011170212765957447 0.025925925925925925
0 0.27101063829787236 0.3972222222222222 0.011170212765957447 0.024074074074074074
0 0.3638297872340426 0.4078703703703704 0.010638297872340425 0.028703703703703703
0 0.32632978723404255 0.5032407407407408 0.03138297872340425 0.06944444444444445
0 0.4319148936170213 0.45092592592592595 0.015957446808510637 0.044444444444444446
0 0.7 0.38564814814814813 0.00851063829787234 0.025
0 0.41595744680851066 0.4222222222222222 0.01276595744680851 0.03333333333333333
4 0.8986702127659575 0.387037037037037 0.013297872340425532 0.027777777777777776
4 0.7901595744680852 0.4976851851851852 0.028191489361702127 0.06759259259259259
4 0.19654255319148936 0.38055555555555554 0.011170212765957447 0.022222222222222223
4 0.7867021276595745 0.39537037037037037 0.01276595744680851 0.025925925925925925
4 0.3446808510638298 0.3875 0.011702127659574468 0.023148148148148147
4 0.7039893617021277 0.4060185185185185 0.013297872340425532 0.028703703703703703
4 0.44601063829787235 0.3976851851851852 0.011170212765957447 0.025
4 0.6518617021276596 0.449537037037037 0.017553191489361703 0.05092592592592592
4 0.6476063829787234 0.42268518518518516 0.014361702127659574 0.03981481481481482
2 0.5664893617021277 0.3912037037037037 0.009574468085106383 0.019444444444444445
2 0.45691489361702126 0.3912037037037037 0.00851063829787234 0.021296296296296296
2 0.5566489361702127 0.38055555555555554 0.006914893617021276 0.020370370370370372
2 0.5468085106382978 0.36944444444444446 0.006382978723404255 0.016666666666666666
2 0.535904255319149 0.36203703703703705 0.005851063829787234 0.014814814814814815
2 0.5276595744680851 0.35833333333333334 0.005319148936170213 0.014814814814814815
2 0.510904255319149 0.3587962962962963 0.005851063829787234 0.013888888888888888
2 0.49175531914893617 0.3578703703703704 0.005851063829787234 0.013888888888888888
2 0.4734042553191489 0.3578703703703704 0.005319148936170213 0.013888888888888888
1 0.41329787234042553 0.4486111111111111 0.027659574468085105 0.08055555555555556
1 0.4324468085106383 0.42824074074074076 0.02446808510638298 0.06759259259259259
1 0.6763297872340426 0.4476851851851852 0.025 0.08055555555555556
1 0.6406914893617022 0.4263888888888889 0.018617021276595744 0.06944444444444445