0 0.10053191489361703 0.3824074074074074 0.00851063829787234 0.018518518518518517
0 0.11861702127659575 0.37407407407407406 0.007446808510638298 0.016666666666666666
0 0.8058510638297872 0.4050925925925926 0.018085106382978722 0.021296296296296296
0 0.6768617021276596 0.3958333333333333 0.014361702127659574 0.017592592592592594
0 0.5768617021276595 0.38842592592592595 0.01223404255319149 0.013888888888888888
0 0.5053191489361702 0.37916666666666665 0.010638297872340425 0.012037037037037037
0 0.4486702127659574 0.36944444444444446 0.009042553191489361 0.009259259259259259
0 0.4122340425531915 0.362962962962963 0.00851063829787234 0.009259259259259259
4 0.7436170212765958 0.6430555555555556 0.07021276595744681 0.14351851851851852
4 0.2954787234042553 0.49537037037037035 0.03351063829787234 0.06666666666666667
4 0.08829787234042553 0.4425925925925926 0.018085106382978722 0.03888888888888889
4 0.08351063829787234 0.4115740740740741 0.010638297872340425 0.026851851851851852
4 0.16063829787234044 0.39444444444444443 0.009574468085106383 0.024074074074074074
4 0.17313829787234042 0.36527777777777776 0.007978723404255319 0.017592592592592594
4 0.2476063829787234 0.37222222222222223 0.007978723404255319 0.018518518518518517
4 0.22127659574468084 0.38287037037037036 0.00851063829787234 0.019444444444444445
4 0.2170212765957447 0.3680555555555556 0.006382978723404255 0.017592592592592594
1 0.1819148936170213 0.45046296296296295 0.03297872340425532 0.08055555555555556
1 0.1473404255319149 0.44583333333333336 0.030851063829787233 0.075