0 0.44680851063829785 0.537962962962963 0.036170212765957444 0.08518518518518518
0 0.9138297872340425 0.45092592592592595 0.019148936170212766 0.03888888888888889
0 0.8723404255319149 0.39444444444444443 0.00851063829787234 0.020370370370370372
0 0.7811170212765958 0.3851851851851852 0.006914893617021276 0.018518518518518517
0 0.7109042553191489 0.4486111111111111 0.018617021276595744 0.041666666666666664
0 0.4773936170212766 0.42962962962962964 0.014361702127659574 0.03518518518518519
0 0.3670212765957447 0.4134259259259259 0.01276595744680851 0.030555555555555555
0 0.326063829787234 0.3990740740740741 0.010638297872340425 0.025925925925925925
0 0.34388297872340423 0.38796296296296295 0.007978723404255319 0.022222222222222223
0 0.39813829787234045 0.38101851851851853 0.006914893617021276 0.017592592592592594
0 0.46037234042553193 0.37777777777777777 0.006914893617021276 0.016666666666666666
0 0.5295212765957447 0.3763888888888889 0.005851063829787234 0.01574074074074074
0 0.6146276595744681 0.3773148148148148 0.005851063829787234 0.01574074074074074
0 0.7063829787234043 0.38055555555555554 0.006382978723404255 0.016666666666666666
4 0.37207446808510636 0.45740740740740743 0.022872340425531913 0.05
4 0.8212765957446808 0.38101851851851853 0.007446808510638298 0.017592592592592594
4 0.1901595744680851 0.42083333333333334 0.018617021276595744 0.03796296296296296
4 0.17340425531914894 0.4 0.01276595744680851 0.027777777777777776
4 0.2351063829787234 0.38425925925925924 0.009574468085106383 0.022222222222222223
4 0.31835106382978723 0.3763888888888889 0.007978723404255319 0.019444444444444445
4 0.4023936170212766 0.3736111111111111 0.0047872340425531915 0.017592592592592594
4 0.5010638297872341 0.37083333333333335 0.006382978723404255 0.01574074074074074
4 0.6098404255319149 0.37083333333333335 0.005851063829787234 0.01574074074074074
4 0.7236702127659574 0.375 0.006914893617021276 0.016666666666666666
1 0.8555851063829787 0.4393518518518518 0.022872340425531913 0.06388888888888888