0 0.41569148936170214 0.4236111111111111 0.014361702127659574 0.03611111111111111
0 0.44148936170212766 0.3990740740740741 0.009574468085106383 0.022222222222222223
0 0.34175531914893614 0.4930555555555556 0.03031914893617021 0.06574074074074074
0 0.4542553191489362 0.3861111111111111 0.006382978723404255 0.018518518518518517
0 0.46170212765957447 0.37916666666666665 0.005319148936170213 0.01574074074074074
0 0.4664893617021277 0.3726851851851852 0.00425531914893617 0.012037037037037037
0 0.47047872340425534 0.3685185185185185 0.003723404255319149 0.011111111111111112
4 0.6026595744680852 0.4199074074074074 0.013829787234042552 0.03425925925925926
4 0.5680851063829787 0.3976851851851852 0.009574468085106383 0.023148148148148147
4 0.6957446808510638 0.48703703703703705 0.030851063829787233 0.06666666666666667
4 0.5497340425531915 0.3851851851851852 0.005851063829787234 0.016666666666666666
4 0.538563829787234 0.37824074074074077 0.005851063829787234 0.013888888888888888
4 0.5305851063829787 0.37222222222222223 0.003723404255319149 0.011111111111111112
4 0.525 0.36898148148148147 0.0031914893617021275 0.010185185185185186
4 0.5215425531914893 0.3662037037037037 0.0026595744680851063 0.008333333333333333