0 0.3803191489361702 0.4648148148148148 0.014893617021276596 0.03333333333333333
0 0.2944148936170213 0.5421296296296296 0.03138297872340425 0.06574074074074074
0 0.35106382978723405 0.49074074074074076 0.02127659574468085 0.046296296296296294
0 0.39893617021276595 0.45092592592592595 0.011702127659574468 0.027777777777777776
0 0.41143617021276596 0.44074074074074077 0.009042553191489361 0.022222222222222223
0 0.17127659574468085 0.6407407407407407 0.05531914893617021 0.1111111111111111
0 0.4196808510638298 0.43425925925925923 0.007446808510638298 0.020370370370370372
0 0.42606382978723406 0.42824074074074076 0.006382978723404255 0.017592592592592594
0 0.4300531914893617 0.42314814814814816 0.0047872340425531915 0.016666666666666666
0 0.4343085106382979 0.42083333333333334 0.0047872340425531915 0.01574074074074074
0 0.4377659574468085 0.41805555555555557 0.00425531914893617 0.013888888888888888
4 0.6699468085106383 0.5347222222222222 0.03138297872340425 0.06759259259259259
4 0.6077127659574468 0.48564814814814816 0.019680851063829788 0.04537037037037037
4 0.5728723404255319 0.4601851851851852 0.014893617021276596 0.037037037037037035
4 0.7875 0.6287037037037037 0.054787234042553194 0.1111111111111111
4 0.5553191489361702 0.4462962962962963 0.011702127659574468 0.02962962962962963
4 0.5428191489361702 0.43842592592592594 0.010106382978723405 0.025
4 0.5321808510638298 0.43194444444444446 0.009042553191489361 0.021296296296296296
4 0.524468085106383 0.4273148148148148 0.00851063829787234 0.019444444444444445
4 0.5188829787234043 0.42314814814814816 0.006914893617021276 0.016666666666666666
4 0.513031914893617 0.4199074074074074 0.005851063829787234 0.01574074074074074
4 0.5095744680851064 0.41712962962962963 0.005319148936170213 0.013888888888888888