0 0.5315111420612814 0.5266304347826087 0.028203342618384402 0.10108695652173913
0 0.4110376044568245 0.38858695652173914 0.0100974930362117 0.04021739130434782
0 0.5205431754874652 0.41304347826086957 0.012534818941504178 0.05
4 0.8704735376044568 0.45054347826086955 0.019498607242339833 0.06195652173913044
4 0.7306754874651811 0.3858695652173913 0.008008356545961003 0.034782608695652174
0 0.12970055710306408 0.7717391304347826 0.03168523676880223 0.15217391304347827
4 0.7247562674094707 0.40869565217391307 0.013579387186629526 0.043478260869565216
4 0.5804317548746518 0.3847826086956522 0.010445682451253482 0.0391304347826087
0 0.8516713091922006 0.38206521739130433 0.008356545961002786 0.03152173913043478
4 0.46692200557103064 0.3423913043478261 0.005571030640668524 0.021739130434782608
0 0.3239902506963788 0.34293478260869564 0.004526462395543176 0.02282608695652174
4 0.8457520891364902 0.4016304347826087 0.010445682451253482 0.04021739130434782
4 0.5863509749303621 0.34619565217391307 0.004874651810584958 0.020652173913043477
4 0.4334958217270195 0.3576086956521739 0.006963788300835654 0.02826086956521739
4 0.5717270194986073 0.35108695652173916 0.005571030640668524 0.02391304347826087
0 0.6740947075208914 0.35434782608695653 0.005571030640668524 0.021739130434782608
4 0.4843314763231198 0.37228260869565216 0.009052924791086351 0.03369565217391304
4 0.5837395543175488 0.36141304347826086 0.005222841225626741 0.02717391304347826
4 0.47440807799442897 0.328804347826087 0.0031337047353760445 0.014130434782608696
0 0.40581476323119775 0.32717391304347826 0.00383008356545961 0.015217391304347827
0 0.6582520891364902 0.45815217391304347 0.016364902506963788 0.06630434782608696
0 0.3788300835654596 0.33804347826086956 0.004874651810584958 0.01956521739130435
4 0.49425487465181056 0.33695652173913043 0.00383008356545961 0.017391304347826087
4 0.5687674094707521 0.3342391304347826 0.0031337047353760445 0.014130434782608696
0 0.7581824512534819 0.3706521739130435 0.006615598885793872 0.02826086956521739
4 0.6431058495821727 0.3733695652173913 0.008356545961002786 0.03152173913043478
4 0.5029596100278552 0.32608695652173914 0.0031337047353760445 0.013043478260869565
4 0.4127785515320334 0.3190217391304348 0.0031337047353760445 0.014130434782608696
0 0.4207869080779944 0.3342391304347826 0.004526462395543176 0.01847826086956522
0 0.6824512534818942 0.34782608695652173 0.004178272980501393 0.01956521739130435
4 0.596100278551532 0.3407608695652174 0.004874651810584958 0.01847826086956522
0 0.32625348189415043 0.3684782608695652 0.008356545961002786 0.03260869565217391
4 0.44307103064066855 0.325 0.0031337047353760445 0.013043478260869565
0 0.362116991643454 0.3201086956521739 0.003481894150417827 0.011956521739130435
0 0.6657381615598886 0.3418478260869565 0.004874651810584958 0.016304347826086956
4 0.4879874651810585 0.3201086956521739 0.002437325905292479 0.011956521739130435
0 0.6868036211699164 0.3630434782608696 0.006615598885793872 0.02608695652173913
4 0.5379526462395543 0.3293478260869565 0.003481894150417827 0.013043478260869565
0 0.3058844011142061 0.3532608695652174 0.007311977715877437 0.02826086956521739
4 0.479108635097493 0.32282608695652176 0.002785515320334262 0.010869565217391304
4 0.42879526462395545 0.34945652173913044 0.005222841225626741 0.02282608695652174
4 0.42775069637883006 0.3157608695652174 0.002437325905292479 0.009782608695652175
0 0.3826601671309192 0.3233695652173913 0.003481894150417827 0.014130434782608696
0 0.42896935933147634 0.3309782608695652 0.003481894150417827 0.016304347826086956
4 0.4972144846796657 0.33369565217391306 0.003481894150417827 0.015217391304347827
4 0.4232242339832869 0.32282608695652176 0.0031337047353760445 0.013043478260869565
0 0.5264623955431755 0.3233695652173913 0.002785515320334262 0.011956521739130435