0 0.6932451253481894 0.5369415807560137 0.019498607242339833 0.01632302405498282
0 0.6363161559888579 0.5105240549828178 0.007311977715877437 0.01331615120274914
0 0.6115947075208914 0.5025773195876289 0.005919220055710306 0.010309278350515464
0 0.4813718662952646 0.5070876288659794 0.008704735376044569 0.014175257731958763
0 0.45229805013927576 0.5360824742268041 0.014623955431754874 0.02491408934707904
0 0.3043175487465181 0.522766323024055 0.018802228412256268 0.01632302405498282
0 0.27506963788300837 0.501073883161512 0.009749303621169917 0.015893470790378006
0 0.11646935933147633 0.5582044673539519 0.028203342618384402 0.04252577319587629
4 0.8178969359331476 0.5691580756013745 0.02924791086350975 0.02663230240549828
4 0.6932451253481894 0.5231958762886598 0.010445682451253482 0.01718213058419244
4 0.6319637883008357 0.5186855670103093 0.009749303621169917 0.01675257731958763
4 0.596100278551532 0.5057989690721649 0.006963788300835654 0.01245704467353952
4 0.47057799442896936 0.5221219931271478 0.012186629526462395 0.020189003436426118
4 0.3946727019498607 0.5541237113402062 0.028899721448467967 0.02491408934707904
4 0.31302228412256267 0.6003006872852233 0.04317548746518106 0.05798969072164949
4 0.28342618384401114 0.5401632302405498 0.018105849582172703 0.027920962199312716
4 0.3689066852367688 0.5092353951890034 0.0100974930362117 0.01675257731958763
4 0.15999303621169916 0.5167525773195877 0.016364902506963788 0.02491408934707904
2 0.790041782729805 0.5975085910652921 0.03064066852367688 0.03436426116838488