0 0.1751392757660167 0.3391304347826087 0.011838440111420613 0.043478260869565216
0 0.3850974930362117 0.33641304347826084 0.01532033426183844 0.057608695652173914
0 0.4639623955431755 0.36630434782608695 0.019846796657381614 0.07608695652173914
0 0.5071378830083565 0.4603260869565217 0.030292479108635098 0.11847826086956521
0 0.2879526462395543 0.33043478260869563 0.01532033426183844 0.04782608695652174
4 0.2402506963788301 0.30869565217391304 0.009749303621169917 0.034782608695652174
4 0.3777855153203343 0.29347826086956524 0.00766016713091922 0.03695652173913044
2 0.12778551532033428 0.30978260869565216 0.00766016713091922 0.030434782608695653
4 0.08600278551532034 0.3347826086956522 0.009052924791086351 0.034782608695652174
4 0.5167130919220055 0.29456521739130437 0.011142061281337047 0.04565217391304348
4 0.8694289693593314 0.4032608695652174 0.032729805013927575 0.1108695652173913
2 0.21204735376044567 0.28804347826086957 0.006267409470752089 0.02391304347826087
4 0.6641713091922006 0.3168478260869565 0.017061281337047353 0.0641304347826087
2 0.18924094707520892 0.3048913043478261 0.009401114206128134 0.03152173913043478
2 0.2722841225626741 0.28097826086956523 0.006267409470752089 0.025
0 0.3673398328690808 0.7625 0.03203342618384401 0.17065217391304346
3 0.06911559888579387 0.28641304347826085 0.0031337047353760445 0.014130434782608696
3 0.3408774373259053 0.2614130434782609 0.003481894150417827 0.01847826086956522
3 0.31145543175487467 0.2505434782608696 0.002437325905292479 0.014130434782608696
3 0.05971448467966574 0.2907608695652174 0.0031337047353760445 0.014130434782608696
3 0.17879526462395542 0.2668478260869565 0.002437325905292479 0.009782608695652175
3 0.24477715877437325 0.25815217391304346 0.002785515320334262 0.011956521739130435
3 0.21622562674094709 0.26521739130434785 0.002785515320334262 0.015217391304347827
3 0.2956128133704735 0.26032608695652176 0.003481894150417827 0.014130434782608696
3 0.2762883008356546 0.27010869565217394 0.0031337047353760445 0.01847826086956522
3 0.18506267409470753 0.266304347826087 0.0031337047353760445 0.013043478260869565
3 0.14171309192200557 0.2766304347826087 0.003481894150417827 0.011956521739130435
3 0.3553272980501393 0.2505434782608696 0.00383008356545961 0.016304347826086956
3 0.2684540389972145 0.2597826086956522 0.004178272980501393 0.015217391304347827
3 0.05309888579387187 0.28641304347826085 0.002437325905292479 0.011956521739130435
3 0.13422701949860724 0.275 0.0017409470752089136 0.010869565217391304
3 0.12917827298050139 0.27445652173913043 0.002785515320334262 0.011956521739130435
3 0.17270194986072424 0.26521739130434785 0.0020891364902506965 0.010869565217391304
3 0.1251740947075209 0.2717391304347826 0.002437325905292479 0.010869565217391304