0 0.4545612813370474 0.3239130434782609 0.01149025069637883 0.05217391304347826
0 0.42914345403899723 0.3092391304347826 0.010793871866295265 0.04673913043478261
4 0.7510445682451253 0.3032608695652174 0.017409470752089137 0.06304347826086956
0 0.39397632311977715 0.3016304347826087 0.0100974930362117 0.042391304347826085
0 0.3950208913649025 0.2554347826086957 0.005222841225626741 0.021739130434782608
4 0.8868384401114207 0.3532608695652174 0.025069637883008356 0.08478260869565217
0 0.46065459610027853 0.358695652173913 0.016016713091922007 0.06956521739130435
0 0.4449860724233983 0.24456521739130435 0.004874651810584958 0.021739130434782608
0 0.33791782729805014 0.26521739130434785 0.005919220055710306 0.02391304347826087
4 0.5988857938718662 0.2733695652173913 0.009052924791086351 0.04021739130434782
0 0.28934540389972147 0.2777173913043478 0.006267409470752089 0.025
4 0.4622214484679666 0.26902173913043476 0.008008356545961003 0.03369565217391304
4 0.5156685236768802 0.24130434782608695 0.004874651810584958 0.02391304347826087
0 0.4756267409470752 0.22717391304347825 0.003481894150417827 0.015217391304347827
4 0.541782729805014 0.2684782608695652 0.008356545961002786 0.034782608695652174
4 0.5461350974930362 0.23315217391304346 0.005222841225626741 0.02282608695652174
4 0.4395891364902507 0.25815217391304346 0.005919220055710306 0.025
0 0.48502785515320335 0.23206521739130434 0.004178272980501393 0.02282608695652174
4 0.817374651810585 0.1907608695652174 0.005222841225626741 0.016304347826086956
4 0.5442200557103064 0.21793478260869564 0.003481894150417827 0.016304347826086956
0 0.4897284122562674 0.23043478260869565 0.00383008356545961 0.017391304347826087
0 0.3386142061281337 0.29945652173913045 0.009401114206128134 0.035869565217391305
0 0.28064066852367686 0.29184782608695653 0.00766016713091922 0.03152173913043478
4 0.4216573816155989 0.26413043478260867 0.006267409470752089 0.02826086956521739
4 0.719533426183844 0.19402173913043477 0.00383008356545961 0.014130434782608696
4 0.6732242339832869 0.2826086956521739 0.01149025069637883 0.04782608695652174
0 0.46866295264623953 0.39891304347826084 0.02158774373259053 0.08695652173913043
0 0.46848885793871864 0.2391304347826087 0.005222841225626741 0.021739130434782608
0 0.7912604456824512 0.18695652173913044 0.0031337047353760445 0.013043478260869565
4 0.9352367688022284 0.18369565217391304 0.004874651810584958 0.017391304347826087
0 0.557799442896936 0.20978260869565218 0.002785515320334262 0.013043478260869565
4 0.5687674094707521 0.22554347826086957 0.00383008356545961 0.01847826086956522
0 0.7440807799442897 0.1891304347826087 0.003481894150417827 0.013043478260869565
4 0.6192548746518106 0.20326086956521738 0.0031337047353760445 0.013043478260869565
0 0.43819637883008355 0.5081521739130435 0.03238161559888579 0.13369565217391305
0 0.8603760445682451 0.1842391304347826 0.002785515320334262 0.014130434782608696
0 0.9233983286908078 0.18043478260869567 0.004178272980501393 0.015217391304347827
0 0.4963440111420613 0.22065217391304348 0.0031337047353760445 0.015217391304347827
4 0.8549791086350975 0.18967391304347825 0.00383008356545961 0.016304347826086956
0 0.6967270194986073 0.1934782608695652 0.002785515320334262 0.013043478260869565
4 0.6511142061281338 0.19945652173913042 0.002785515320334262 0.014130434782608696
0 0.8335654596100278 0.1858695652173913 0.003481894150417827 0.013043478260869565
4 0.754874651810585 0.19184782608695652 0.004178272980501393 0.014130434782608696
4 0.6934192200557103 0.19619565217391305 0.0031337047353760445 0.014130434782608696
0 0.6476323119777159 0.19782608695652174 0.002785515320334262 0.013043478260869565
4 0.7886490250696379 0.19130434782608696 0.003481894150417827 0.017391304347826087
0 0.8863161559888579 0.18315217391304348 0.00383008356545961 0.014130434782608696
0 0.6008008356545961 0.20326086956521738 0.002437325905292479 0.013043478260869565
4 0.5917479108635098 0.20706521739130435 0.0031337047353760445 0.014130434782608696
0 0.2181406685236769 0.7635869565217391 0.03168523676880223 0.16195652173913044
4 0.5668523676880223 0.21141304347826087 0.002785515320334262 0.014130434782608696
4 0.5525766016713092 0.21956521739130436 0.003481894150417827 0.015217391304347827
0 0.5214136490250696 0.2157608695652174 0.0031337047353760445 0.011956521739130435
4 0.5506615598885793 0.21467391304347827 0.0031337047353760445 0.014130434782608696