0 0.22632311977715877 0.6559278350515464 0.054317548746518104 0.0781786941580756
0 0.11194289693593315 0.5616408934707904 0.028203342618384402 0.033934707903780066
0 0.19237465181058497 0.5152491408934707 0.008704735376044569 0.014175257731958763
0 0.23276462395543177 0.5309278350515464 0.017061281337047353 0.013745704467353952
0 0.3689066852367688 0.5332903780068728 0.012186629526462395 0.02104810996563574
0 0.38457520891364905 0.5105240549828178 0.006615598885793872 0.01245704467353952
0 0.8870125348189415 0.5775343642611683 0.03238161559888579 0.044243986254295535
0 0.5678969359331476 0.5231958762886598 0.016016713091922007 0.01288659793814433
0 0.522458217270195 0.5062285223367697 0.006615598885793872 0.011597938144329897
0 0.501566852367688 0.5006443298969072 0.005919220055710306 0.00902061855670103
4 0.10323816155988857 0.5326460481099656 0.014972144846796657 0.022336769759450172
4 0.22632311977715877 0.5446735395189003 0.016016713091922007 0.023195876288659795
4 0.28342618384401114 0.5178264604810997 0.009749303621169917 0.015034364261168385
4 0.2921309192200557 0.5738831615120275 0.03064066852367688 0.040378006872852236
4 0.3283426183844011 0.5478951890034365 0.023676880222841225 0.019329896907216496
4 0.38004874651810583 0.522766323024055 0.010793871866295265 0.01718213058419244
4 0.655466573816156 0.5382302405498282 0.019846796657381614 0.019759450171821305
4 0.5703342618384402 0.5128865979381443 0.009052924791086351 0.014604810996563574
4 0.5186281337047354 0.5126718213058419 0.008008356545961003 0.015034364261168385
4 0.487116991643454 0.5038659793814433 0.006267409470752089 0.011168384879725086
2 0.6237813370473537 0.5549828178694158 0.02054317548746518 0.02491408934707904