2 0.8022284122562674 0.2722826086956522 0.013231197771587743 0.051086956521739134
2 0.8443593314763231 0.21630434782608696 0.00766016713091922 0.030434782608695653
2 0.7430362116991643 0.35 0.022284122562674095 0.08695652173913043
2 0.8617688022284122 0.19456521739130433 0.005571030640668524 0.021739130434782608
2 0.838091922005571 0.22445652173913044 0.008356545961002786 0.03369565217391304
2 0.5059192200557103 0.6630434782608695 0.05988857938718663 0.2217391304347826
2 0.942200557103064 0.18967391304347825 0.005571030640668524 0.02282608695652174
2 0.9484679665738162 0.19945652173913042 0.004874651810584958 0.02717391304347826
2 0.854108635097493 0.20434782608695654 0.006963788300835654 0.02391304347826087
2 0.8292130919220055 0.2375 0.009401114206128134 0.035869565217391305
2 0.8741295264623955 0.17771739130434783 0.0031337047353760445 0.014130434782608696
2 0.8706476323119777 0.1815217391304348 0.004526462395543176 0.017391304347826087
2 0.9352367688022284 0.1842391304347826 0.004874651810584958 0.01847826086956522
2 0.8668175487465181 0.1875 0.00383008356545961 0.020652173913043477
2 0.9317548746518106 0.17880434782608695 0.004178272980501393 0.016304347826086956
2 0.9282729805013927 0.17554347826086958 0.003481894150417827 0.016304347826086956
2 0.8769150417827298 0.17554347826086958 0.0031337047353760445 0.011956521739130435
2 0.8293871866295265 0.22554347826086957 0.008356545961002786 0.03369565217391304
2 0.8791782729805014 0.17119565217391305 0.002785515320334262 0.011956521739130435
2 0.8814415041782729 0.16793478260869565 0.002437325905292479 0.011956521739130435
2 0.9261838440111421 0.17228260869565218 0.002785515320334262 0.014130434782608696
2 0.9249651810584958 0.16956521739130434 0.0031337047353760445 0.013043478260869565
2 0.9223537604456824 0.16847826086956522 0.002785515320334262 0.010869565217391304
2 0.9204387186629527 0.16576086956521738 0.002437325905292479 0.011956521739130435