4 0.5477019498607242 0.46141304347826084 0.019498607242339833 0.07934782608695652
0 0.7540041782729805 0.39891304347826084 0.007311977715877437 0.02826086956521739
0 0.2802924791086351 0.35543478260869565 0.017409470752089137 0.05652173913043478
0 0.6498955431754875 0.3869565217391304 0.008008356545961003 0.030434782608695653
4 0.5828690807799443 0.5842391304347826 0.037604456824512536 0.14456521739130435
4 0.6020194986072424 0.42282608695652174 0.013927576601671309 0.05217391304347826
0 0.5376044568245125 0.375 0.009052924791086351 0.034782608695652174
4 0.7930013927576601 0.43369565217391304 0.010793871866295265 0.03695652173913044
0 0.07103064066852367 0.3804347826086957 0.029944289693593314 0.08695652173913043
0 0.8676880222841226 0.4125 0.008356545961002786 0.02717391304347826
4 0.685933147632312 0.42282608695652174 0.011838440111420613 0.041304347826086954
4 0.9265320334261838 0.4543478260869565 0.009749303621169917 0.034782608695652174
0 0.4193941504178273 0.3625 0.01288300835654596 0.042391304347826085
1 0.31598189415041783 0.25271739130434784 0.005222841225626741 0.02717391304347826
1 0.3098885793871866 0.2505434782608696 0.004874651810584958 0.02717391304347826
1 0.29735376044568246 0.24782608695652175 0.004874651810584958 0.02608695652173913