2 0.33404255319148934 0.5027777777777778 0.02553191489361702 0.05740740740740741
2 0.7401595744680851 0.562037037037037 0.040957446808510635 0.08518518518518518
2 0.6526595744680851 0.49907407407407406 0.02446808510638298 0.05555555555555555
2 0.6106382978723405 0.4638888888888889 0.01702127659574468 0.040740740740740744
2 0.3718085106382979 0.4666666666666667 0.018085106382978722 0.04259259259259259
2 0.5888297872340426 0.4449074074074074 0.014893617021276596 0.03425925925925926
2 0.26090425531914896 0.5708333333333333 0.038829787234042554 0.08425925925925926
2 0.5680851063829787 0.43148148148148147 0.011702127659574468 0.02962962962962963
2 0.39441489361702126 0.44722222222222224 0.014361702127659574 0.03333333333333333
2 0.5545212765957447 0.4212962962962963 0.009042553191489361 0.024074074074074074
2 0.4194148936170213 0.42268518518518516 0.009042553191489361 0.023148148148148147
2 0.40877659574468084 0.43148148148148147 0.011170212765957447 0.027777777777777776
2 0.42367021276595745 0.41574074074074074 0.005851063829787234 0.020370370370370372
2 0.4300531914893617 0.4074074074074074 0.007978723404255319 0.018518518518518517
2 0.43617021276595747 0.4023148148148148 0.006382978723404255 0.017592592592592594
2 0.5329787234042553 0.4027777777777778 0.006382978723404255 0.018518518518518517
2 0.5375 0.4078703703703704 0.006914893617021276 0.019444444444444445
2 0.5438829787234043 0.4152777777777778 0.007978723404255319 0.021296296296296296
1 0.46143617021276595 0.3925925925925926 0.007978723404255319 0.025925925925925925
1 0.502127659574468 0.3925925925925926 0.007446808510638298 0.025925925925925925
1 0.48164893617021276 0.3925925925925926 0.006914893617021276 0.025925925925925925
1 0.43936170212765957 0.3925925925925926 0.007446808510638298 0.025925925925925925
1 0.5247340425531914 0.3925925925925926 0.006914893617021276 0.025925925925925925