0 0.13649025069637882 0.5912800687285223 0.02437325905292479 0.0313573883161512
0 0.2775069637883008 0.6804123711340206 0.05362116991643454 0.07560137457044673
0 0.47040389972144847 0.5625 0.014623955431754874 0.02190721649484536
0 0.4777158774373259 0.5474656357388317 0.010445682451253482 0.015034364261168385
0 0.5104456824512534 0.5382302405498282 0.006963788300835654 0.012027491408934709
0 0.5539693593314763 0.5330756013745704 0.00766016713091922 0.010309278350515464
0 0.5638927576601671 0.5728092783505154 0.01915041782729805 0.027920962199312716
0 0.6331824512534819 0.5298539518900344 0.006615598885793872 0.009879725085910653
0 0.7005571030640668 0.5274914089347079 0.00766016713091922 0.010309278350515464
0 0.7560933147632312 0.5281357388316151 0.007311977715877437 0.009879725085910653
0 0.7169220055710307 0.614905498281787 0.034122562674094706 0.05025773195876289
0 0.7722841225626741 0.555627147766323 0.014623955431754874 0.02276632302405498
0 0.8037952646239555 0.5292096219931272 0.007311977715877437 0.012027491408934709
0 0.862291086350975 0.5313573883161512 0.008704735376044569 0.013745704467353952
4 0.21187325905292478 0.5687285223367697 0.016364902506963788 0.022336769759450172
4 0.37848189415041783 0.553479381443299 0.011142061281337047 0.01675257731958763
4 0.5739902506963789 0.5433848797250859 0.01149025069637883 0.01632302405498282
4 0.6044568245125348 0.5777491408934707 0.02158774373259053 0.030927835051546393
4 0.762708913649025 0.5459621993127147 0.01288300835654596 0.018900343642611683
2 0.2700208913649025 0.5889175257731959 0.02054317548746518 0.03264604810996564
2 0.3696030640668524 0.5584192439862543 0.012186629526462395 0.019759450171821305
2 0.5412604456824512 0.5468213058419243 0.01149025069637883 0.01718213058419244
2 0.6580779944289693 0.5431701030927835 0.011142061281337047 0.015893470790378006
2 0.6660863509749304 0.8101374570446735 0.09749303621169916 0.14690721649484537
2 0.9139972144846796 0.6101804123711341 0.04456824512534819 0.05197594501718213
2 0.7557451253481894 0.5713058419243986 0.021239554317548745 0.030927835051546393