0 0.3104108635097493 0.3521739130434783 0.015668523676880222 0.06304347826086956
0 0.8838788300835655 0.3907608695652174 0.008704735376044569 0.03369565217391304
4 0.6894150417827298 0.3809782608695652 0.011838440111420613 0.04673913043478261
0 0.3709958217270195 0.3059782608695652 0.007311977715877437 0.03804347826086957
0 0.15477019498607242 0.3695652173913043 0.024721448467966575 0.08260869565217391
1 0.283600278551532 0.33695652173913043 0.02681058495821727 0.10869565217391304
4 0.9301880222841226 0.4201086956521739 0.012186629526462395 0.04456521739130435
4 0.23311281337047354 0.24782608695652175 0.006615598885793872 0.02608695652173913
4 0.42113509749303624 0.29130434782608694 0.007311977715877437 0.030434782608695653
0 0.2698467966573816 0.2668478260869565 0.006963788300835654 0.029347826086956522
0 0.6086350974930362 0.34456521739130436 0.008356545961002786 0.03695652173913044
0 0.0905292479108635 0.23641304347826086 0.00766016713091922 0.029347826086956522
4 0.799616991643454 0.39402173913043476 0.010793871866295265 0.04456521739130435
4 0.10759052924791086 0.22880434782608697 0.006267409470752089 0.02717391304347826
4 0.4885097493036212 0.31630434782608696 0.008356545961002786 0.034782608695652174
0 0.19220055710306408 0.2516304347826087 0.006963788300835654 0.029347826086956522
1 0.32903899721448465 0.3293478260869565 0.02437325905292479 0.09782608695652174
2 0.6401462395543176 0.3222826086956522 0.005919220055710306 0.025
4 0.592966573816156 0.38315217391304346 0.013231197771587743 0.057608695652173914
1 0.5275069637883009 0.3847826086956522 0.02158774373259053 0.11304347826086956
2 0.5135793871866295 0.3114130434782609 0.006963788300835654 0.03152173913043478
4 0.4674442896935933 0.5043478260869565 0.02681058495821727 0.12173913043478261
2 0.5537952646239555 0.3032608695652174 0.005222841225626741 0.02391304347826087
0 0.7345055710306406 0.36141304347826086 0.008008356545961003 0.035869565217391305
0 0.3751740947075209 0.3282608695652174 0.01149025069637883 0.04782608695652174
4 0.6095055710306406 0.7902173913043479 0.023328690807799445 0.11521739130434783
2 0.5799094707520891 0.29782608695652174 0.004526462395543176 0.01956521739130435
2 0.5987116991643454 0.29347826086956524 0.00383008356545961 0.017391304347826087
2 0.6519846796657381 0.3130434782608696 0.004526462395543176 0.021739130434782608
4 0.3311281337047354 0.2668478260869565 0.004178272980501393 0.02717391304347826
2 0.6209958217270195 0.3347826086956522 0.007311977715877437 0.03260869565217391
2 0.6194289693593314 0.29782608695652174 0.003481894150417827 0.017391304347826087
4 0.5147980501392758 0.4108695652173913 0.010793871866295265 0.07173913043478261
1 0.5024373259052924 0.4016304347826087 0.027855153203342618 0.13369565217391305
3 0.7606197771587744 0.31630434782608696 0.0017409470752089136 0.010869565217391304
0 0.3346100278551532 0.2847826086956522 0.004178272980501393 0.034782608695652174
3 0.9434192200557103 0.3581521739130435 0.002437325905292479 0.014130434782608696
3 0.8586350974930362 0.33641304347826084 0.0020891364902506965 0.011956521739130435
3 0.8563718662952646 0.3391304347826087 0.002437325905292479 0.013043478260869565
3 0.7768105849582173 0.32119565217391305 0.002785515320334262 0.014130434782608696
3 0.7150069637883009 0.3108695652173913 0.002437325905292479 0.013043478260869565
3 0.6821030640668524 0.3016304347826087 0.0020891364902506965 0.011956521739130435
3 0.6725278551532033 0.3059782608695652 0.002437325905292479 0.014130434782608696
2 0.6594707520891365 0.3059782608695652 0.003481894150417827 0.01847826086956522
2 0.6411908077994429 0.3027173913043478 0.0031337047353760445 0.01847826086956522
3 0.6230849582172702 0.2951086956521739 0.0017409470752089136 0.011956521739130435