0 0.28098885793871864 0.5684782608695652 0.028551532033426183 0.11521739130434783
0 0.30936629526462395 0.4326086956521739 0.01149025069637883 0.04565217391304348
0 0.3464484679665738 0.4125 0.008356545961002786 0.035869565217391305
0 0.2876044568245125 0.46467391304347827 0.016713091922005572 0.06630434782608696
4 0.4698816155988858 0.4206521739130435 0.01149025069637883 0.043478260869565216
4 0.25 0.38913043478260867 0.004874651810584958 0.017391304347826087
4 0.4792827298050139 0.40108695652173915 0.008008356545961003 0.034782608695652174
4 0.6573816155988857 0.5478260869565217 0.027855153203342618 0.10434782608695652
4 0.5329038997214485 0.3635869565217391 0.00383008356545961 0.016304347826086956
4 0.3986768802228412 0.3804347826086957 0.004178272980501393 0.017391304347826087
0 0.3840529247910863 0.40108695652173915 0.00766016713091922 0.02826086956521739
4 0.5889623955431755 0.36141304347826086 0.004526462395543176 0.016304347826086956
0 0.3816155988857939 0.3847826086956522 0.003481894150417827 0.01956521739130435
0 0.29874651810584957 0.3918478260869565 0.005571030640668524 0.020652173913043477
4 0.469533426183844 0.37119565217391304 0.00383008356545961 0.016304347826086956
4 0.5269846796657381 0.4608695652173913 0.014972144846796657 0.06086956521739131
0 0.5689415041782729 0.3690217391304348 0.005571030640668524 0.020652173913043477
4 0.6566852367688022 0.3744565217391304 0.004874651810584958 0.02282608695652174
0 0.22684540389972144 0.39293478260869563 0.005222841225626741 0.01847826086956522
4 0.5492688022284122 0.3869565217391304 0.007311977715877437 0.02826086956521739
0 0.45003481894150416 0.38804347826086955 0.005919220055710306 0.02391304347826087
0 0.5205431754874652 0.3760869565217391 0.005571030640668524 0.02391304347826087
0 0.5083565459610028 0.3701086956521739 0.004178272980501393 0.01847826086956522
0 0.5525766016713092 0.36684782608695654 0.004178272980501393 0.01847826086956522
4 0.32172701949860727 0.3869565217391304 0.004178272980501393 0.017391304347826087
4 0.6361420612813371 0.36467391304347824 0.004874651810584958 0.01847826086956522
4 0.18976323119777158 0.3875 0.005571030640668524 0.016304347826086956
4 0.6055013927576601 0.3798913043478261 0.006267409470752089 0.025
4 0.658774373259053 0.3695652173913043 0.003481894150417827 0.01956521739130435
0 0.4475974930362117 0.3782608695652174 0.0031337047353760445 0.01956521739130435
0 0.149025069637883 0.3918478260869565 0.004178272980501393 0.020652173913043477
0 0.08983286908077995 0.391304347826087 0.004178272980501393 0.017391304347826087
4 0.1269150417827298 0.38532608695652176 0.00383008356545961 0.016304347826086956
4 0.05396935933147632 0.38858695652173914 0.004178272980501393 0.01847826086956522