0 0.314066852367688 0.4993556701030928 0.006963788300835654 0.009879725085910653
0 0.2926532033426184 0.5109536082474226 0.0100974930362117 0.015034364261168385
0 0.2888231197771588 0.5027920962199313 0.006615598885793872 0.01245704467353952
0 0.11420612813370473 0.5521907216494846 0.023676880222841225 0.03565292096219931
0 0.34975626740947074 0.5240549828178694 0.012186629526462395 0.019759450171821305
0 0.3793523676880223 0.49849656357388317 0.004526462395543176 0.00816151202749141
0 0.4399373259052925 0.4991408934707904 0.005919220055710306 0.00859106529209622
0 0.4899025069637883 0.5015034364261168 0.005571030640668524 0.00902061855670103
0 0.47841225626740946 0.5322164948453608 0.01532033426183844 0.022336769759450172
0 0.5341225626740947 0.5045103092783505 0.005571030640668524 0.00902061855670103
0 0.5830431754874652 0.522766323024055 0.010793871866295265 0.01632302405498282
0 0.5851323119777159 0.507946735395189 0.006615598885793872 0.009879725085910653
0 0.5748607242339833 0.5947164948453608 0.035515320334261836 0.04939862542955326
0 0.6751392757660167 0.5536941580756014 0.02158774373259053 0.029209621993127148
0 0.7752437325905293 0.522766323024055 0.007311977715877437 0.014604810996563574
0 0.9387186629526463 0.5498281786941581 0.017409470752089137 0.023195876288659795
0 0.9030292479108635 0.5771048109965635 0.030988857938718663 0.03823024054982818
4 0.20525766016713093 0.5141752577319587 0.01149025069637883 0.01718213058419244
4 0.07085654596100278 0.5285652920962199 0.01915041782729805 0.02534364261168385
4 0.38178969359331477 0.5096649484536082 0.009401114206128134 0.014175257731958763
4 0.5235027855153204 0.5354381443298969 0.015668523676880222 0.023625429553264604
4 0.5480501392757661 0.5161082474226805 0.009749303621169917 0.015034364261168385
4 0.6857590529247911 0.521692439862543 0.01149025069637883 0.015893470790378006
4 0.7689763231197771 0.5272766323024055 0.01149025069637883 0.01675257731958763
4 0.7750696378830083 0.6709621993127147 0.0584958217270195 0.08676975945017182
2 0.22301532033426183 0.5189003436426117 0.012186629526462395 0.018900343642611683
2 0.10967966573816156 0.6275773195876289 0.056406685236768804 0.070446735395189
2 0.2679317548746518 0.5463917525773195 0.021239554317548745 0.030927835051546393
2 0.3610724233983287 0.5115979381443299 0.009052924791086351 0.014604810996563574
2 0.45473537604456826 0.5113831615120275 0.008356545961002786 0.01331615120274914
2 0.612291086350975 0.5322164948453608 0.014275766016713091 0.02147766323024055
2 0.7604456824512534 0.5491838487972509 0.019498607242339833 0.02620274914089347
2 0.8511490250696379 0.6037371134020618 0.03447075208913649 0.05025773195876289