0 0.2439066852367688 0.7407608695652174 0.05814763231197772 0.2076086956521739
4 0.6720055710306406 0.5130434782608696 0.023676880222841225 0.08695652173913043
0 0.10027855153203342 0.4668478260869565 0.016713091922005572 0.06195652173913044
4 0.8163300835654597 0.6923913043478261 0.05118384401114206 0.1673913043478261
0 0.38091922005571033 0.5233695652173913 0.02437325905292479 0.0967391304347826
4 0.600974930362117 0.4483695652173913 0.018105849582172703 0.059782608695652176
4 0.4777158774373259 0.41032608695652173 0.011838440111420613 0.04456521739130435
4 0.3447075208913649 0.40869565217391307 0.010445682451253482 0.041304347826086954
0 0.29352367688022285 0.44021739130434784 0.01532033426183844 0.05652173913043478
4 0.1791434540389972 0.425 0.01149025069637883 0.043478260869565216
0 0.39136490250696376 0.4625 0.014623955431754874 0.06847826086956521