4 0.3422701949860724 0.45271739130434785 0.017409470752089137 0.059782608695652176
0 0.06981197771587744 0.47445652173913044 0.017061281337047353 0.06195652173913044
0 0.2358983286908078 0.4125 0.0100974930362117 0.035869565217391305
4 0.8274721448467967 0.4043478260869565 0.0100974930362117 0.034782608695652174
0 0.3271239554317549 0.3923913043478261 0.007311977715877437 0.02826086956521739
0 0.09296657381615599 0.4076086956521739 0.006963788300835654 0.02608695652173913
0 0.9277506963788301 0.38913043478260867 0.010793871866295265 0.030434782608695653
0 0.6887186629526463 0.3673913043478261 0.005571030640668524 0.01956521739130435
0 0.1387534818941504 0.39402173913043476 0.006615598885793872 0.02717391304347826
0 0.766016713091922 0.3684782608695652 0.006963788300835654 0.021739130434782608
0 0.8567200557103064 0.3766304347826087 0.007311977715877437 0.025
0 0.4025069637883008 0.38315217391304346 0.006267409470752089 0.025
4 0.5976671309192201 0.3804347826086957 0.007311977715877437 0.02608695652173913
4 0.6190807799442897 0.6282608695652174 0.018105849582172703 0.11956521739130435
0 0.1549442896935933 0.4385869565217391 0.011838440111420613 0.04456521739130435
4 0.8899721448467967 0.4255434782608696 0.013927576601671309 0.04456521739130435
0 0.5483983286908078 0.3706521739130435 0.005571030640668524 0.02391304347826087
4 0.7075208913649025 0.3760869565217391 0.006267409470752089 0.02608695652173913
4 0.06789693593314763 0.39891304347826084 0.004874651810584958 0.01956521739130435
4 0.7860376044568245 0.3875 0.008008356545961003 0.029347826086956522
0 0.620125348189415 0.3684782608695652 0.005571030640668524 0.01956521739130435
4 0.318941504178273 0.4255434782608696 0.013231197771587743 0.04456521739130435
0 0.1674791086350975 0.38804347826086955 0.004874651810584958 0.01956521739130435
4 0.37952646239554316 0.4048913043478261 0.009052924791086351 0.035869565217391305
0 0.05797353760445682 0.5380434782608695 0.018454038997214484 0.09347826086956522
0 0.08426183844011143 0.3858695652173913 0.004874651810584958 0.017391304347826087
2 0.9488161559888579 0.34619565217391307 0.004178272980501393 0.016304347826086956
4 0.43419220055710306 0.5190217391304348 0.026462395543175487 0.09021739130434783
4 0.4820682451253482 0.38913043478260867 0.006615598885793872 0.030434782608695653
2 0.2938718662952646 0.35978260869565215 0.004178272980501393 0.010869565217391304
2 0.1671309192200557 0.36467391304347824 0.003481894150417827 0.009782608695652175
2 0.1411908077994429 0.36793478260869567 0.00383008356545961 0.011956521739130435
2 0.11803621169916434 0.3690217391304348 0.0020891364902506965 0.011956521739130435
2 0.12169220055710306 0.3635869565217391 0.0031337047353760445 0.009782608695652175
2 0.09139972144846796 0.37119565217391304 0.002437325905292479 0.011956521739130435
2 0.08896239554317549 0.3701086956521739 0.002437325905292479 0.011956521739130435
2 0.06180362116991643 0.3739130434782609 0.0031337047353760445 0.013043478260869565
2 0.05884401114206128 0.37228260869565216 0.002785515320334262 0.014130434782608696
2 0.11559888579387187 0.36793478260869567 0.0020891364902506965 0.011956521739130435