4 0.1673050139275766 0.5820652173913043 0.05536211699164345 0.19021739130434784
4 0.7945682451253482 0.2728260869565217 0.002785515320334262 0.010869565217391304
4 0.8932799442896936 0.2907608695652174 0.0031337047353760445 0.011956521739130435
0 0.942200557103064 0.3016304347826087 0.002785515320334262 0.011956521739130435
4 0.6789693593314763 0.2516304347826087 0.0020891364902506965 0.009782608695652175
4 0.950208913649025 0.3010869565217391 0.0020891364902506965 0.013043478260869565
4 0.8408774373259053 0.28152173913043477 0.002785515320334262 0.010869565217391304
4 0.7527855153203342 0.26521739130434785 0.002785515320334262 0.010869565217391304
4 0.7141364902506964 0.25815217391304346 0.002785515320334262 0.009782608695652175
4 0.6469359331476323 0.24565217391304348 0.0020891364902506965 0.008695652173913044
4 0.6166434540389972 0.2407608695652174 0.0020891364902506965 0.007608695652173913
0 0.8805710306406686 0.2907608695652174 0.002785515320334262 0.011956521739130435
0 0.8266016713091922 0.28097826086956523 0.002785515320334262 0.011956521739130435
0 0.7782033426183844 0.2717391304347826 0.002785515320334262 0.010869565217391304
0 0.733983286908078 0.26358695652173914 0.002785515320334262 0.009782608695652175
0 0.6941155988857939 0.2559782608695652 0.002437325905292479 0.009782608695652175
0 0.6575557103064067 0.24945652173913044 0.002437325905292479 0.009782608695652175
0 0.6241295264623955 0.2440217391304348 0.002437325905292479 0.009782608695652175
0 0.5927924791086351 0.23804347826086958 0.0017409470752089136 0.006521739130434782
1 0.5901810584958217 0.23532608695652174 0.001392757660167131 0.011956521739130435
1 0.5954038997214485 0.23641304347826086 0.0020891364902506965 0.011956521739130435
1 0.6140320334261838 0.23858695652173914 0.0017409470752089136 0.009782608695652175
1 0.6192548746518106 0.2391304347826087 0.0017409470752089136 0.010869565217391304