0 0.4343085106382979 0.5621621621621622 0.005851063829787234 0.010810810810810811
0 0.4297872340425532 0.5648648648648649 0.005319148936170213 0.012162162162162163
0 0.4252659574468085 0.5611486486486487 0.0047872340425531915 0.010135135135135136
0 0.425531914893617 0.5695945945945946 0.006382978723404255 0.012162162162162163
0 0.41702127659574467 0.5733108108108108 0.007446808510638298 0.015540540540540541
0 0.4077127659574468 0.5800675675675676 0.010106382978723405 0.018243243243243244
0 0.3952127659574468 0.5902027027027027 0.01276595744680851 0.0222972972972973
0 0.373936170212766 0.6057432432432432 0.01702127659574468 0.029054054054054056
0 0.32632978723404255 0.6361486486486486 0.027127659574468086 0.04391891891891892
0 0.20079787234042554 0.7202702702702702 0.05585106382978723 0.08378378378378379
0 0.11303191489361702 0.5773648648648648 0.006914893617021276 0.01418918918918919
0 0.09787234042553192 0.5797297297297297 0.007446808510638298 0.014864864864864866
0 0.1295212765957447 0.581081081081081 0.007978723404255319 0.014864864864864866
0 0.14202127659574468 0.5918918918918918 0.011702127659574468 0.021621621621621623
0 0.15053191489361703 0.5743243243243243 0.006382978723404255 0.012162162162162163
0 0.16781914893617023 0.5837837837837838 0.011170212765957447 0.01756756756756757
0 0.23643617021276594 0.5689189189189189 0.005851063829787234 0.012162162162162163
0 0.31329787234042555 0.5641891891891891 0.006382978723404255 0.010810810810810811
0 0.3784574468085106 0.5621621621621622 0.0047872340425531915 0.00945945945945946
0 0.4026595744680851 0.5614864864864865 0.005319148936170213 0.00945945945945946
4 0.7949468085106383 0.7206081081081082 0.05797872340425532 0.08716216216216216
4 0.6449468085106383 0.6364864864864865 0.03031914893617021 0.0445945945945946
4 0.5912234042553192 0.6050675675675675 0.019680851063829788 0.03175675675675676
4 0.5656914893617021 0.5891891891891892 0.015425531914893617 0.021621621621621623
4 0.5430851063829787 0.5783783783783784 0.010638297872340425 0.01756756756756757
4 0.5311170212765958 0.5719594594594595 0.007978723404255319 0.01418918918918919
4 0.5255319148936171 0.5675675675675675 0.006382978723404255 0.012162162162162163
4 0.5204787234042553 0.5645270270270271 0.0047872340425531915 0.010135135135135136
4 0.5156914893617022 0.5618243243243243 0.0047872340425531915 0.008783783783783784
4 0.5058510638297873 0.5604729729729729 0.005319148936170213 0.008783783783783784
4 0.4747340425531915 0.5601351351351351 0.0047872340425531915 0.008108108108108109
4 0.44707446808510637 0.5601351351351351 0.0047872340425531915 0.008108108108108109
4 0.11569148936170212 0.5736486486486486 0.005851063829787234 0.012162162162162163
4 0.20079787234042554 0.5689189189189189 0.005851063829787234 0.010810810810810811
4 0.275531914893617 0.5648648648648649 0.005319148936170213 0.00945945945945946
4 0.3396276595744681 0.5614864864864865 0.0047872340425531915 0.008108108108108109
4 0.3702127659574468 0.5604729729729729 0.00425531914893617 0.008783783783783784
4 0.4074468085106383 0.5597972972972973 0.00425531914893617 0.008783783783783784