0 0.8319148936170213 0.6324324324324324 0.02127659574468085 0.03513513513513514
0 0.6531914893617021 0.6347972972972973 0.02446808510638298 0.04256756756756757
0 0.45930851063829786 0.6543918918918918 0.03563829787234043 0.057432432432432436
0 0.10292553191489362 0.7820945945945946 0.056914893617021275 0.1222972972972973
0 0.4473404255319149 0.5733108108108108 0.011702127659574468 0.019594594594594596
0 0.3446808510638298 0.5597972972972973 0.010638297872340425 0.016891891891891893
0 0.6510638297872341 0.5942567567567567 0.01276595744680851 0.0222972972972973
0 0.8220744680851064 0.6010135135135135 0.013297872340425532 0.0222972972972973
0 0.9212765957446809 0.5993243243243244 0.007446808510638298 0.02027027027027027
0 0.7555851063829787 0.5635135135135135 0.0047872340425531915 0.008108108108108109
0 0.3021276595744681 0.5530405405405405 0.00851063829787234 0.015540540540540541
4 0.7377659574468085 0.5773648648648648 0.010638297872340425 0.015540540540540541
4 0.5537234042553192 0.5712837837837837 0.009574468085106383 0.016891891891891893
4 0.5957446808510638 0.5756756756756757 0.010638297872340425 0.01756756756756757
4 0.49707446808510636 0.5655405405405406 0.010106382978723405 0.016216216216216217
4 0.43031914893617024 0.5537162162162163 0.005319148936170213 0.010135135135135136
4 0.8627659574468085 0.5743243243243243 0.007446808510638298 0.014864864864864866
4 0.46382978723404256 0.5608108108108109 0.00851063829787234 0.013513513513513514
4 0.8976063829787234 0.5804054054054054 0.009042553191489361 0.014864864864864866
4 0.8829787234042553 0.5739864864864865 0.007446808510638298 0.010135135135135136
4 0.825531914893617 0.5777027027027027 0.010638297872340425 0.014864864864864866
4 0.7404255319148936 0.5631756756756757 0.005319148936170213 0.008783783783783784
4 0.6478723404255319 0.5790540540540541 0.00851063829787234 0.01756756756756757
4 0.42101063829787233 0.552027027027027 0.005851063829787234 0.012162162162162163
4 0.4103723404255319 0.5493243243243243 0.005851063829787234 0.010810810810810811
4 0.4021276595744681 0.5466216216216216 0.006382978723404255 0.010810810810810811