0 0.6436281337047354 0.6602233676975945 0.05954038997214485 0.0859106529209622
0 0.8939763231197771 0.5311426116838488 0.012186629526462395 0.02276632302405498
0 0.5759052924791086 0.5369415807560137 0.016016713091922007 0.02577319587628866
0 0.6251740947075209 0.5073024054982818 0.008008356545961003 0.01288659793814433
0 0.5644150417827298 0.5036512027491409 0.00766016713091922 0.01245704467353952
0 0.5139275766016713 0.501073883161512 0.006267409470752089 0.010738831615120275
0 0.45508356545961004 0.4991408934707904 0.005571030640668524 0.010309278350515464
0 0.3824860724233983 0.5 0.006615598885793872 0.010309278350515464
0 0.2931754874651811 0.5025773195876289 0.00766016713091922 0.012027491408934709
0 0.24042479108635098 0.5083762886597938 0.009401114206128134 0.015034364261168385
0 0.19899025069637882 0.521692439862543 0.013579387186629526 0.020189003436426118
0 0.18854456824512536 0.5466065292096219 0.01915041782729805 0.03049828178694158
0 0.33269498607242337 0.5670103092783505 0.026114206128133706 0.041237113402061855
4 0.8856197771587744 0.5433848797250859 0.024721448467966575 0.03006872852233677
4 0.7475626740947076 0.530713058419244 0.016713091922005572 0.024484536082474227
4 0.5463091922005571 0.5229810996563574 0.012534818941504178 0.020189003436426118
4 0.32346796657381616 0.5167525773195877 0.011142061281337047 0.019759450171821305
4 0.3957172701949861 0.5756013745704467 0.03168523676880223 0.04639175257731959
2 0.2839484679665738 0.521692439862543 0.014972144846796657 0.02104810996563574
2 0.4244428969359331 0.5180412371134021 0.011142061281337047 0.01804123711340206
2 0.5886142061281338 0.5625 0.023328690807799445 0.0390893470790378
2 0.8833565459610028 0.6325171821305842 0.052924791086350974 0.07345360824742268