0 0.11861702127659575 0.6662162162162162 0.03829787234042553 0.05540540540540541
0 0.2154255319148936 0.6135135135135135 0.02021276595744681 0.032432432432432434
0 0.2428191489361702 0.5935810810810811 0.014361702127659574 0.02364864864864865
0 0.20292553191489363 0.5844594594594594 0.013297872340425532 0.02027027027027027
0 0.11675531914893617 0.581418918918919 0.011170212765957447 0.018243243243243244
0 0.21063829787234042 0.5591216216216216 0.006382978723404255 0.010135135135135136
0 0.21515957446808512 0.5581081081081081 0.003723404255319149 0.008108108108108109
0 0.21835106382978722 0.5577702702702703 0.0026595744680851063 0.007432432432432433
0 0.22287234042553192 0.5560810810810811 0.00425531914893617 0.006756756756756757
4 0.813031914893617 0.7739864864864865 0.08563829787234042 0.11418918918918919
4 0.5662234042553191 0.6516891891891892 0.03563829787234043 0.05202702702702703
4 0.4518617021276596 0.6033783783783784 0.019680851063829788 0.031081081081081083
4 0.4295212765957447 0.5858108108108108 0.013297872340425532 0.022972972972972974
4 0.3606382978723404 0.5753378378378379 0.010638297872340425 0.018243243243243244
4 0.3071808510638298 0.5722972972972973 0.010106382978723405 0.016216216216216217
4 0.22579787234042553 0.5716216216216217 0.011170212765957447 0.016216216216216217
4 0.12127659574468085 0.5527027027027027 0.006382978723404255 0.010810810810810811
4 0.11914893617021277 0.572972972972973 0.007446808510638298 0.014864864864864866
4 0.13138297872340426 0.5597972972972973 0.005319148936170213 0.008783783783783784
4 0.13856382978723406 0.5608108108108109 0.005851063829787234 0.00945945945945946
4 0.14840425531914894 0.5594594594594594 0.005319148936170213 0.00945945945945946
4 0.15691489361702127 0.558445945945946 0.00425531914893617 0.008783783783783784
4 0.16329787234042553 0.5574324324324325 0.00425531914893617 0.008108108108108109