0 0.717966573816156 0.4315217391304348 0.031337047353760444 0.11521739130434783
0 0.375 0.5956521739130435 0.05153203342618384 0.18043478260869567
4 0.916782729805014 0.20923913043478262 0.004178272980501393 0.016304347826086956
0 0.8871866295264624 0.19293478260869565 0.002785515320334262 0.011956521739130435
4 0.9435933147632312 0.18695652173913044 0.002785515320334262 0.010869565217391304
0 0.85741643454039 0.1967391304347826 0.002437325905292479 0.010869565217391304
4 0.9178272980501393 0.18967391304347825 0.002785515320334262 0.011956521739130435
4 0.8570682451253482 0.21141304347826087 0.0031337047353760445 0.014130434782608696
4 0.9032033426183844 0.20543478260869566 0.003481894150417827 0.015217391304347827
0 0.9296657381615598 0.19130434782608696 0.002785515320334262 0.013043478260869565
4 0.5600626740947076 0.23423913043478262 0.0031337047353760445 0.014130434782608696
4 0.9381963788300836 0.1793478260869565 0.0017409470752089136 0.008695652173913044
4 0.5647632311977716 0.23097826086956522 0.002785515320334262 0.014130434782608696
4 0.8929317548746518 0.1907608695652174 0.002437325905292479 0.011956521739130435
0 0.9026810584958217 0.20054347826086957 0.0031337047353760445 0.014130434782608696
4 0.8631615598885793 0.19293478260869565 0.0020891364902506965 0.009782608695652175
0 0.8539345403899722 0.20815217391304347 0.002437325905292479 0.014130434782608696
4 0.5262883008356546 0.22717391304347825 0.002437325905292479 0.010869565217391304