0 0.4782381615598886 0.5782608695652174 0.042827298050139274 0.1673913043478261
0 0.48363509749303624 0.4081521739130435 0.02298050139275766 0.08804347826086957
0 0.4141713091922006 0.35706521739130437 0.017061281337047353 0.0641304347826087
0 0.4180013927576602 0.2875 0.008008356545961003 0.03369565217391304
0 0.43802228412256267 0.2516304347826087 0.004178272980501393 0.020652173913043477
0 0.471100278551532 0.2668478260869565 0.005571030640668524 0.02717391304347826
0 0.31824512534818944 0.3423913043478261 0.011838440111420613 0.05217391304347826
0 0.193941504178273 0.3472826086956522 0.010445682451253482 0.04456521739130435
0 0.0846100278551532 0.3635869565217391 0.011142061281337047 0.04673913043478261
0 0.09366295264623956 0.30217391304347824 0.004874651810584958 0.01956521739130435
0 0.1775766016713092 0.28532608695652173 0.003481894150417827 0.016304347826086956
0 0.25295961002785516 0.2728260869565217 0.004526462395543176 0.017391304347826087
0 0.3231197771587744 0.26358695652173914 0.004874651810584958 0.01847826086956522
0 0.38579387186629527 0.25380434782608696 0.004178272980501393 0.01847826086956522
4 0.7374651810584958 0.3532608695652174 0.0201949860724234 0.08043478260869565
4 0.5698119777158774 0.31032608695652175 0.01288300835654596 0.05326086956521739
4 0.42809888579387184 0.3032608695652174 0.010793871866295265 0.041304347826086954
4 0.3812674094707521 0.27608695652173915 0.005571030640668524 0.02608695652173913
4 0.3917130919220056 0.26793478260869563 0.005571030640668524 0.025
4 0.3748259052924791 0.26304347826086955 0.005222841225626741 0.021739130434782608
4 0.3407033426183844 0.26521739130434785 0.005919220055710306 0.021739130434782608
4 0.3311281337047354 0.29293478260869565 0.008356545961002786 0.03152173913043478
4 0.29509052924791085 0.27010869565217394 0.005222841225626741 0.020652173913043477
4 0.2416434540389972 0.2777173913043478 0.004874651810584958 0.020652173913043477
4 0.24321030640668523 0.3141304347826087 0.008008356545961003 0.034782608695652174
4 0.18401810584958217 0.28804347826086957 0.004526462395543176 0.01956521739130435
4 0.1368384401114206 0.3358695652173913 0.008356545961002786 0.03695652173913044
4 0.12221448467966574 0.3010869565217391 0.006267409470752089 0.021739130434782608
4 0.05814763231197772 0.3168478260869565 0.004178272980501393 0.02282608695652174
2 0.6404944289693594 0.2505434782608696 0.008008356545961003 0.03152173913043478
2 0.6967270194986073 0.2559782608695652 0.008356545961002786 0.035869565217391305
2 0.528725626740947 0.2684782608695652 0.008008356545961003 0.03260869565217391
2 0.5644150417827298 0.2798913043478261 0.006963788300835654 0.04021739130434782
1 0.15964484679665739 0.3201086956521739 0.01288300835654596 0.05543478260869565
1 0.11246518105849582 0.3451086956521739 0.017409470752089137 0.07065217391304347
1 0.11803621169916434 0.32663043478260867 0.009052924791086351 0.05543478260869565
1 0.05762534818941504 0.35489130434782606 0.015668523676880222 0.07065217391304347
3 0.8234679665738162 0.23369565217391305 0.005571030640668524 0.030434782608695653
3 0.825383008356546 0.20434782608695654 0.004526462395543176 0.021739130434782608
3 0.7841225626740947 0.22065217391304348 0.003481894150417827 0.02391304347826087
3 0.7386838440111421 0.2358695652173913 0.004526462395543176 0.02608695652173913
3 0.7635793871866295 0.2125 0.003481894150417827 0.020652173913043477
3 0.7494777158774373 0.20652173913043478 0.00383008356545961 0.015217391304347827
3 0.7101323119777159 0.2125 0.00383008356545961 0.016304347826086956
3 0.5819986072423399 0.2184782608695652 0.0031337047353760445 0.013043478260869565
3 0.5774721448467967 0.21630434782608696 0.0031337047353760445 0.013043478260869565
3 0.567200557103064 0.2233695652173913 0.002785515320334262 0.016304347826086956
3 0.49930362116991645 0.23206521739130434 0.002785515320334262 0.014130434782608696
3 0.4963440111420613 0.22826086956521738 0.002437325905292479 0.013043478260869565
3 0.43245125348189417 0.24239130434782608 0.003481894150417827 0.015217391304347827
3 0.42217966573816157 0.23967391304347826 0.0031337047353760445 0.014130434782608696
3 0.8715181058495822 0.2125 0.004874651810584958 0.02717391304347826