0 0.19289693593314763 0.5554123711340206 0.02298050139275766 0.03264604810996564
0 0.6016713091922006 0.5279209621993127 0.013927576601671309 0.02147766323024055
0 0.7298050139275766 0.5455326460481099 0.020891364902506964 0.029209621993127148
4 0.1512883008356546 0.7852233676975945 0.09714484679665739 0.15206185567010308
4 0.28464484679665736 0.5861254295532646 0.030292479108635098 0.0468213058419244
4 0.4023328690807799 0.5395189003436426 0.017757660167130918 0.027491408934707903
4 0.47075208913649025 0.5240549828178694 0.011838440111420613 0.019759450171821305
4 0.7247562674094707 0.5219072164948454 0.01288300835654596 0.018900343642611683
4 0.870299442896936 0.5405927835051546 0.021239554317548745 0.027061855670103094
2 0.6253481894150418 0.5459621993127147 0.018105849582172703 0.029209621993127148
2 0.6767061281337048 0.5197594501718213 0.012186629526462395 0.01804123711340206
2 0.772458217270195 0.5809707903780069 0.028899721448467967 0.04338487972508591
2 0.8046657381615598 0.6439003436426117 0.04526462395543175 0.07130584192439862
2 0.9235724233983287 0.5481099656357389 0.021239554317548745 0.03006872852233677