0 0.26303191489361705 0.5675925925925925 0.05053191489361702 0.10185185185185185
0 0.44840425531914896 0.38287037037037036 0.007446808510638298 0.019444444444444445
0 0.3949468085106383 0.4324074074074074 0.017553191489361703 0.040740740740740744
0 0.4308510638297872 0.3976851851851852 0.010638297872340425 0.025
0 0.45691489361702126 0.37407407407407406 0.006382978723404255 0.014814814814814815
0 0.4627659574468085 0.3685185185185185 0.005319148936170213 0.012962962962962963
4 0.627127659574468 0.43333333333333335 0.019148936170212766 0.04259259259259259
4 0.5736702127659574 0.39814814814814814 0.010106382978723405 0.027777777777777776
4 0.5531914893617021 0.38333333333333336 0.00851063829787234 0.020370370370370372
4 0.5388297872340425 0.375 0.006382978723404255 0.014814814814814815
4 0.5308510638297872 0.3699074074074074 0.00425531914893617 0.012037037037037037
2 0.4664893617021277 0.3638888888888889 0.00425531914893617 0.009259259259259259
2 0.46914893617021275 0.3611111111111111 0.0031914893617021275 0.009259259259259259
2 0.4720744680851064 0.35833333333333334 0.0026595744680851063 0.007407407407407408
2 0.47393617021276596 0.35694444444444445 0.002127659574468085 0.006481481481481481
2 0.47606382978723405 0.35462962962962963 0.002127659574468085 0.005555555555555556
2 0.525 0.36527777777777776 0.00425531914893617 0.010185185185185186
2 0.5204787234042553 0.36157407407407405 0.003723404255319149 0.008333333333333333
2 0.5180851063829788 0.36018518518518516 0.0031914893617021275 0.007407407407407408
1 0.4627659574468085 0.36157407407407405 0.005319148936170213 0.01574074074074074
1 0.48138297872340424 0.3472222222222222 0.0031914893617021275 0.009259259259259259
1 0.48829787234042554 0.34675925925925927 0.0031914893617021275 0.008333333333333333
1 0.49414893617021277 0.3476851851851852 0.0031914893617021275 0.008333333333333333
1 0.5 0.3476851851851852 0.0031914893617021275 0.008333333333333333
1 0.5308510638297872 0.3648148148148148 0.006382978723404255 0.016666666666666666
1 0.5066489361702128 0.3472222222222222 0.0026595744680851063 0.007407407407407408