0 0.5872340425531914 0.5719594594594595 0.009574468085106383 0.018243243243243244
0 0.6018617021276595 0.5706081081081081 0.007978723404255319 0.01418918918918919
0 0.6122340425531915 0.5672297297297297 0.006382978723404255 0.012837837837837839
0 0.622872340425532 0.5638513513513513 0.006382978723404255 0.012837837837837839
0 0.6273936170212766 0.5618243243243243 0.005851063829787234 0.011486486486486487
4 0.09202127659574467 0.6152027027027027 0.019148936170212766 0.030405405405405407
4 0.3098404255319149 0.6202702702702703 0.02074468085106383 0.03513513513513514
4 0.5207446808510638 0.6385135135135135 0.026595744680851064 0.0445945945945946
4 0.7792553191489362 0.6949324324324324 0.05106382978723404 0.0722972972972973
4 0.4574468085106383 0.5591216216216216 0.007446808510638298 0.012837837837837839
4 0.4696808510638298 0.5679054054054054 0.00851063829787234 0.01418918918918919
4 0.4922872340425532 0.5706081081081081 0.007978723404255319 0.01418918918918919
4 0.5143617021276595 0.5675675675675675 0.007446808510638298 0.012162162162162163
4 0.5319148936170213 0.5645270270270271 0.006382978723404255 0.011486486486486487
4 0.5465425531914894 0.5618243243243243 0.005851063829787234 0.011486486486486487