0 0.163474930362117 0.5650773195876289 0.03238161559888579 0.02534364261168385
0 0.0604108635097493 0.5294243986254296 0.01915041782729805 0.02276632302405498
0 0.435933147632312 0.5745274914089347 0.028551532033426183 0.037371134020618556
0 0.3447075208913649 0.5223367697594502 0.011142061281337047 0.01718213058419244
0 0.6676532033426184 0.5476804123711341 0.021239554317548745 0.01804123711340206
0 0.5118384401114207 0.5171821305841925 0.008356545961002786 0.013745704467353952
0 0.4573467966573816 0.5077319587628866 0.004526462395543176 0.011168384879725086
4 0.7992688022284122 0.8464347079037801 0.10759052924791086 0.16967353951890035
4 0.4449860724233983 0.6213487972508591 0.04874651810584958 0.040807560137457045
4 0.19446378830083566 0.6101804123711341 0.03795264623955432 0.05025773195876289
4 0.21465877437325906 0.5343642611683849 0.017061281337047353 0.022336769759450172
4 0.3918871866295265 0.5472508591065293 0.01915041782729805 0.02663230240549828
4 0.9108635097493036 0.5814003436426117 0.0383008356545961 0.03049828178694158
4 0.6157729805013927 0.5302835051546392 0.01149025069637883 0.019329896907216496
4 0.5424791086350975 0.5283505154639175 0.013231197771587743 0.018900343642611683
4 0.4536908077994429 0.5131013745704467 0.00766016713091922 0.01331615120274914