0 0.10026595744680851 0.4009259259259259 0.011170212765957447 0.024074074074074074
0 0.17047872340425532 0.38657407407407407 0.010106382978723405 0.021296296296296296
0 0.21808510638297873 0.3773148148148148 0.009574468085106383 0.019444444444444445
0 0.2526595744680851 0.3699074074074074 0.006382978723404255 0.013888888888888888
0 0.24202127659574468 0.36527777777777776 0.005319148936170213 0.013888888888888888
0 0.2625 0.3662037037037037 0.0047872340425531915 0.012037037037037037
0 0.26595744680851063 0.3662037037037037 0.005319148936170213 0.013888888888888888
0 0.9159574468085107 0.4162037037037037 0.018085106382978722 0.023148148148148147
0 0.8031914893617021 0.4 0.015957446808510637 0.018518518518518517
0 0.7436170212765958 0.3875 0.011702127659574468 0.013888888888888888
0 0.6954787234042553 0.37962962962962965 0.010106382978723405 0.012962962962962963
0 0.6505319148936171 0.3731481481481482 0.009574468085106383 0.011111111111111112
4 0.36569148936170215 0.4648148148148148 0.025 0.05185185185185185
4 0.8494680851063829 0.6759259259259259 0.07127659574468086 0.15925925925925927
4 0.3034574468085106 0.43194444444444446 0.015425531914893617 0.03611111111111111
4 0.3398936170212766 0.3787037037037037 0.00851063829787234 0.016666666666666666
4 0.29069148936170214 0.3861111111111111 0.009042553191489361 0.020370370370370372
4 0.5148936170212766 0.525 0.03723404255319149 0.07777777777777778
4 0.28111702127659577 0.4125 0.013297872340425532 0.028703703703703703
4 0.27287234042553193 0.39814814814814814 0.010638297872340425 0.022222222222222223
2 0.11356382978723405 0.36666666666666664 0.014361702127659574 0.014814814814814815
2 0.3553191489361702 0.3921296296296296 0.01276595744680851 0.019444444444444445
2 0.41462765957446807 0.3675925925925926 0.007978723404255319 0.012962962962962963
2 0.423936170212766 0.36574074074074076 0.009574468085106383 0.014814814814814815