0 0.6573816155988857 0.5255434782608696 0.03064066852367688 0.09891304347826087
0 0.8549791086350975 0.4945652173913043 0.022632311977715876 0.07608695652173914
0 0.5699860724233984 0.38913043478260867 0.011142061281337047 0.043478260869565216
0 0.7794220055710307 0.4217391304347826 0.015668523676880222 0.05
4 0.8965877437325905 0.40706521739130436 0.011142061281337047 0.03804347826086957
0 0.4648328690807799 0.36467391304347824 0.008356545961002786 0.03369565217391304
0 0.44724930362116994 0.35380434782608694 0.007311977715877437 0.025
0 0.6735724233983287 0.3581521739130435 0.005222841225626741 0.016304347826086956
0 0.28307799442896936 0.595108695652174 0.04596100278551532 0.15108695652173912
4 0.8555013927576601 0.3695652173913043 0.005571030640668524 0.01956521739130435
4 0.7153551532033426 0.39293478260869563 0.009401114206128134 0.035869565217391305
4 0.7945682451253482 0.3641304347826087 0.004874651810584958 0.015217391304347827
4 0.8671657381615598 0.3684782608695652 0.004526462395543176 0.017391304347826087
4 0.5966225626740947 0.375 0.007311977715877437 0.030434782608695653
0 0.5483983286908078 0.35489130434782606 0.004874651810584958 0.01847826086956522
4 0.5405640668523677 0.35706521739130437 0.005222841225626741 0.02282608695652174
0 0.4815459610027855 0.3516304347826087 0.005571030640668524 0.020652173913043477
4 0.6472841225626741 0.35978260869565215 0.004874651810584958 0.01956521739130435
0 0.9402855153203342 0.37717391304347825 0.004526462395543176 0.017391304347826087
4 0.879874651810585 0.375 0.004178272980501393 0.01956521739130435
4 0.6984679665738162 0.3625 0.003481894150417827 0.01847826086956522
4 0.5807799442896936 0.35706521739130437 0.005571030640668524 0.020652173913043477
4 0.7411211699164345 0.3625 0.004526462395543176 0.016304347826086956
4 0.9108635097493036 0.37119565217391304 0.003481894150417827 0.016304347826086956
4 0.5348189415041783 0.36086956521739133 0.006267409470752089 0.02826086956521739
4 0.8321727019498607 0.3657608695652174 0.004178272980501393 0.014130434782608696
4 0.9448119777158774 0.3869565217391304 0.004526462395543176 0.021739130434782608
0 0.6333565459610028 0.35706521739130437 0.004874651810584958 0.01847826086956522
2 0.7327646239554317 0.36793478260869567 0.008008356545961003 0.02717391304347826
4 0.8736072423398329 0.3673913043478261 0.003481894150417827 0.015217391304347827