4 0.35201949860724235 0.38967391304347826 0.02158774373259053 0.07717391304347826
4 0.21013231197771587 0.2793478260869565 0.0100974930362117 0.03695652173913044
4 0.16504178272980502 0.2451086956521739 0.006963788300835654 0.025
2 0.5797353760445683 0.36032608695652174 0.014623955431754874 0.05326086956521739
4 0.1815807799442897 0.25815217391304346 0.007311977715877437 0.029347826086956522
4 0.15285515320334261 0.2358695652173913 0.005571030640668524 0.021739130434782608
4 0.25713788300835655 0.31521739130434784 0.013579387186629526 0.05
4 0.13649025069637882 0.2217391304347826 0.004178272980501393 0.015217391304347827
4 0.1310933147632312 0.21793478260869564 0.00383008356545961 0.014130434782608696
4 0.1432799442896936 0.22771739130434782 0.005222841225626741 0.01847826086956522
4 0.692200557103064 0.6445652173913043 0.05083565459610028 0.1782608695652174
1 0.1270891364902507 0.21032608695652175 0.003481894150417827 0.020652173913043477