0 0.0846100278551532 0.4733695652173913 0.032729805013927575 0.10108695652173913
0 0.3360027855153203 0.41630434782608694 0.018105849582172703 0.06521739130434782
0 0.5647632311977716 0.4652173913043478 0.0201949860724234 0.07608695652173914
0 0.525591922005571 0.40217391304347827 0.013579387186629526 0.05
0 0.7534818941504178 0.4391304347826087 0.016016713091922007 0.058695652173913045
0 0.7480849582172702 0.3842391304347826 0.008704735376044569 0.03369565217391304
0 0.5863509749303621 0.3842391304347826 0.009749303621169917 0.04021739130434782
0 0.6718314763231198 0.36195652173913045 0.007311977715877437 0.02826086956521739
4 0.4899025069637883 0.35434782608695653 0.008356545961002786 0.03260869565217391
0 0.34958217270194986 0.5706521739130435 0.04108635097493036 0.13695652173913042
0 0.8018802228412256 0.41195652173913044 0.012534818941504178 0.04565217391304348
4 0.9239206128133705 0.4032608695652174 0.010793871866295265 0.0391304347826087
4 0.17983983286908078 0.38967391304347826 0.016364902506963788 0.057608695652173914
4 0.3687325905292479 0.3760869565217391 0.011838440111420613 0.04565217391304348
4 0.47057799442896936 0.36684782608695654 0.009401114206128134 0.03804347826086957
0 0.5967966573816156 0.3673913043478261 0.00766016713091922 0.03260869565217391
0 0.5898328690807799 0.3521739130434783 0.006267409470752089 0.02826086956521739
0 0.5927924791086351 0.34293478260869564 0.00383008356545961 0.02282608695652174
4 0.8196378830083565 0.37771739130434784 0.008356545961002786 0.029347826086956522
4 0.7752437325905293 0.36195652173913045 0.008008356545961003 0.02826086956521739
4 0.796483286908078 0.35489130434782606 0.006615598885793872 0.02282608695652174
4 0.838091922005571 0.3516304347826087 0.004874651810584958 0.020652173913043477
4 0.8570682451253482 0.3467391304347826 0.004526462395543176 0.017391304347826087
4 0.483983286908078 0.34293478260869564 0.006963788300835654 0.02717391304347826
0 0.6638231197771588 0.35 0.005919220055710306 0.02391304347826087
4 0.512708913649025 0.3342391304347826 0.005222841225626741 0.02282608695652174
4 0.5456128133704735 0.328804347826087 0.004874651810584958 0.020652173913043477
0 0.6909818941504178 0.34402173913043477 0.005222841225626741 0.020652173913043477
4 0.5692896935933147 0.3239130434782609 0.004178272980501393 0.017391304347826087