4 0.842966573816156 0.5657608695652174 0.029944289693593314 0.10978260869565218
0 0.3995473537604457 0.4951086956521739 0.030988857938718663 0.10978260869565218
0 0.7216225626740947 0.41358695652173916 0.012186629526462395 0.04673913043478261
0 0.6046309192200557 0.4342391304347826 0.016364902506963788 0.0641304347826087
4 0.8807451253481894 0.3983695652173913 0.009401114206128134 0.03152173913043478
4 0.9213091922005571 0.4483695652173913 0.013231197771587743 0.051086956521739134
4 0.8920612813370473 0.48641304347826086 0.020891364902506964 0.07065217391304347
0 0.7505222841225627 0.3793478260869565 0.005919220055710306 0.02826086956521739
4 0.9035515320334262 0.41630434782608694 0.011142061281337047 0.03695652173913044
0 0.7446030640668524 0.39402173913043476 0.008704735376044569 0.035869565217391305
4 0.85741643454039 0.3864130434782609 0.007311977715877437 0.025