0 0.2748955431754875 0.6934782608695652 0.05327298050139276 0.18695652173913044
0 0.5022632311977716 0.5163043478260869 0.02681058495821727 0.09565217391304348
0 0.5985376044568245 0.4548913043478261 0.017409470752089137 0.06195652173913044
0 0.6558147632311978 0.41847826086956524 0.01149025069637883 0.04565217391304348
0 0.6880222841225627 0.40108695652173915 0.009052924791086351 0.03695652173913044
0 0.7092618384401114 0.39402173913043476 0.009052924791086351 0.03369565217391304
0 0.7383356545961003 0.38804347826086955 0.008008356545961003 0.02826086956521739
0 0.7007311977715878 0.3793478260869565 0.007311977715877437 0.02608695652173913
0 0.727541782729805 0.36141304347826086 0.005222841225626741 0.01847826086956522
0 0.807799442896936 0.3690217391304348 0.004874651810584958 0.01847826086956522
0 0.608983286908078 0.3684782608695652 0.006963788300835654 0.02608695652173913
4 0.9399373259052924 0.5978260869565217 0.02193593314763231 0.12391304347826088
4 0.9051183844011143 0.5027173913043478 0.02402506963788301 0.07717391304347826
4 0.8767409470752089 0.4543478260869565 0.01532033426183844 0.05434782608695652
4 0.85741643454039 0.4260869565217391 0.01149025069637883 0.041304347826086954
4 0.8619428969359332 0.41032608695652173 0.006615598885793872 0.035869565217391305
4 0.8662952646239555 0.39945652173913043 0.006963788300835654 0.03152173913043478
4 0.9404596100278552 0.39293478260869563 0.00766016713091922 0.02717391304347826
4 0.7745473537604457 0.37717391304347825 0.005919220055710306 0.02391304347826087
4 0.8330431754874652 0.3869565217391304 0.006615598885793872 0.02608695652173913
4 0.6916782729805014 0.36793478260869567 0.005222841225626741 0.020652173913043477
4 0.7630571030640668 0.3695652173913043 0.005222841225626741 0.021739130434782608
4 0.8198119777158774 0.3760869565217391 0.005919220055710306 0.021739130434782608
4 0.6222144846796658 0.36141304347826086 0.004874651810584958 0.020652173913043477
4 0.6439763231197771 0.35597826086956524 0.004526462395543176 0.01847826086956522
0 0.5436977715877437 0.358695652173913 0.005919220055710306 0.021739130434782608
4 0.5802576601671309 0.35380434782608694 0.004526462395543176 0.01847826086956522
0 0.1913300835654596 0.3918478260869565 0.01288300835654596 0.04673913043478261
0 0.3267757660167131 0.37880434782608696 0.009401114206128134 0.03804347826086957
0 0.3610724233983287 0.3673913043478261 0.008356545961002786 0.03260869565217391
0 0.38231197771587744 0.34891304347826085 0.005571030640668524 0.021739130434782608
4 0.6974233983286908 0.3630434782608696 0.004874651810584958 0.01956521739130435
0 0.6774025069637883 0.35597826086956524 0.00383008356545961 0.016304347826086956
4 0.8850974930362117 0.38369565217391305 0.006267409470752089 0.021739130434782608
4 0.1977715877437326 0.3657608695652174 0.00766016713091922 0.03369565217391304
4 0.24843314763231197 0.3565217391304348 0.006615598885793872 0.02826086956521739
4 0.2761142061281337 0.35054347826086957 0.005571030640668524 0.02282608695652174
4 0.30013927576601673 0.3483695652173913 0.004874651810584958 0.01847826086956522
0 0.3579387186629526 0.3565217391304348 0.004874651810584958 0.02608695652173913
0 0.39275766016713093 0.3467391304347826 0.004874651810584958 0.01956521739130435
0 0.4268802228412256 0.34619565217391307 0.004178272980501393 0.016304347826086956
0 0.4613509749303621 0.34619565217391307 0.003481894150417827 0.016304347826086956
0 0.504700557103064 0.3521739130434783 0.004526462395543176 0.01956521739130435
4 0.5196727019498607 0.3456521739130435 0.00383008356545961 0.017391304347826087
4 0.5952298050139275 0.35054347826086957 0.00383008356545961 0.016304347826086956
4 0.4792827298050139 0.34347826086956523 0.00383008356545961 0.017391304347826087
4 0.3246866295264624 0.3456521739130435 0.004526462395543176 0.017391304347826087
4 0.33756963788300837 0.34130434782608693 0.00383008356545961 0.015217391304347827
4 0.0987116991643454 0.3527173913043478 0.005919220055710306 0.020652173913043477
4 0.1613857938718663 0.35054347826086957 0.005222841225626741 0.020652173913043477
4 0.23868384401114207 0.3467391304347826 0.005222841225626741 0.01956521739130435
4 0.27141364902506965 0.3456521739130435 0.005222841225626741 0.017391304347826087
4 0.29596100278551535 0.34347826086956523 0.004178272980501393 0.015217391304347827
4 0.06720055710306407 0.37228260869565216 0.011142061281337047 0.04021739130434782
0 0.6253481894150418 0.34891304347826085 0.003481894150417827 0.015217391304347827