0 0.604108635097493 0.483695652173913 0.0201949860724234 0.06956521739130435
0 0.23311281337047354 0.3755434782608696 0.008704735376044569 0.03369565217391304
0 0.2883008356545961 0.36195652173913045 0.008356545961002786 0.02608695652173913
0 0.7399025069637883 0.46630434782608693 0.016016713091922007 0.058695652173913045
4 0.0966225626740947 0.36032608695652174 0.010793871866295265 0.035869565217391305
0 0.1349233983286908 0.39021739130434785 0.01288300835654596 0.04565217391304348
4 0.12395543175487465 0.3402173913043478 0.006267409470752089 0.02391304347826087
0 0.38736072423398327 0.5929347826086957 0.03934540389972145 0.13804347826086957
0 0.19167827298050139 0.3353260869565217 0.006615598885793872 0.02282608695652174
4 0.14554317548746518 0.3521739130434783 0.008356545961002786 0.030434782608695653
0 0.8743036211699164 0.4673913043478261 0.013927576601671309 0.04782608695652174
2 0.46256963788300837 0.3402173913043478 0.004526462395543176 0.015217391304347827
4 0.3488857938718663 0.3108695652173913 0.004874651810584958 0.015217391304347827
4 0.3325208913649025 0.30869565217391304 0.004178272980501393 0.017391304347826087
2 0.31319637883008355 0.31521739130434784 0.005222841225626741 0.017391304347826087
2 0.2851671309192201 0.3135869565217391 0.004874651810584958 0.01847826086956522
2 0.26915041782729804 0.3048913043478261 0.004178272980501393 0.016304347826086956
2 0.25835654596100277 0.31032608695652175 0.004874651810584958 0.016304347826086956
2 0.23015320334261838 0.3070652173913043 0.004874651810584958 0.016304347826086956
2 0.19881615598885793 0.30434782608695654 0.004874651810584958 0.017391304347826087
2 0.2237116991643454 0.29782608695652174 0.004526462395543176 0.015217391304347827
0 0.06006267409470752 0.31521739130434784 0.007311977715877437 0.02826086956521739
0 0.13248607242339833 0.3217391304347826 0.007311977715877437 0.02826086956521739
4 0.050661559888579386 0.328804347826087 0.0031337047353760445 0.03152173913043478
4 0.17688022284122562 0.29293478260869565 0.004874651810584958 0.01847826086956522
0 0.2576601671309192 0.3451086956521739 0.00766016713091922 0.03152173913043478
2 0.4857242339832869 0.34402173913043477 0.004874651810584958 0.014130434782608696
2 0.5334261838440112 0.34945652173913044 0.004874651810584958 0.011956521739130435