0 0.12606382978723404 0.3648148148148148 0.007446808510638298 0.020370370370370372
0 0.7 0.43425925925925923 0.02127659574468085 0.05
0 0.8 0.3537037037037037 0.009574468085106383 0.018518518518518517
0 0.288031914893617 0.4134259259259259 0.018617021276595744 0.03796296296296296
0 0.451063829787234 0.3990740740740741 0.013829787234042552 0.03333333333333333
0 0.6093085106382978 0.36666666666666664 0.007978723404255319 0.016666666666666666
0 0.08297872340425531 0.42453703703703705 0.01702127659574468 0.04537037037037037
0 0.3848404255319149 0.36712962962962964 0.009042553191489361 0.021296296296296296
0 0.45 0.3712962962962963 0.00851063829787234 0.020370370370370372
0 0.2957446808510638 0.362962962962963 0.007446808510638298 0.020370370370370372
0 0.6928191489361702 0.3625 0.007978723404255319 0.019444444444444445
0 0.4978723404255319 0.38564814814814813 0.01276595744680851 0.028703703703703703
4 0.8156914893617021 0.40879629629629627 0.018617021276595744 0.03981481481481482
4 0.8359042553191489 0.3587962962962963 0.011170212765957447 0.021296296296296296
4 0.4125 0.43472222222222223 0.019680851063829788 0.049074074074074076
4 0.6707446808510639 0.3962962962962963 0.014893617021276596 0.03148148148148148
4 0.11117021276595744 0.3574074074074074 0.00851063829787234 0.020370370370370372
4 0.6829787234042554 0.3699074074074074 0.007446808510638298 0.019444444444444445
4 0.7486702127659575 0.3638888888888889 0.009042553191489361 0.022222222222222223
4 0.4300531914893617 0.36157407407407405 0.010106382978723405 0.017592592592592594
4 0.3223404255319149 0.35833333333333334 0.007446808510638298 0.018518518518518517
4 0.21329787234042552 0.3578703703703704 0.007446808510638298 0.017592592592592594
4 0.6234042553191489 0.38425925925925924 0.010638297872340425 0.027777777777777776
4 0.6353723404255319 0.37777777777777777 0.009042553191489361 0.022222222222222223
4 0.5042553191489362 0.36712962962962964 0.007446808510638298 0.017592592592592594
2 0.813031914893617 0.5138888888888888 0.0398936170212766 0.09074074074074075
2 0.32872340425531915 0.500462962962963 0.036170212765957444 0.08055555555555556
2 0.5257978723404255 0.34305555555555556 0.0047872340425531915 0.012037037037037037
2 0.5409574468085107 0.3435185185185185 0.006382978723404255 0.012962962962962963
2 0.5574468085106383 0.34305555555555556 0.00425531914893617 0.012037037037037037
2 0.5710106382978724 0.3425925925925926 0.0047872340425531915 0.011111111111111112
2 0.5941489361702128 0.362962962962963 0.006382978723404255 0.016666666666666666
2 0.589095744680851 0.35648148148148145 0.0047872340425531915 0.014814814814814815
1 0.48856382978723406 0.38287037037037036 0.014361702127659574 0.04537037037037037
1 0.49813829787234043 0.37592592592592594 0.011170212765957447 0.037037037037037035
1 0.6316489361702128 0.3814814814814815 0.015425531914893617 0.044444444444444446
1 0.6231382978723404 0.37592592592592594 0.01223404255319149 0.040740740740740744