0 0.09314066852367688 0.24891304347826088 0.005222841225626741 0.021739130434782608
4 0.11037604456824512 0.4043478260869565 0.026462395543175487 0.09347826086956522
4 0.14345403899721448 0.26413043478260867 0.006267409470752089 0.02391304347826087
0 0.19620473537604458 0.26032608695652176 0.004526462395543176 0.020652173913043477
4 0.2421657381615599 0.27554347826086956 0.005919220055710306 0.02282608695652174
0 0.7738509749303621 0.34293478260869564 0.005919220055710306 0.025
4 0.8662952646239555 0.3815217391304348 0.009749303621169917 0.03695652173913044
4 0.47075208913649025 0.6478260869565218 0.05362116991643454 0.18695652173913044
4 0.33530640668523676 0.28532608695652173 0.005571030640668524 0.020652173913043477
4 0.604282729805014 0.325 0.006615598885793872 0.02826086956521739
4 0.5064415041782729 0.3048913043478261 0.005222841225626741 0.025
0 0.7036908077994429 0.32771739130434785 0.006267409470752089 0.025
0 0.879874651810585 0.36195652173913045 0.00766016713091922 0.030434782608695653
4 0.7278899721448467 0.35054347826086957 0.007311977715877437 0.03152173913043478
0 0.5435236768802229 0.29782608695652174 0.004874651810584958 0.01956521739130435
0 0.2919568245125348 0.27010869565217394 0.005222841225626741 0.01847826086956522
4 0.42479108635097496 0.29347826086956524 0.004178272980501393 0.021739130434782608
0 0.37604456824512533 0.27608695652173915 0.004178272980501393 0.017391304347826087
0 0.469533426183844 0.28369565217391307 0.00383008356545961 0.01956521739130435
0 0.6399721448467967 0.31630434782608696 0.005571030640668524 0.02391304347826087
0 0.06128133704735376 0.20652173913043478 0.001392757660167131 0.006521739130434782
0 0.0725974930362117 0.20815217391304347 0.0017409470752089136 0.007608695652173913