0 0.25330779944289694 0.34456521739130436 0.014972144846796657 0.06304347826086956
4 0.58008356545961 0.39456521739130435 0.013927576601671309 0.06304347826086956
0 0.41469359331476324 0.33206521739130435 0.011838440111420613 0.04891304347826087
4 0.6939415041782729 0.36630434782608695 0.009749303621169917 0.041304347826086954
4 0.6740947075208914 0.3809782608695652 0.011142061281337047 0.04891304347826087
4 0.5203690807799443 0.41630434782608694 0.017061281337047353 0.07608695652173914
4 0.6396239554317549 0.328804347826087 0.006963788300835654 0.029347826086956522
4 0.612116991643454 0.31630434782608696 0.006267409470752089 0.02608695652173913
4 0.4959958217270195 0.4983695652173913 0.028203342618384402 0.11413043478260869
4 0.5769498607242339 0.30380434782608695 0.006267409470752089 0.025
0 0.49268802228412256 0.3309782608695652 0.010445682451253482 0.042391304347826085
0 0.4362813370473538 0.27554347826086956 0.004874651810584958 0.02282608695652174
0 0.5161908077994429 0.30869565217391304 0.007311977715877437 0.03260869565217391
4 0.7686281337047354 0.3184782608695652 0.00383008356545961 0.015217391304347827
4 0.5426532033426184 0.29239130434782606 0.005919220055710306 0.02391304347826087
0 0.4623955431754875 0.28206521739130436 0.005571030640668524 0.025
0 0.9350626740947076 0.34293478260869564 0.0031337047353760445 0.011956521739130435
4 0.7296309192200557 0.3114130434782609 0.004526462395543176 0.016304347826086956
4 0.42775069637883006 0.25271739130434784 0.0031337047353760445 0.014130434782608696
0 0.5167130919220055 0.32771739130434785 0.009749303621169917 0.03804347826086957
4 0.4573467966573816 0.25706521739130433 0.00383008356545961 0.014130434782608696
0 0.3311281337047354 0.23804347826086958 0.002785515320334262 0.015217391304347827
4 0.9153899721448467 0.33967391304347827 0.003481894150417827 0.011956521739130435
0 0.7411211699164345 0.3108695652173913 0.00383008356545961 0.013043478260869565
0 0.5052228412256268 0.3016304347826087 0.006963788300835654 0.029347826086956522
0 0.38596796657381616 0.26032608695652176 0.00383008356545961 0.020652173913043477
0 0.3450557103064067 0.24945652173913044 0.004178272980501393 0.01847826086956522
4 0.6662604456824512 0.34456521739130436 0.008704735376044569 0.034782608695652174
0 0.7632311977715878 0.3141304347826087 0.003481894150417827 0.013043478260869565
0 0.493558495821727 0.2608695652173913 0.002437325905292479 0.013043478260869565
0 0.4838091922005571 0.29130434782608694 0.007311977715877437 0.02608695652173913
4 0.5828690807799443 0.28152173913043477 0.003481894150417827 0.015217391304347827
4 0.40407381615598886 0.24945652173913044 0.0031337047353760445 0.016304347826086956
4 0.4818941504178273 0.27554347826086956 0.004874651810584958 0.020652173913043477
4 0.9496866295264624 0.3472826086956522 0.0031337047353760445 0.011956521739130435
4 0.8323467966573816 0.3233695652173913 0.0031337047353760445 0.011956521739130435
4 0.39275766016713093 0.24945652173913044 0.003481894150417827 0.016304347826086956
0 0.44307103064066855 0.25217391304347825 0.0031337047353760445 0.013043478260869565
0 0.5254178272980501 0.3179347826086957 0.00766016713091922 0.03369565217391304
0 0.32346796657381616 0.2407608695652174 0.003481894150417827 0.016304347826086956
4 0.5315111420612814 0.27119565217391306 0.0031337047353760445 0.014130434782608696
4 0.8328690807799443 0.3298913043478261 0.002785515320334262 0.011956521739130435
4 0.8081476323119777 0.32608695652173914 0.003481894150417827 0.013043478260869565
0 0.7157033426183844 0.3059782608695652 0.00383008356545961 0.014130434782608696
0 0.35759052924791085 0.23967391304347826 0.003481894150417827 0.014130434782608696
4 0.689066852367688 0.3027173913043478 0.003481894150417827 0.016304347826086956
4 0.48729108635097496 0.2625 0.0031337047353760445 0.014130434782608696
0 0.7775069637883009 0.3157608695652174 0.003481894150417827 0.014130434782608696
4 0.8452298050139275 0.33043478260869563 0.002437325905292479 0.013043478260869565
4 0.8659470752089137 0.328804347826087 0.003481894150417827 0.011956521739130435
4 0.4101671309192201 0.25706521739130433 0.004178272980501393 0.01847826086956522
0 0.8894498607242339 0.33206521739130435 0.002437325905292479 0.011956521739130435
0 0.5900069637883009 0.28043478260869564 0.0031337047353760445 0.013043478260869565
4 0.5076601671309192 0.28152173913043477 0.004178272980501393 0.021739130434782608
0 0.7881267409470752 0.3179347826086957 0.002437325905292479 0.011956521739130435
0 0.8098885793871866 0.31630434782608696 0.002785515320334262 0.010869565217391304
4 0.6223885793871866 0.7440217391304348 0.06162952646239554 0.2076086956521739
0 0.7823816155988857 0.3135869565217391 0.003481894150417827 0.011956521739130435
0 0.39606545961002787 0.2451086956521739 0.002437325905292479 0.014130434782608696
4 0.8868384401114207 0.33315217391304347 0.002785515320334262 0.011956521739130435
0 0.5423050139275766 0.27010869565217394 0.0031337047353760445 0.014130434782608696
0 0.4138231197771588 0.2684782608695652 0.005222841225626741 0.021739130434782608
1 0.6347493036211699 0.28804347826086957 0.003481894150417827 0.021739130434782608
0 0.7907381615598886 0.3179347826086957 0.002785515320334262 0.014130434782608696
1 0.6391016713091922 0.28641304347826085 0.00383008356545961 0.020652173913043477
4 0.4516016713091922 0.2673913043478261 0.004178272980501393 0.01956521739130435
4 0.6302228412256268 0.2907608695652174 0.003481894150417827 0.014130434782608696
1 0.6307451253481894 0.2847826086956522 0.0031337047353760445 0.021739130434782608
1 0.6251740947075209 0.2858695652173913 0.0031337047353760445 0.021739130434782608
4 0.39519498607242337 0.2510869565217391 0.003481894150417827 0.017391304347826087
4 0.8459261838440112 0.32663043478260867 0.002437325905292479 0.014130434782608696
0 0.7872562674094707 0.3125 0.002785515320334262 0.011956521739130435