0 0.40638297872340423 0.42268518518518516 0.01276595744680851 0.032407407407407406
0 0.43164893617021277 0.39861111111111114 0.007978723404255319 0.023148148148148147
0 0.12632978723404256 0.6675925925925926 0.07712765957446809 0.15
0 0.3526595744680851 0.4671296296296296 0.023404255319148935 0.05277777777777778
0 0.44468085106382976 0.387037037037037 0.006382978723404255 0.014814814814814815
0 0.45345744680851063 0.3800925925925926 0.0047872340425531915 0.01574074074074074
0 0.45930851063829786 0.37546296296296294 0.003723404255319149 0.012037037037037037
0 0.4632978723404255 0.3731481481481482 0.0031914893617021275 0.009259259259259259
4 0.5545212765957447 0.3972222222222222 0.009042553191489361 0.022222222222222223
4 0.5856382978723405 0.4217592592592593 0.013829787234042552 0.032407407407407406
4 0.6433510638297872 0.46574074074074073 0.025 0.05555555555555555
4 0.8925531914893617 0.6694444444444444 0.06489361702127659 0.15925925925925927
4 0.5369680851063829 0.3851851851851852 0.005851063829787234 0.016666666666666666
4 0.5284574468085106 0.3787037037037037 0.0047872340425531915 0.012962962962962963
4 0.5218085106382979 0.37453703703703706 0.00425531914893617 0.012037037037037037
4 0.5170212765957447 0.37175925925925923 0.0031914893617021275 0.010185185185185186
4 0.513031914893617 0.36898148148148147 0.0026595744680851063 0.008333333333333333
4 0.5098404255319149 0.3675925925925926 0.0026595744680851063 0.007407407407407408
1 0.09654255319148936 0.6861111111111111 0.04414893617021277 0.2351851851851852