4 0.5771239554317549 0.4875 0.028203342618384402 0.11195652173913044
4 0.8784818941504178 0.5244565217391305 0.031337047353760444 0.10326086956521739
0 0.4858983286908078 0.2766304347826087 0.005919220055710306 0.025
4 0.31928969359331477 0.4032608695652174 0.026462395543175487 0.09130434782608696
0 0.8212047353760445 0.34293478260869564 0.008008356545961003 0.029347826086956522
4 0.5064415041782729 0.28858695652173916 0.007311977715877437 0.029347826086956522
4 0.42009052924791085 0.28097826086956523 0.008008356545961003 0.03152173913043478
0 0.26915041782729804 0.2576086956521739 0.005571030640668524 0.030434782608695653
0 0.1692200557103064 0.25869565217391305 0.009052924791086351 0.03695652173913044
4 0.7703690807799443 0.3423913043478261 0.008008356545961003 0.03260869565217391
4 0.34192200557103064 0.2777173913043478 0.009749303621169917 0.035869565217391305
2 0.14798050139275767 0.23097826086956522 0.006267409470752089 0.02717391304347826
4 0.6841922005571031 0.32119565217391305 0.006963788300835654 0.029347826086956522
0 0.37552228412256267 0.26413043478260867 0.006615598885793872 0.02608695652173913
0 0.7071727019498607 0.31521739130434784 0.006267409470752089 0.02608695652173913
4 0.9439415041782729 0.40597826086956523 0.011838440111420613 0.04673913043478261
4 0.27315459610027853 0.28206521739130436 0.0100974930362117 0.04021739130434782
0 0.6488509749303621 0.7902173913043479 0.02541782729805014 0.10652173913043478
4 0.8595055710306406 0.37119565217391304 0.0100974930362117 0.03804347826086957
2 0.057103064066852366 0.20271739130434782 0.004178272980501393 0.020652173913043477
4 0.2214484679665738 0.33641304347826084 0.013927576601671309 0.06630434782608696
1 0.23659470752089137 0.32771739130434785 0.026114206128133706 0.11630434782608695
1 0.2155292479108635 0.3076086956521739 0.013231197771587743 0.1
2 0.08373955431754875 0.20543478260869566 0.005222841225626741 0.021739130434782608
2 0.05100974930362117 0.20978260869565218 0.00383008356545961 0.02391304347826087
2 0.16068941504178272 0.24782608695652175 0.008704735376044569 0.03260869565217391
2 0.11002785515320335 0.20815217391304347 0.005571030640668524 0.020652173913043477
2 0.13178969359331477 0.20978260869565218 0.004526462395543176 0.01956521739130435
2 0.1391016713091922 0.2184782608695652 0.005222841225626741 0.02391304347826087
4 0.225974930362117 0.29782608695652174 0.006963788300835654 0.05
3 0.5541434540389972 0.26521739130434785 0.002437325905292479 0.015217391304347827
3 0.5142757660167131 0.26304347826086955 0.002785515320334262 0.015217391304347827
3 0.5081824512534819 0.2548913043478261 0.00383008356545961 0.014130434782608696
3 0.46692200557103064 0.2510869565217391 0.003481894150417827 0.015217391304347827
3 0.45769498607242337 0.2440217391304348 0.002437325905292479 0.011956521739130435
3 0.424616991643454 0.2418478260869565 0.0031337047353760445 0.011956521739130435
3 0.38213788300835655 0.23043478260869565 0.002437325905292479 0.013043478260869565
3 0.36646935933147634 0.23097826086956522 0.0031337047353760445 0.011956521739130435
3 0.07712395543175488 0.20054347826086957 0.0031337047353760445 0.016304347826086956