0 0.8008356545961003 0.6460481099656358 0.04805013927576602 0.06786941580756013
0 0.45073119777158777 0.5358676975945017 0.01149025069637883 0.01675257731958763
0 0.5898328690807799 0.6060996563573883 0.035515320334261836 0.04982817869415808
0 0.6079387186629527 0.5511168384879725 0.016016713091922007 0.02491408934707904
0 0.6183844011142061 0.5249140893470791 0.008356545961002786 0.013745704467353952
0 0.6084610027855153 0.5178264604810997 0.006615598885793872 0.010738831615120275
0 0.6241295264623955 0.5126718213058419 0.005919220055710306 0.009879725085910653
0 0.6547701949860725 0.5098797250859106 0.005222841225626741 0.00859106529209622
0 0.6850626740947076 0.5279209621993127 0.010793871866295265 0.01632302405498282
0 0.7170961002785515 0.5075171821305842 0.004526462395543176 0.007302405498281787
0 0.7726323119777159 0.5060137457044673 0.004874651810584958 0.007731958762886598
0 0.8175487465181058 0.5064432989690721 0.005571030640668524 0.00859106529209622
0 0.8556754874651811 0.5077319587628866 0.005919220055710306 0.009450171821305841
0 0.8986768802228412 0.5092353951890034 0.006963788300835654 0.010738831615120275
0 0.870125348189415 0.5515463917525774 0.020891364902506964 0.028350515463917526
0 0.8151114206128134 0.5212628865979382 0.009749303621169917 0.014175257731958763
0 0.7696727019498607 0.5380154639175257 0.014972144846796657 0.02104810996563574
4 0.775766016713092 0.8582474226804123 0.13022284122562675 0.16237113402061856
4 0.4592618384401114 0.7250859106529209 0.07311977715877438 0.1056701030927835
4 0.45264623955431754 0.5281357388316151 0.009052924791086351 0.014175257731958763
4 0.5424791086350975 0.5208333333333334 0.00766016713091922 0.011597938144329897
4 0.5786908077994429 0.5682989690721649 0.02158774373259053 0.03264604810996564
4 0.6772284122562674 0.5150343642611683 0.008356545961002786 0.012027491408934709
4 0.7104805013927576 0.5289948453608248 0.01288300835654596 0.01761168384879725
4 0.9369777158774373 0.5186855670103093 0.012534818941504178 0.015893470790378006
4 0.8119777158774373 0.5169673539518901 0.008356545961002786 0.01331615120274914
2 0.4110376044568245 0.6013745704467354 0.03238161559888579 0.044673539518900345
2 0.40825208913649025 0.5521907216494846 0.014275766016713091 0.02276632302405498
2 0.5262883008356546 0.5341494845360825 0.01149025069637883 0.01761168384879725
2 0.5447423398328691 0.5231958762886598 0.008704735376044569 0.01288659793814433
2 0.6552924791086351 0.5176116838487973 0.008356545961002786 0.012027491408934709
2 0.7390320334261838 0.5152491408934707 0.008008356545961003 0.011597938144329897
2 0.8591573816155988 0.5365120274914089 0.017061281337047353 0.022336769759450172
2 0.7973537604456824 0.5266323024054983 0.011838440111420613 0.01718213058419244
2 0.7480849582172702 0.5599226804123711 0.02054317548746518 0.029639175257731958