0 0.6890957446808511 0.36944444444444446 0.009042553191489361 0.020370370370370372
0 0.6702127659574468 0.37962962962962965 0.00851063829787234 0.020370370370370372
0 0.6263297872340425 0.36574074074074076 0.007978723404255319 0.018518518518518517
0 0.6186170212765958 0.3861111111111111 0.009574468085106383 0.024074074074074074
0 0.5611702127659575 0.36666666666666664 0.007446808510638298 0.018518518518518517
0 0.5433510638297873 0.4 0.011170212765957447 0.027777777777777776
0 0.45159574468085106 0.4203703703703704 0.013829787234042552 0.03148148148148148
0 0.4718085106382979 0.3712962962962963 0.006382978723404255 0.018518518518518517
0 0.3792553191489362 0.3763888888888889 0.00851063829787234 0.019444444444444445
0 0.3646276595744681 0.44814814814814813 0.018617021276595744 0.04259259259259259
0 0.21968085106382979 0.49166666666666664 0.027659574468085105 0.06111111111111111
0 0.2648936170212766 0.38287037037037036 0.007446808510638298 0.017592592592592594
0 0.1449468085106383 0.3875 0.009042553191489361 0.021296296296296296
4 0.6502659574468085 0.5018518518518519 0.03031914893617021 0.07037037037037037
4 0.6300531914893617 0.44722222222222224 0.02074468085106383 0.046296296296296294
4 0.649468085106383 0.4212962962962963 0.014893617021276596 0.03333333333333333
4 0.7412234042553192 0.4013888888888889 0.013297872340425532 0.028703703703703703
4 0.8473404255319149 0.3731481481481482 0.010638297872340425 0.022222222222222223
4 0.8162234042553191 0.387037037037037 0.011170212765957447 0.025925925925925925
4 0.8021276595744681 0.36666666666666664 0.009574468085106383 0.022222222222222223
4 0.7465425531914893 0.36157407407407405 0.006914893617021276 0.017592592592592594
4 0.6813829787234043 0.3578703703703704 0.007446808510638298 0.017592592592592594
4 0.6042553191489362 0.3578703703703704 0.007446808510638298 0.017592592592592594
4 0.5327127659574468 0.36018518518518516 0.006914893617021276 0.016666666666666666
4 0.46914893617021275 0.362962962962963 0.006382978723404255 0.018518518518518517
4 0.388563829787234 0.3680555555555556 0.006914893617021276 0.017592592592592594
4 0.29095744680851066 0.3726851851851852 0.007446808510638298 0.017592592592592594
4 0.1973404255319149 0.37546296296296294 0.00851063829787234 0.019444444444444445
4 0.10079787234042553 0.3773148148148148 0.007978723404255319 0.017592592592592594
1 0.8797872340425532 0.6486111111111111 0.09042553191489362 0.24537037037037038
1 0.7742021276595744 0.5800925925925926 0.08031914893617022 0.18981481481481483
1 0.0875 0.4199074074074074 0.026063829787234042 0.023148148148148147
1 0.09973404255319149 0.3731481481481482 0.015425531914893617 0.014814814814814815