0 0.23058510638297872 0.6402777777777777 0.07180851063829788 0.13240740740740742
0 0.33882978723404256 0.513425925925926 0.03297872340425532 0.07314814814814814
0 0.34867021276595744 0.4699074074074074 0.017553191489361703 0.05092592592592592
0 0.30425531914893617 0.4444444444444444 0.01702127659574468 0.040740740740740744
0 0.20186170212765958 0.42962962962962964 0.01648936170212766 0.03518518518518519
0 0.13882978723404255 0.3726851851851852 0.00425531914893617 0.013888888888888888
0 0.22393617021276596 0.3726851851851852 0.005319148936170213 0.012037037037037037
0 0.30106382978723406 0.37083333333333335 0.00425531914893617 0.012037037037037037
0 0.3928191489361702 0.36944444444444446 0.0047872340425531915 0.011111111111111112
0 0.45797872340425533 0.37037037037037035 0.00425531914893617 0.009259259259259259
0 0.8 0.3958333333333333 0.009574468085106383 0.021296296296296296
0 0.6906914893617021 0.38472222222222224 0.007978723404255319 0.019444444444444445
0 0.6234042553191489 0.37824074074074077 0.005319148936170213 0.01574074074074074
0 0.5824468085106383 0.37546296296296294 0.005319148936170213 0.012037037037037037
0 0.5117021276595745 0.37222222222222223 0.00425531914893617 0.011111111111111112
4 0.19361702127659575 0.39490740740740743 0.010638297872340425 0.025
4 0.1523936170212766 0.3819444444444444 0.009042553191489361 0.021296296296296296
4 0.1375 0.38935185185185184 0.009042553191489361 0.021296296296296296
4 0.27313829787234045 0.4 0.011170212765957447 0.024074074074074074
4 0.23590425531914894 0.3773148148148148 0.006914893617021276 0.01574074074074074
4 0.3069148936170213 0.375 0.006382978723404255 0.014814814814814815
4 0.3824468085106383 0.4078703703703704 0.01276595744680851 0.028703703703703703
4 0.40877659574468084 0.37546296296296294 0.005851063829787234 0.01574074074074074
4 0.45053191489361705 0.3787037037037037 0.006382978723404255 0.016666666666666666
4 0.8765957446808511 0.4444444444444444 0.02446808510638298 0.044444444444444446
4 0.7755319148936171 0.46296296296296297 0.023404255319148935 0.05185185185185185
4 0.6486702127659575 0.43333333333333335 0.01648936170212766 0.03888888888888889
4 0.7127659574468085 0.41435185185185186 0.01276595744680851 0.030555555555555555
4 0.6212765957446809 0.4 0.009574468085106383 0.024074074074074074
4 0.5279255319148937 0.41759259259259257 0.013297872340425532 0.03333333333333333
4 0.5518617021276596 0.3888888888888889 0.007978723404255319 0.020370370370370372
4 0.4954787234042553 0.38287037037037036 0.007978723404255319 0.017592592592592594