0 0.2214484679665738 0.5584192439862543 0.037604456824512536 0.030927835051546393
0 0.40598885793871864 0.5023625429553265 0.009749303621169917 0.01675257731958763
0 0.45125348189415043 0.4957044673539519 0.008356545961002786 0.013745704467353952
0 0.6485027855153204 0.5562714776632303 0.027506963788300837 0.0352233676975945
0 0.6295264623955432 0.5062285223367697 0.009749303621169917 0.015893470790378006
0 0.7825557103064067 0.5231958762886598 0.016364902506963788 0.022336769759450172
0 0.6545961002785515 0.4892611683848797 0.004178272980501393 0.00859106529209622
0 0.6464136490250696 0.485180412371134 0.00383008356545961 0.006443298969072165
0 0.6873259052924791 0.48668384879725085 0.004874651810584958 0.007731958762886598
0 0.6829735376044568 0.4843213058419244 0.00383008356545961 0.006443298969072165
4 0.34540389972144847 0.5212628865979382 0.016016713091922007 0.020189003436426118
4 0.6754874651810585 0.6168384879725086 0.04317548746518106 0.061855670103092786
4 0.8264275766016713 0.555627147766323 0.021239554317548745 0.0313573883161512
4 0.6704387186629527 0.5412371134020618 0.026114206128133706 0.020618556701030927
4 0.6471100278551533 0.5154639175257731 0.014972144846796657 0.019759450171821305
4 0.616991643454039 0.4963487972508591 0.006267409470752089 0.011597938144329897
4 0.6928969359331476 0.49226804123711343 0.005571030640668524 0.010309278350515464
4 0.6514623955431755 0.4950601374570447 0.006267409470752089 0.010738831615120275
2 0.44707520891364905 0.5148195876288659 0.013231197771587743 0.01675257731958763
2 0.6244777158774373 0.5008591065292096 0.007311977715877437 0.013745704467353952
2 0.7912604456824512 0.5066580756013745 0.0100974930362117 0.015893470790378006
2 0.6925487465181058 0.5092353951890034 0.010445682451253482 0.015893470790378006
2 0.6979456824512534 0.49742268041237114 0.006615598885793872 0.010309278350515464
2 0.7066504178272981 0.4892611683848797 0.005222841225626741 0.00859106529209622