0 0.3476063829787234 0.4587962962962963 0.022872340425531913 0.05462962962962963
0 0.3425531914893617 0.3560185185185185 0.006382978723404255 0.013888888888888888
0 0.4015957446808511 0.3574074074074074 0.006382978723404255 0.012962962962962963
0 0.4640957446808511 0.3597222222222222 0.005851063829787234 0.01574074074074074
0 0.5039893617021277 0.41712962962962963 0.01648936170212766 0.03796296296296296
0 0.511436170212766 0.36064814814814816 0.005851063829787234 0.013888888888888888
0 0.5784574468085106 0.36574074074074076 0.005851063829787234 0.016666666666666666
0 0.5837765957446809 0.39351851851851855 0.011170212765957447 0.027777777777777776
0 0.6090425531914894 0.36944444444444446 0.00851063829787234 0.018518518518518517
0 0.6345744680851064 0.37916666666666665 0.009574468085106383 0.023148148148148147
0 0.6409574468085106 0.3712962962962963 0.007446808510638298 0.018518518518518517
0 0.6507978723404255 0.37453703703703706 0.009042553191489361 0.021296296296296296
4 0.33404255319148934 0.3509259259259259 0.005319148936170213 0.011111111111111112
4 0.4101063829787234 0.35324074074074074 0.005319148936170213 0.012037037037037037
4 0.49388297872340425 0.35509259259259257 0.005851063829787234 0.013888888888888888
4 0.5563829787234043 0.35694444444444445 0.005319148936170213 0.013888888888888888
4 0.6257978723404255 0.36064814814814816 0.006914893617021276 0.01574074074074074
4 0.6914893617021277 0.36527777777777776 0.007446808510638298 0.017592592592592594
4 0.7603723404255319 0.3736111111111111 0.007978723404255319 0.021296296296296296
4 0.7436170212765958 0.4263888888888889 0.02021276595744681 0.04351851851851852
4 0.7577127659574469 0.48148148148148145 0.02925531914893617 0.06481481481481481
4 0.8047872340425531 0.3787037037037037 0.009574468085106383 0.022222222222222223
4 0.8186170212765957 0.38657407407407407 0.010638297872340425 0.026851851851851852
4 0.8143617021276596 0.40555555555555556 0.013829787234042552 0.02962962962962963
2 0.449468085106383 0.36527777777777776 0.015957446808510637 0.01574074074074074
2 0.9055851063829787 0.38333333333333336 0.013297872340425532 0.018518518518518517
2 0.9125 0.37824074074074077 0.015425531914893617 0.019444444444444445