0 0.4632978723404255 0.4824074074074074 0.026595744680851064 0.05925925925925926
0 0.22632978723404254 0.6300925925925925 0.06861702127659575 0.1287037037037037
0 0.6082446808510639 0.43194444444444446 0.017553191489361703 0.03981481481481482
0 0.1976063829787234 0.3888888888888889 0.011170212765957447 0.025925925925925925
0 0.7093085106382979 0.40879629629629627 0.014361702127659574 0.03425925925925926
0 0.6002659574468086 0.37407407407407406 0.009042553191489361 0.022222222222222223
0 0.774468085106383 0.3976851851851852 0.011702127659574468 0.028703703703703703
0 0.6867021276595745 0.37453703703703706 0.009574468085106383 0.021296296296296296
0 0.7816489361702128 0.3824074074074074 0.011170212765957447 0.025925925925925925
0 0.4811170212765957 0.3773148148148148 0.009042553191489361 0.023148148148148147
0 0.3569148936170213 0.3824074074074074 0.009574468085106383 0.024074074074074074
4 0.864095744680851 0.4976851851851852 0.032446808510638296 0.06759259259259259
4 0.3723404255319149 0.37083333333333335 0.009574468085106383 0.021296296296296296
4 0.8430851063829787 0.37037037037037035 0.011702127659574468 0.024074074074074074
4 0.12074468085106382 0.37546296296296294 0.011702127659574468 0.023148148148148147
4 0.7484042553191489 0.36435185185185187 0.009574468085106383 0.021296296296296296
4 0.2449468085106383 0.37407407407407406 0.011170212765957447 0.022222222222222223
4 0.6478723404255319 0.362962962962963 0.00851063829787234 0.020370370370370372
4 0.5569148936170213 0.36435185185185187 0.00851063829787234 0.019444444444444445
4 0.47606382978723405 0.36666666666666664 0.007446808510638298 0.020370370370370372