0 0.14606545961002784 0.7103260869565218 0.05188022284122563 0.1967391304347826
4 0.8551532033426184 0.6978260869565217 0.04178272980501393 0.17173913043478262
4 0.8518454038997214 0.5184782608695652 0.022632311977715876 0.08695652173913043
0 0.48903203342618384 0.508695652173913 0.02541782729805014 0.08478260869565217
4 0.8050139275766016 0.40652173913043477 0.008356545961002786 0.034782608695652174
4 0.8556754874651811 0.45543478260869563 0.014275766016713091 0.05652173913043478
0 0.6599930362116991 0.41956521739130437 0.0100974930362117 0.041304347826086954
0 0.6401462395543176 0.45108695652173914 0.013579387186629526 0.058695652173913045
4 0.8290389972144847 0.42445652173913045 0.011142061281337047 0.042391304347826085
0 0.7473885793871866 0.37282608695652175 0.005222841225626741 0.01956521739130435
4 0.7802924791086351 0.39456521739130435 0.00766016713091922 0.030434782608695653
0 0.7982242339832869 0.3717391304347826 0.005222841225626741 0.01956521739130435
4 0.887883008356546 0.3804347826086957 0.005571030640668524 0.021739130434782608
0 0.8556754874651811 0.3733695652173913 0.004526462395543176 0.01847826086956522
0 0.6633008356545961 0.40108695652173915 0.006267409470752089 0.03260869565217391
0 0.6972493036211699 0.3766304347826087 0.005222841225626741 0.020652173913043477
4 0.7613161559888579 0.38804347826086955 0.006615598885793872 0.02608695652173913
0 0.6561629526462396 0.39293478260869563 0.005919220055710306 0.02282608695652174
2 0.8993732590529248 0.3565217391304348 0.003481894150417827 0.013043478260869565
2 0.7325905292479109 0.35543478260869565 0.002785515320334262 0.010869565217391304
4 0.8170264623955432 0.3782608695652174 0.005919220055710306 0.02391304347826087
0 0.9314066852367688 0.375 0.006267409470752089 0.021739130434782608