0 0.5907033426183844 0.5801116838487973 0.030292479108635098 0.041666666666666664
0 0.5094011142061281 0.6879295532646048 0.06615598885793872 0.09235395189003437
0 0.35097493036211697 0.5405927835051546 0.018105849582172703 0.024484536082474227
0 0.2522632311977716 0.523840206185567 0.01149025069637883 0.018470790378006873
0 0.23868384401114207 0.5401632302405498 0.016364902506963788 0.02534364261168385
0 0.13387883008356546 0.5180412371134021 0.01149025069637883 0.01632302405498282
0 0.1008008356545961 0.5528350515463918 0.014972144846796657 0.030927835051546393
0 0.05658077994428969 0.5135309278350515 0.008704735376044569 0.015034364261168385
0 0.16956824512534818 0.6095360824742269 0.04108635097493036 0.05670103092783505
4 0.46866295264623953 0.5558419243986255 0.02158774373259053 0.030927835051546393
4 0.3004874651810585 0.5277061855670103 0.013927576601671309 0.020189003436426118
4 0.23084958217270196 0.5277061855670103 0.011142061281337047 0.020189003436426118
4 0.22545264623955433 0.5150343642611683 0.008704735376044569 0.015463917525773196
4 0.16051532033426183 0.5096649484536082 0.009052924791086351 0.01331615120274914
2 0.7282381615598886 0.5532646048109966 0.01915041782729805 0.027491408934707903
2 0.4331476323119777 0.5356529209621993 0.01532033426183844 0.022336769759450172
2 0.24251392757660167 0.5169673539518901 0.010793871866295265 0.015893470790378006
2 0.1269150417827298 0.5272766323024055 0.014972144846796657 0.020189003436426118
2 0.12621866295264625 0.5088058419243986 0.009401114206128134 0.01245704467353952
2 0.10776462395543175 0.5588487972508591 0.028899721448467967 0.03350515463917526
2 0.09801532033426184 0.5371563573883161 0.014972144846796657 0.024484536082474227
2 0.06302228412256268 0.5197594501718213 0.013927576601671309 0.01804123711340206
2 0.35393454038997213 0.5829037800687286 0.027506963788300837 0.04209621993127148
2 0.1333565459610028 0.7695446735395189 0.10376044568245125 0.14132302405498282