0 0.6500696378830083 0.37533783783783786 0.03969359331476323 0.09527027027027027
0 0.2694986072423398 0.6956081081081081 0.10515320334261838 0.24121621621621622
0 0.7486072423398329 0.28885135135135137 0.027158774373259052 0.06148648648648649
0 0.804491643454039 0.23141891891891891 0.017061281337047353 0.04121621621621622
0 0.791608635097493 0.2114864864864865 0.012186629526462395 0.031081081081081083
0 0.7573119777158774 0.1864864864864865 0.00766016713091922 0.01891891891891892
0 0.7031685236768802 0.20405405405405405 0.009401114206128134 0.024324324324324326
0 0.8746518105849582 0.16959459459459458 0.00766016713091922 0.01891891891891892
4 0.8650766016713092 0.18344594594594596 0.010793871866295265 0.02364864864864865
4 0.9068593314763231 0.175 0.0100974930362117 0.022972972972972974
2 0.1333565459610028 0.779054054054054 0.10515320334261838 0.24324324324324326