0 0.17845744680851064 0.41805555555555557 0.017553191489361703 0.03981481481481482
0 0.3949468085106383 0.5194444444444445 0.04202127659574468 0.08333333333333333
0 0.4803191489361702 0.425462962962963 0.018085106382978722 0.03796296296296296
0 0.3300531914893617 0.4125 0.015425531914893617 0.03425925925925926
0 0.4997340425531915 0.46620370370370373 0.027127659574468086 0.058333333333333334
0 0.15425531914893617 0.3814814814814815 0.010638297872340425 0.018518518518518517
0 0.3300531914893617 0.3814814814814815 0.009042553191489361 0.014814814814814815
0 0.4808510638297872 0.37916666666666665 0.00851063829787234 0.013888888888888888
0 0.5888297872340426 0.37546296296296294 0.00851063829787234 0.013888888888888888
0 0.7055851063829788 0.37592592592592594 0.010106382978723405 0.012962962962962963
0 0.7906914893617021 0.3837962962962963 0.013297872340425532 0.01574074074074074
0 0.8638297872340426 0.3912037037037037 0.013829787234042552 0.01574074074074074
4 0.8925531914893617 0.48518518518518516 0.03297872340425532 0.06111111111111111
4 0.7856382978723404 0.43148148148148147 0.02021276595744681 0.040740740740740744
4 0.11382978723404255 0.3976851851851852 0.014893617021276596 0.032407407407407406
4 0.5361702127659574 0.40046296296296297 0.01276595744680851 0.030555555555555555
4 0.2702127659574468 0.3925925925925926 0.013829787234042552 0.02962962962962963
4 0.6558510638297872 0.412962962962963 0.015957446808510637 0.03333333333333333
4 0.41329787234042553 0.3921296296296296 0.01276595744680851 0.028703703703703703