1 0.26323119777158777 0.36793478260869567 0.02158774373259053 0.13369565217391305
4 0.18924094707520892 0.2896739130434783 0.01149025069637883 0.04673913043478261
0 0.06772284122562675 0.2016304347826087 0.005222841225626741 0.01847826086956522
4 0.21135097493036212 0.3190217391304348 0.013927576601671309 0.057608695652173914
4 0.9018105849582173 0.3804347826086957 0.008356545961002786 0.03260869565217391
4 0.9427228412256268 0.3581521739130435 0.005919220055710306 0.020652173913043477
4 0.8687325905292479 0.3652173913043478 0.006267409470752089 0.02826086956521739
4 0.8887534818941504 0.3358695652173913 0.00383008356545961 0.013043478260869565
1 0.28586350974930363 0.3869565217391304 0.034122562674094706 0.14782608695652175
4 0.7258008356545961 0.3032608695652174 0.00383008356545961 0.015217391304347827
4 0.8560236768802229 0.3565217391304348 0.007311977715877437 0.02391304347826087
0 0.2741991643454039 0.2190217391304348 0.0031337047353760445 0.011956521739130435
4 0.8495821727019499 0.32717391304347826 0.003481894150417827 0.015217391304347827
0 0.12970055710306408 0.2076086956521739 0.00383008356545961 0.015217391304347827
0 0.2137883008356546 0.20978260869565218 0.002785515320334262 0.013043478260869565
4 0.4178272980501393 0.5869565217391305 0.04247910863509749 0.1608695652173913
4 0.13509749303621169 0.2668478260869565 0.010445682451253482 0.04021739130434782
0 0.30571030640668523 0.22282608695652173 0.002785515320334262 0.010869565217391304
4 0.8911908077994429 0.35054347826086957 0.005222841225626741 0.01847826086956522
4 0.24669220055710306 0.21739130434782608 0.00383008356545961 0.013043478260869565
4 0.572075208913649 0.26902173913043476 0.0020891364902506965 0.011956521739130435
0 0.10724233983286909 0.20652173913043478 0.004178272980501393 0.017391304347826087
4 0.9225278551532033 0.3451086956521739 0.004526462395543176 0.016304347826086956
4 0.557625348189415 0.26304347826086955 0.002437325905292479 0.010869565217391304
0 0.6157729805013927 0.27608695652173915 0.002437325905292479 0.010869565217391304
4 0.19690111420612813 0.2190217391304348 0.004526462395543176 0.016304347826086956
4 0.314066852367688 0.22608695652173913 0.003481894150417827 0.013043478260869565
4 0.8128481894150418 0.31956521739130433 0.0031337047353760445 0.013043478260869565
4 0.6424094707520891 0.28641304347826085 0.002785515320334262 0.014130434782608696
4 0.5456128133704735 0.2592391304347826 0.0020891364902506965 0.011956521739130435
4 0.5786908077994429 0.2717391304347826 0.0020891364902506965 0.010869565217391304
4 0.6821030640668524 0.29456521739130437 0.003481894150417827 0.015217391304347827
0 0.35863509749303624 0.22934782608695653 0.0020891364902506965 0.010869565217391304
4 0.862291086350975 0.3472826086956522 0.005919220055710306 0.02282608695652174
4 0.3957172701949861 0.23695652173913043 0.002437325905292479 0.013043478260869565
4 0.522458217270195 0.2554347826086957 0.002437325905292479 0.008695652173913044
0 0.807799442896936 0.31521739130434784 0.002785515320334262 0.013043478260869565
4 0.05188022284122563 0.24347826086956523 0.005571030640668524 0.0391304347826087
0 0.24373259052924792 0.21358695652173912 0.002785515320334262 0.011956521739130435
4 0.26497214484679665 0.2190217391304348 0.003481894150417827 0.014130434782608696
0 0.540041782729805 0.25706521739130433 0.0020891364902506965 0.009782608695652175
0 0.18697771587743733 0.2076086956521739 0.002785515320334262 0.013043478260869565
0 0.7562674094707521 0.3048913043478261 0.002785515320334262 0.014130434782608696
0 0.36629526462395545 0.23097826086956522 0.0020891364902506965 0.009782608695652175
4 0.6082869080779945 0.2798913043478261 0.002785515320334262 0.014130434782608696
0 0.6603412256267409 0.28804347826086957 0.002437325905292479 0.013043478260869565
4 0.22092618384401114 0.22065217391304348 0.004526462395543176 0.017391304347826087
0 0.3239902506963788 0.22554347826086957 0.002437325905292479 0.011956521739130435
4 0.4338440111420613 0.24021739130434783 0.002785515320334262 0.010869565217391304
0 0.8629874651810585 0.32771739130434785 0.0031337047353760445 0.014130434782608696
4 0.5675487465181058 0.26467391304347826 0.0020891364902506965 0.011956521739130435
4 0.23694289693593315 0.21684782608695652 0.0031337047353760445 0.014130434782608696
4 0.7778551532033426 0.3119565217391304 0.003481894150417827 0.013043478260869565
0 0.6251740947075209 0.2793478260869565 0.002437325905292479 0.010869565217391304
0 0.9181754874651811 0.3407608695652174 0.002785515320334262 0.011956521739130435
0 0.7087395543175488 0.2967391304347826 0.002437325905292479 0.013043478260869565
4 0.2336350974930362 0.22010869565217392 0.003481894150417827 0.014130434782608696
0 0.3448816155988858 0.22934782608695653 0.002437325905292479 0.010869565217391304
0 0.6185584958217271 0.2777173913043478 0.002437325905292479 0.009782608695652175
4 0.10201949860724234 0.21141304347826087 0.006963788300835654 0.020652173913043477
0 0.6841922005571031 0.29184782608695653 0.002785515320334262 0.014130434782608696
0 0.1575557103064067 0.2108695652173913 0.00383008356545961 0.017391304347826087
0 0.17165738161559888 0.21032608695652175 0.004178272980501393 0.016304347826086956
4 0.40616295264623953 0.2375 0.0017409470752089136 0.009782608695652175
0 0.5936629526462396 0.2684782608695652 0.0020891364902506965 0.010869565217391304
4 0.41591225626740946 0.2375 0.002437325905292479 0.011956521739130435
0 0.6096796657381616 0.2733695652173913 0.0020891364902506965 0.009782608695652175
4 0.3424442896935933 0.2298913043478261 0.0031337047353760445 0.011956521739130435
0 0.3812674094707521 0.23152173913043478 0.002785515320334262 0.010869565217391304
4 0.37691504178272983 0.23478260869565218 0.0031337047353760445 0.013043478260869565
4 0.9488161559888579 0.3521739130434783 0.004874651810584958 0.017391304347826087
4 0.24042479108635098 0.21956521739130436 0.00383008356545961 0.015217391304347827
0 0.47214484679665736 0.24565217391304348 0.0020891364902506965 0.008695652173913044
4 0.4542130919220056 0.24347826086956523 0.002437325905292479 0.010869565217391304
0 0.40964484679665736 0.23423913043478262 0.0017409470752089136 0.009782608695652175
4 0.4996518105849582 0.25 0.0020891364902506965 0.010869565217391304
4 0.47719359331476324 0.2467391304347826 0.002437325905292479 0.010869565217391304
0 0.4387186629526462 0.2391304347826087 0.0020891364902506965 0.008695652173913044
4 0.2696727019498607 0.40217391304347827 0.014972144846796657 0.08695652173913043
4 0.15633704735376044 0.21521739130434783 0.004874651810584958 0.01956521739130435
0 0.5064415041782729 0.2510869565217391 0.0017409470752089136 0.008695652173913044
4 0.5703342618384402 0.2668478260869565 0.0020891364902506965 0.011956521739130435
0 0.179491643454039 0.20923913043478262 0.0031337047353760445 0.016304347826086956
0 0.6411908077994429 0.28152173913043477 0.002437325905292479 0.013043478260869565
4 0.8560236768802229 0.34945652173913044 0.005919220055710306 0.025