0 0.43138297872340425 0.4217592592592593 0.014893617021276596 0.03425925925925926
0 0.36329787234042554 0.49398148148148147 0.030851063829787233 0.06759259259259259
0 0.45398936170212767 0.3976851851851852 0.009042553191489361 0.023148148148148147
0 0.46595744680851064 0.3837962962962963 0.006382978723404255 0.017592592592592594
0 0.4720744680851064 0.37546296296296294 0.0047872340425531915 0.01574074074074074
0 0.4773936170212766 0.37037037037037035 0.003723404255319149 0.012962962962962963
0 0.4811170212765957 0.36666666666666664 0.003723404255319149 0.012962962962962963
4 0.7207446808510638 0.4898148148148148 0.031914893617021274 0.06666666666666667
4 0.5795212765957447 0.3972222222222222 0.010106382978723405 0.024074074074074074
4 0.6175531914893617 0.42083333333333334 0.013829787234042552 0.03425925925925926
4 0.5606382978723404 0.38425925925925924 0.00851063829787234 0.018518518518518517
4 0.548936170212766 0.3768518518518518 0.006382978723404255 0.014814814814814815
4 0.5406914893617021 0.3712962962962963 0.0047872340425531915 0.012962962962962963
4 0.5361702127659574 0.3675925925925926 0.0031914893617021275 0.009259259259259259
4 0.5313829787234042 0.36527777777777776 0.0031914893617021275 0.010185185185185186