0 0.11142061281337047 0.5143900343642611 0.016016713091922007 0.02104810996563574
0 0.25853064066852366 0.49699312714776633 0.007311977715877437 0.010309278350515464
0 0.3046657381615599 0.5195446735395189 0.012534818941504178 0.019329896907216496
0 0.3319986072423398 0.5012886597938144 0.007311977715877437 0.011168384879725086
0 0.37813370473537605 0.49849656357388317 0.006267409470752089 0.009879725085910653
0 0.39153899721448465 0.5128865979381443 0.0100974930362117 0.015463917525773196
0 0.5200208913649025 0.5 0.004526462395543176 0.00859106529209622
0 0.5170612813370473 0.5122422680412371 0.006963788300835654 0.01331615120274914
0 0.5125348189415042 0.5212628865979382 0.011142061281337047 0.01761168384879725
0 0.552924791086351 0.5036512027491409 0.005571030640668524 0.009879725085910653
0 0.5825208913649025 0.5128865979381443 0.00766016713091922 0.01288659793814433
0 0.6081128133704735 0.5083762886597938 0.006615598885793872 0.010738831615120275
0 0.6364902506963789 0.5158934707903781 0.008356545961002786 0.013745704467353952
0 0.6899373259052924 0.5309278350515464 0.01149025069637883 0.018900343642611683
0 0.6965529247910863 0.563573883161512 0.023328690807799445 0.03264604810996564
0 0.5623259052924791 0.5332903780068728 0.013927576601671309 0.02190721649484536
0 0.35584958217270196 0.583118556701031 0.03203342618384401 0.04768041237113402
4 0.078516713091922 0.6786941580756014 0.05954038997214485 0.09707903780068729
4 0.06371866295264624 0.5594931271477663 0.029944289693593314 0.041666666666666664
4 0.14206128133704735 0.5354381443298969 0.02437325905292479 0.029639175257731958
4 0.258008356545961 0.5053694158075601 0.010445682451253482 0.014175257731958763
4 0.41991643454038996 0.5012886597938144 0.006963788300835654 0.011168384879725086
4 0.43018802228412256 0.5062285223367697 0.008008356545961003 0.01331615120274914
4 0.44220055710306405 0.49871134020618557 0.005571030640668524 0.009450171821305841
4 0.4674442896935933 0.49763745704467355 0.005222841225626741 0.00902061855670103
4 0.5767757660167131 0.5015034364261168 0.005222841225626741 0.00816151202749141
4 0.592966573816156 0.5092353951890034 0.00766016713091922 0.011597938144329897
4 0.6072423398328691 0.5051546391752577 0.005571030640668524 0.009450171821305841
4 0.6283077994428969 0.5113831615120275 0.007311977715877437 0.011597938144329897
4 0.6723537604456824 0.5229810996563574 0.009749303621169917 0.015893470790378006
4 0.6408426183844012 0.5551975945017182 0.02193593314763231 0.03049828178694158
2 0.4761490250696379 0.5285652920962199 0.014972144846796657 0.02190721649484536
2 0.4878133704735376 0.5498281786941581 0.022284122562674095 0.030927835051546393
2 0.5181058495821727 0.5030068728522337 0.004874651810584958 0.009450171821305841
2 0.5146239554317549 0.5131013745704467 0.006963788300835654 0.014175257731958763
2 0.5238509749303621 0.5085910652920962 0.006615598885793872 0.012027491408934709
2 0.5419568245125348 0.5064432989690721 0.006615598885793872 0.010309278350515464
2 0.5581476323119777 0.5 0.004874651810584958 0.007731958762886598
2 0.5893105849582173 0.523840206185567 0.0100974930362117 0.01675257731958763
2 0.6142061281337048 0.5062285223367697 0.005571030640668524 0.009879725085910653
2 0.6908077994428969 0.5171821305841925 0.008356545961002786 0.013745704467353952
2 0.8375696378830083 0.5343642611683849 0.010793871866295265 0.01718213058419244
2 0.8997214484679665 0.5554123711340206 0.018802228412256268 0.02577319587628866