0 0.2992021276595745 0.5699324324324324 0.007978723404255319 0.01418918918918919
0 0.2473404255319149 0.5722972972972973 0.007446808510638298 0.014864864864864866
0 0.14813829787234042 0.5773648648648648 0.009042553191489361 0.018243243243243244
0 0.6396276595744681 0.6108108108108108 0.018617021276595744 0.031081081081081083
0 0.6321808510638298 0.5790540540540541 0.006914893617021276 0.016216216216216217
0 0.5045212765957446 0.6182432432432432 0.022872340425531913 0.04054054054054054
0 0.2351063829787234 0.6817567567567567 0.04893617021276596 0.07027027027027027
0 0.7656914893617022 0.6033783783783784 0.01223404255319149 0.021621621621621623
0 0.6808510638297872 0.5847972972972973 0.010638297872340425 0.016891891891891893
0 0.7335106382978723 0.6094594594594595 0.013829787234042552 0.024324324324324326
0 0.4521276595744681 0.5709459459459459 0.007446808510638298 0.014864864864864866
0 0.3638297872340426 0.5692567567567568 0.007446808510638298 0.01418918918918919
0 0.714627659574468 0.5709459459459459 0.005851063829787234 0.00945945945945946
0 0.5534574468085106 0.5743243243243243 0.006914893617021276 0.014864864864864866
0 0.8906914893617022 0.5783783783783784 0.007978723404255319 0.010810810810810811
0 0.7906914893617021 0.5733108108108108 0.0047872340425531915 0.011486486486486487
0 0.5180851063829788 0.5648648648648649 0.00425531914893617 0.00945945945945946
0 0.7329787234042553 0.5932432432432433 0.010638297872340425 0.01891891891891892
0 0.6029255319148936 0.5679054054054054 0.006914893617021276 0.011486486486486487
0 0.4396276595744681 0.5635135135135135 0.0047872340425531915 0.00945945945945946
4 0.46861702127659577 0.5638513513513513 0.006382978723404255 0.011486486486486487
4 0.7515957446808511 0.5766891891891892 0.009574468085106383 0.01418918918918919
4 0.6577127659574468 0.5699324324324324 0.007978723404255319 0.012837837837837839
4 0.17553191489361702 0.5658783783783784 0.00851063829787234 0.012837837837837839
4 0.8643617021276596 0.589527027027027 0.01276595744680851 0.019594594594594596
4 0.4178191489361702 0.5614864864864865 0.0047872340425531915 0.00945945945945946
4 0.27154255319148934 0.5618243243243243 0.0047872340425531915 0.011486486486486487
4 0.5635638297872341 0.5658783783783784 0.005851063829787234 0.011486486486486487
4 0.8585106382978723 0.5780405405405405 0.00851063829787234 0.01418918918918919
4 0.775 0.5746621621621621 0.006382978723404255 0.012837837837837839
4 0.6888297872340425 0.5712837837837837 0.006382978723404255 0.011486486486486487
4 0.5811170212765957 0.5675675675675675 0.006914893617021276 0.013513513513513514
4 0.48856382978723406 0.5645270270270271 0.005851063829787234 0.010135135135135136
4 0.3704787234042553 0.5621621621621622 0.005851063829787234 0.012162162162162163