0 0.19122340425531914 0.46944444444444444 0.022872340425531913 0.046296296296296294
0 0.3050531914893617 0.4375 0.014361702127659574 0.03611111111111111
0 0.37792553191489364 0.41435185185185186 0.011170212765957447 0.026851851851851852
0 0.19148936170212766 0.38472222222222224 0.009574468085106383 0.019444444444444445
0 0.3050531914893617 0.37777777777777777 0.007978723404255319 0.018518518518518517
0 0.39335106382978724 0.37175925925925923 0.006914893617021276 0.017592592592592594
0 0.527127659574468 0.38425925925925924 0.00851063829787234 0.020370370370370372
0 0.5361702127659574 0.36527777777777776 0.006382978723404255 0.01574074074074074
0 0.47712765957446807 0.3680555555555556 0.007446808510638298 0.019444444444444445
0 0.4595744680851064 0.3972222222222222 0.009574468085106383 0.024074074074074074
0 0.5731382978723404 0.3773148148148148 0.007978723404255319 0.019444444444444445
0 0.5920212765957447 0.36898148148148147 0.006382978723404255 0.017592592592592594
0 0.8896276595744681 0.3541666666666667 0.011170212765957447 0.012037037037037037
0 0.8606382978723405 0.350462962962963 0.009574468085106383 0.012037037037037037
4 0.1199468085106383 0.37777777777777777 0.009042553191489361 0.020370370370370372
4 0.21569148936170213 0.375 0.007978723404255319 0.018518518518518517
4 0.3125 0.37037037037037035 0.007978723404255319 0.018518518518518517
4 0.3906914893617021 0.3648148148148148 0.006914893617021276 0.014814814814814815
4 0.5287234042553192 0.43194444444444446 0.015957446808510637 0.03796296296296296
4 0.5361702127659574 0.4671296296296296 0.02446808510638298 0.05277777777777778
4 0.5497340425531915 0.4125 0.01223404255319149 0.030555555555555555
4 0.5172872340425532 0.3592592592592593 0.006914893617021276 0.016666666666666666
4 0.451063829787234 0.3611111111111111 0.006382978723404255 0.016666666666666666
4 0.5872340425531914 0.3578703703703704 0.006382978723404255 0.01574074074074074
4 0.6300531914893617 0.3962962962962963 0.011170212765957447 0.025925925925925925
4 0.6438829787234043 0.36018518518518516 0.006914893617021276 0.016666666666666666
4 0.6901595744680851 0.36527777777777776 0.007978723404255319 0.017592592592592594
4 0.6968085106382979 0.3824074074074074 0.009574468085106383 0.022222222222222223
4 0.7263297872340425 0.37037037037037035 0.009042553191489361 0.020370370370370372
1 0.09122340425531915 0.5324074074074074 0.03351063829787234 0.1425925925925926
1 0.652127659574468 0.5203703703703704 0.05638297872340425 0.14074074074074075
1 0.6015957446808511 0.4976851851851852 0.05 0.11944444444444445