0 0.4465529247910863 0.5402173913043479 0.030292479108635098 0.1108695652173913
0 0.6171657381615598 0.45706521739130435 0.019846796657381614 0.07065217391304347
0 0.6866295264623955 0.41032608695652173 0.013231197771587743 0.051086956521739134
0 0.6337047353760445 0.3869565217391304 0.009749303621169917 0.0391304347826087
0 0.5978412256267409 0.3673913043478261 0.009052924791086351 0.03260869565217391
0 0.5842618384401114 0.35380434782608694 0.006963788300835654 0.02717391304347826
4 0.9058147632311978 0.4146739130434783 0.014972144846796657 0.05543478260869565
4 0.810933147632312 0.38858695652173914 0.011142061281337047 0.042391304347826085
4 0.7432103064066853 0.37228260869565216 0.009401114206128134 0.035869565217391305
4 0.9453342618384402 0.46902173913043477 0.011838440111420613 0.07717391304347826
4 0.7031685236768802 0.35597826086956524 0.006615598885793872 0.02717391304347826
0 0.6075905292479109 0.3467391304347826 0.006267409470752089 0.02391304347826087
0 0.6417130919220055 0.3391304347826087 0.004178272980501393 0.01956521739130435
0 0.6643454038997214 0.3358695652173913 0.004178272980501393 0.017391304347826087
0 0.645717270194986 0.33260869565217394 0.00383008356545961 0.015217391304347827
4 0.721100278551532 0.34782608695652173 0.005571030640668524 0.021739130434782608
4 0.7308495821727019 0.34130434782608693 0.004874651810584958 0.01956521739130435
4 0.7385097493036211 0.3358695652173913 0.004178272980501393 0.017391304347826087
4 0.9136490250696379 0.3451086956521739 0.005571030640668524 0.02282608695652174