4 0.6293523676880223 0.5597826086956522 0.030988857938718663 0.10869565217391304
4 0.7613161559888579 0.41195652173913044 0.01149025069637883 0.041304347826086954
4 0.8727367688022284 0.5010869565217392 0.02541782729805014 0.08043478260869565
0 0.2524373259052925 0.503804347826087 0.02298050139275766 0.09021739130434783
0 0.12134401114206128 0.7652173913043478 0.03377437325905292 0.16521739130434782
4 0.8652506963788301 0.4043478260869565 0.009052924791086351 0.03695652173913044
0 0.40407381615598886 0.3858695652173913 0.0100974930362117 0.041304347826086954
0 0.32520891364902504 0.4331521739130435 0.013927576601671309 0.057608695652173914
0 0.8777855153203342 0.3739130434782609 0.006963788300835654 0.02608695652173913
0 0.7071727019498607 0.3766304347826087 0.00766016713091922 0.029347826086956522
0 0.5966225626740947 0.3739130434782609 0.008008356545961003 0.03260869565217391
4 0.838091922005571 0.453804347826087 0.016016713091922007 0.057608695652173914
4 0.9301880222841226 0.43478260869565216 0.014275766016713091 0.04782608695652174
4 0.6305710306406686 0.41793478260869565 0.011838440111420613 0.04673913043478261
0 0.802924791086351 0.3755434782608696 0.006963788300835654 0.02717391304347826
0 0.9178272980501393 0.3701086956521739 0.005571030640668524 0.02282608695652174
0 0.9348885793871866 0.36684782608695654 0.004874651810584958 0.020652173913043477
4 0.5597144846796658 0.4369565217391304 0.014275766016713091 0.05434782608695652
4 0.9291434540389972 0.7853260869565217 0.030292479108635098 0.125
0 0.48642061281337046 0.375 0.009052924791086351 0.034782608695652174
4 0.5898328690807799 0.47880434782608694 0.018105849582172703 0.07282608695652174