0 0.7167553191489362 0.4097222222222222 0.014361702127659574 0.01574074074074074
0 0.7906914893617021 0.4152777777777778 0.018617021276595744 0.019444444444444445
0 0.8281914893617022 0.38101851851851853 0.006382978723404255 0.01574074074074074
0 0.9146276595744681 0.3962962962962963 0.009042553191489361 0.022222222222222223
0 0.899468085106383 0.38472222222222224 0.00851063829787234 0.019444444444444445
0 0.4587765957446808 0.40046296296296297 0.007978723404255319 0.010185185185185186
0 0.9194148936170212 0.38842592592592595 0.009042553191489361 0.019444444444444445
0 0.7593085106382979 0.3814814814814815 0.0047872340425531915 0.012962962962962963
0 0.6558510638297872 0.4046296296296296 0.011702127659574468 0.012962962962962963
0 0.6803191489361702 0.3824074074074074 0.00425531914893617 0.011111111111111112
0 0.5579787234042554 0.4 0.006382978723404255 0.012962962962962963
0 0.6050531914893617 0.3819444444444444 0.003723404255319149 0.010185185185185186
0 0.39095744680851063 0.4 0.006382978723404255 0.007407407407407408
0 0.5555851063829788 0.38287037037037036 0.003723404255319149 0.010185185185185186
0 0.3316489361702128 0.4 0.0047872340425531915 0.009259259259259259
4 0.19361702127659575 0.5115740740740741 0.02872340425531915 0.062037037037037036
4 0.5215425531914893 0.5388888888888889 0.04308510638297872 0.08333333333333333
2 0.15106382978723404 0.4134259259259259 0.019148936170212766 0.017592592592592594