0 0.1589484679665738 0.6829896907216495 0.06232590529247911 0.09707903780068729
0 0.06998607242339833 0.5152491408934707 0.011838440111420613 0.01675257731958763
0 0.1958565459610028 0.5115979381443299 0.008008356545961003 0.013745704467353952
0 0.28847493036211697 0.5115979381443299 0.008008356545961003 0.01288659793814433
0 0.3603760445682451 0.5146048109965635 0.00766016713091922 0.01288659793814433
0 0.4233983286908078 0.5180412371134021 0.009052924791086351 0.013745704467353952
0 0.5 0.5236254295532646 0.008356545961002786 0.015463917525773196
0 0.5144498607242339 0.5745274914089347 0.02681058495821727 0.037371134020618556
0 0.8448816155988857 0.5551975945017182 0.01915041782729805 0.02620274914089347
4 0.31754874651810583 0.7119845360824743 0.07729805013927576 0.1095360824742268
4 0.11925487465181059 0.5405927835051546 0.019846796657381614 0.028780068728522335
4 0.44080779944289694 0.5487542955326461 0.016713091922005572 0.027920962199312716
4 0.7049094707520891 0.5588487972508591 0.019846796657381614 0.030927835051546393
4 0.8875348189415042 0.5745274914089347 0.027158774373259052 0.03565292096219931
2 0.05658077994428969 0.5498281786941581 0.015668523676880222 0.03178694158075601
2 0.2696727019498607 0.540807560137457 0.017061281337047353 0.02491408934707904
2 0.6274373259052924 0.6359536082474226 0.04596100278551532 0.06572164948453608