0 0.13404255319148936 0.7546296296296297 0.10531914893617021 0.19814814814814816
0 0.29601063829787233 0.5120370370370371 0.03351063829787234 0.07037037037037037
0 0.2944148936170213 0.45601851851851855 0.021808510638297873 0.04722222222222222
0 0.22898936170212766 0.4310185185185185 0.015425531914893617 0.03796296296296296
0 0.15531914893617021 0.41759259259259257 0.014893617021276596 0.03148148148148148
0 0.09867021276595744 0.41388888888888886 0.013297872340425532 0.02962962962962963
4 0.16542553191489362 0.39814814814814814 0.010638297872340425 0.025925925925925925
4 0.7053191489361702 0.48703703703703705 0.03297872340425532 0.06296296296296296
4 0.5284574468085106 0.4375 0.017553191489361703 0.03981481481481482
4 0.40904255319148936 0.4162037037037037 0.014893617021276596 0.032407407407407406
4 0.3281914893617021 0.40370370370370373 0.01276595744680851 0.027777777777777776
4 0.27074468085106385 0.39814814814814814 0.010638297872340425 0.024074074074074074
2 0.7795212765957447 0.44814814814814813 0.03776595744680851 0.040740740740740744