0 0.32520891364902504 0.34293478260869564 0.018802228412256268 0.06195652173913044
0 0.626566852367688 0.33967391304347827 0.0100974930362117 0.04021739130434782
4 0.4714484679665738 0.4940217391304348 0.03064066852367688 0.12065217391304348
4 0.8034470752089137 0.35489130434782606 0.008704735376044569 0.03152173913043478
0 0.8676880222841226 0.3576086956521739 0.006963788300835654 0.02826086956521739
0 0.7609679665738162 0.358695652173913 0.009401114206128134 0.03695652173913044
0 0.11037604456824512 0.41793478260869565 0.036211699164345405 0.11195652173913044
0 0.47893454038997213 0.33043478260869563 0.01288300835654596 0.04782608695652174
0 0.9044220055710307 0.3744565217391304 0.008008356545961003 0.03152173913043478
4 0.8386142061281338 0.39456521739130435 0.01149025069637883 0.04565217391304348
4 0.5275069637883009 0.40543478260869564 0.02158774373259053 0.0782608695652174
2 0.564066852367688 0.3032608695652174 0.00766016713091922 0.030434782608695653
0 0.9033774373259053 0.35434782608695653 0.005919220055710306 0.021739130434782608
2 0.6155988857938719 0.3048913043478261 0.00766016713091922 0.02717391304347826
4 0.6124651810584958 0.3798913043478261 0.016016713091922007 0.057608695652173914
4 0.8405292479108635 0.33641304347826084 0.006267409470752089 0.020652173913043477
4 0.7750696378830083 0.3358695652173913 0.00766016713091922 0.02608695652173913
4 0.7170961002785515 0.3793478260869565 0.014275766016713091 0.05
2 0.7038649025069638 0.328804347826087 0.008008356545961003 0.029347826086956522
4 0.9089484679665738 0.34782608695652173 0.006615598885793872 0.021739130434782608
2 0.6568593314763231 0.3282608695652174 0.009401114206128134 0.03260869565217391
4 0.7931754874651811 0.33152173913043476 0.006963788300835654 0.021739130434782608
0 0.8720403899721448 0.35108695652173916 0.005919220055710306 0.02608695652173913
4 0.5706824512534819 0.7766304347826087 0.026462395543175487 0.1423913043478261