0 0.11403203342618384 0.711340206185567 0.07764623955431754 0.09192439862542956
0 0.3542827298050139 0.5597079037800687 0.018454038997214484 0.022336769759450172
0 0.36246518105849584 0.5435996563573883 0.011142061281337047 0.015893470790378006
0 0.39658774373259054 0.5339347079037801 0.009052924791086351 0.01288659793814433
0 0.45403899721448465 0.5702319587628866 0.019498607242339833 0.028780068728522335
0 0.4416782729805014 0.5281357388316151 0.006615598885793872 0.010738831615120275
0 0.5210654596100278 0.5242697594501718 0.006615598885793872 0.009879725085910653
0 0.5870473537604457 0.5223367697594502 0.006267409470752089 0.009450171821305841
0 0.6185584958217271 0.613831615120275 0.03377437325905292 0.05154639175257732
0 0.6615598885793872 0.5498281786941581 0.014623955431754874 0.023195876288659795
0 0.6411908077994429 0.5229810996563574 0.005919220055710306 0.009879725085910653
0 0.6864554317548747 0.523840206185567 0.006615598885793872 0.011597938144329897
0 0.7405988857938719 0.5255584192439863 0.008356545961002786 0.01245704467353952
4 0.05814763231197772 0.5710910652920962 0.018802228412256268 0.02534364261168385
4 0.25487465181058494 0.5504725085910653 0.013927576601671309 0.018470790378006873
4 0.4623955431754875 0.5390893470790378 0.011142061281337047 0.01632302405498282
4 0.4963440111420613 0.5749570446735395 0.022632311977715876 0.03307560137457045
4 0.6493732590529248 0.5405927835051546 0.013231197771587743 0.018470790378006873
4 0.8262534818941504 0.5435996563573883 0.016016713091922007 0.02276632302405498
4 0.9435933147632312 0.5509020618556701 0.014623955431754874 0.027920962199312716
2 0.125 0.5938573883161512 0.02437325905292479 0.03651202749140894
2 0.5936629526462396 0.8608247422680413 0.11768802228412256 0.15721649484536082
2 0.24529944289693592 0.5558419243986255 0.016364902506963788 0.020618556701030927
2 0.42896935933147634 0.5427405498281787 0.011838440111420613 0.01675257731958763
2 0.5470055710306406 0.5380154639175257 0.010445682451253482 0.015893470790378006
2 0.6486768802228412 0.5663659793814433 0.019498607242339833 0.03049828178694158
2 0.8084958217270195 0.6048109965635738 0.03899721448467967 0.05240549828178694