0 0.2656685236768802 0.49184782608695654 0.0201949860724234 0.09021739130434783
0 0.304491643454039 0.425 0.014972144846796657 0.05434782608695652
0 0.27959610027855153 0.6842391304347826 0.05362116991643454 0.17717391304347826
0 0.9355849582172702 0.4320652173913043 0.012534818941504178 0.04673913043478261
4 0.7240598885793872 0.5918478260869565 0.03725626740947075 0.12934782608695652
4 0.5156685236768802 0.4092391304347826 0.010445682451253482 0.04021739130434782
4 0.7604456824512534 0.40380434782608693 0.009749303621169917 0.03804347826086957
4 0.7094359331476323 0.4309782608695652 0.01288300835654596 0.04891304347826087
0 0.7064763231197771 0.3733695652173913 0.006267409470752089 0.02282608695652174
4 0.5252437325905293 0.391304347826087 0.008704735376044569 0.03260869565217391
4 0.8659470752089137 0.39510869565217394 0.009052924791086351 0.02717391304347826
4 0.7712395543175488 0.45760869565217394 0.014623955431754874 0.06086956521739131
0 0.5621518105849582 0.3701086956521739 0.006615598885793872 0.02282608695652174
0 0.4900766016713092 0.37228260869565216 0.006615598885793872 0.02717391304347826
4 0.629700557103064 0.3815217391304348 0.007311977715877437 0.02826086956521739
4 0.5745125348189415 0.38369565217391305 0.00766016713091922 0.02826086956521739
0 0.6256963788300836 0.3695652173913043 0.004874651810584958 0.01956521739130435
2 0.11124651810584958 0.34782608695652173 0.007311977715877437 0.02608695652173913
4 0.504874651810585 0.4331521739130435 0.013927576601671309 0.057608695652173914
0 0.8030988857938719 0.38315217391304346 0.007311977715877437 0.02717391304347826
4 0.6777506963788301 0.3793478260869565 0.006615598885793872 0.02608695652173913
4 0.9014623955431755 0.4048913043478261 0.008356545961002786 0.03152173913043478
4 0.8184192200557103 0.4016304347826087 0.0100974930362117 0.03152173913043478
4 0.7634052924791086 0.38532608695652176 0.0031337047353760445 0.025
0 0.3466225626740947 0.39619565217391306 0.009401114206128134 0.03804347826086957
0 0.9183495821727019 0.39619565217391306 0.006615598885793872 0.025
0 0.9481197771587744 0.44456521739130433 0.005571030640668524 0.05
2 0.1655640668523677 0.34347826086956523 0.005919220055710306 0.01956521739130435
4 0.559366295264624 0.4875 0.02193593314763231 0.07717391304347826
2 0.22545264623955433 0.34130434782608693 0.005222841225626741 0.01956521739130435
4 0.716225626740947 0.4157608695652174 0.009052924791086351 0.03804347826086957
0 0.4138231197771588 0.3804347826086957 0.007311977715877437 0.030434782608695653