0 0.4478723404255319 0.3958333333333333 0.01276595744680851 0.032407407407407406
0 0.12845744680851065 0.3638888888888889 0.007978723404255319 0.020370370370370372
0 0.09601063829787235 0.42083333333333334 0.02074468085106383 0.041666666666666664
0 0.7888297872340425 0.3523148148148148 0.009574468085106383 0.017592592592592594
0 0.6821808510638298 0.42824074074074076 0.019680851063829788 0.04722222222222222
0 0.6018617021276595 0.36574074074074076 0.005851063829787234 0.014814814814814815
0 0.3816489361702128 0.36574074074074076 0.007978723404255319 0.018518518518518517
0 0.29095744680851066 0.41064814814814815 0.018085106382978722 0.03796296296296296
0 0.9140957446808511 0.34953703703703703 0.009042553191489361 0.019444444444444445
0 0.6848404255319149 0.3592592592592593 0.006914893617021276 0.016666666666666666
0 0.44627659574468087 0.3699074074074074 0.007446808510638298 0.019444444444444445
0 0.29414893617021276 0.36342592592592593 0.007446808510638298 0.017592592592592594
0 0.4930851063829787 0.3851851851851852 0.007446808510638298 0.022222222222222223
4 0.6587765957446808 0.3921296296296296 0.013297872340425532 0.030555555555555555
4 0.8226063829787233 0.35648148148148145 0.009042553191489361 0.020370370370370372
4 0.7946808510638298 0.4060185185185185 0.018085106382978722 0.03981481481481482
4 0.4122340425531915 0.4300925925925926 0.02021276595744681 0.049074074074074076
4 0.7382978723404255 0.36157407407407405 0.009574468085106383 0.021296296296296296
4 0.11303191489361702 0.3578703703703704 0.006914893617021276 0.019444444444444445
4 0.6731382978723405 0.36712962962962964 0.007978723404255319 0.023148148148148147
4 0.42686170212765956 0.36064814814814816 0.006914893617021276 0.017592592592592594
4 0.3202127659574468 0.3578703703703704 0.007446808510638298 0.017592592592592594
4 0.5002659574468085 0.3662037037037037 0.006914893617021276 0.01574074074074074
4 0.9226063829787234 0.35648148148148145 0.0047872340425531915 0.022222222222222223
4 0.613031914893617 0.3851851851851852 0.007978723404255319 0.027777777777777776
2 0.7742021276595744 0.49537037037037035 0.036702127659574466 0.07962962962962963
2 0.3396276595744681 0.48564814814814816 0.034574468085106384 0.0787037037037037
2 0.5364361702127659 0.3425925925925926 0.0047872340425531915 0.011111111111111112
2 0.5875 0.36157407407407405 0.0047872340425531915 0.01574074074074074
2 0.5824468085106383 0.35648148148148145 0.006382978723404255 0.014814814814814815
2 0.5776595744680851 0.34953703703703703 0.00425531914893617 0.013888888888888888
2 0.5710106382978724 0.3439814814814815 0.0047872340425531915 0.013888888888888888
2 0.5654255319148936 0.34120370370370373 0.00425531914893617 0.012037037037037037
2 0.551595744680851 0.3421296296296296 0.006382978723404255 0.012037037037037037
2 0.5207446808510638 0.3421296296296296 0.00425531914893617 0.010185185185185186
2 0.5074468085106383 0.36342592592592593 0.006382978723404255 0.01574074074074074
1 0.4848404255319149 0.37962962962962965 0.01223404255319149 0.040740740740740744
1 0.4933510638297872 0.375 0.010106382978723405 0.03888888888888889
1 0.6220744680851064 0.3787037037037037 0.011170212765957447 0.044444444444444446
1 0.614095744680851 0.3712962962962963 0.009042553191489361 0.03333333333333333