0 0.1129874651810585 0.5212628865979382 0.010793871866295265 0.01675257731958763
0 0.1190807799442897 0.5440292096219931 0.018802228412256268 0.02620274914089347
0 0.20821727019498606 0.5115979381443299 0.008356545961002786 0.013745704467353952
0 0.35393454038997213 0.5272766323024055 0.012186629526462395 0.020189003436426118
0 0.40807799442896936 0.5034364261168385 0.006267409470752089 0.011168384879725086
0 0.44237465181058494 0.5070876288659794 0.008008356545961003 0.01245704467353952
0 0.45908774373259054 0.5225515463917526 0.012186629526462395 0.019329896907216496
0 0.5073119777158774 0.5115979381443299 0.009749303621169917 0.014604810996563574
0 0.5342966573816156 0.5246993127147767 0.01288300835654596 0.020189003436426118
0 0.6020194986072424 0.5599226804123711 0.02298050139275766 0.03565292096219931
0 0.2867339832869081 0.5543384879725086 0.024721448467966575 0.03221649484536082
0 0.3048398328690808 0.5955756013745704 0.03516713091922006 0.05111683848797251
4 0.23502785515320335 0.5236254295532646 0.013231197771587743 0.019759450171821305
4 0.2501740947075209 0.5146048109965635 0.0100974930362117 0.015463917525773196
4 0.3008356545961003 0.506872852233677 0.00766016713091922 0.01288659793814433
4 0.344533426183844 0.5032216494845361 0.006615598885793872 0.010738831615120275
4 0.4832869080779944 0.5141752577319587 0.011142061281337047 0.01718213058419244
4 0.48224233983286907 0.501073883161512 0.006267409470752089 0.010738831615120275
4 0.5149721448467967 0.5051546391752577 0.006963788300835654 0.01288659793814433
4 0.5299442896935933 0.5148195876288659 0.006963788300835654 0.01675257731958763
4 0.5795612813370473 0.5380154639175257 0.017061281337047353 0.027061855670103094
4 0.3325208913649025 0.7689003436426117 0.0766016713091922 0.13659793814432988
2 0.12865598885793872 0.5914948453608248 0.03307799442896936 0.04896907216494845
2 0.34314066852367686 0.5304982817869416 0.01288300835654596 0.02147766323024055
2 0.3824860724233983 0.5189003436426117 0.010793871866295265 0.01718213058419244
2 0.397458217270195 0.5075171821305842 0.008008356545961003 0.01331615120274914
2 0.4180013927576602 0.5126718213058419 0.008704735376044569 0.015034364261168385
2 0.431058495821727 0.5502577319587629 0.018802228412256268 0.03006872852233677
2 0.46030640668523676 0.5002147766323024 0.005571030640668524 0.010738831615120275
2 0.5219359331476323 0.5066580756013745 0.008356545961002786 0.01245704467353952
2 0.6152506963788301 0.5229810996563574 0.012534818941504178 0.020189003436426118
2 0.8582869080779945 0.5485395189003437 0.02298050139275766 0.03178694158075601