0 0.27280640668523676 0.6314432989690721 0.05536211699164345 0.07560137457044673
0 0.4312325905292479 0.5178264604810997 0.013579387186629526 0.02276632302405498
0 0.6295264623955432 0.5229810996563574 0.014623955431754874 0.024484536082474227
0 0.8582869080779945 0.5259879725085911 0.01532033426183844 0.024484536082474227
4 0.2684540389972145 0.5242697594501718 0.016713091922005572 0.027061855670103094
4 0.37430362116991645 0.5500429553264605 0.023676880222841225 0.0390893470790378
4 0.4803272980501393 0.5055841924398625 0.0100974930362117 0.01804123711340206
4 0.658774373259053 0.5122422680412371 0.011142061281337047 0.020189003436426118
4 0.9059888579387186 0.5335051546391752 0.018802228412256268 0.027491408934707903
4 0.7458217270194986 0.6110395189003437 0.04247910863509749 0.06400343642611683
2 0.4333217270194986 0.5053694158075601 0.0100974930362117 0.018470790378006873
2 0.5739902506963789 0.5309278350515464 0.01915041782729805 0.028350515463917526
2 0.7092618384401114 0.5148195876288659 0.013231197771587743 0.020189003436426118
2 0.7961350974930362 0.5403780068728522 0.022632311977715876 0.030927835051546393