0 0.3360027855153203 0.7543478260869565 0.05083565459610028 0.18478260869565216
0 0.5715529247910863 0.5565217391304348 0.03447075208913649 0.1108695652173913
0 0.8873607242339833 0.5097826086956522 0.022632311977715876 0.08043478260869565
2 0.07607938718662953 0.32282608695652176 0.01149025069637883 0.034782608695652174
0 0.8478412256267409 0.3809782608695652 0.00766016713091922 0.02282608695652174
2 0.1307451253481894 0.3222826086956522 0.007311977715877437 0.029347826086956522
2 0.7139623955431755 0.35434782608695653 0.004526462395543176 0.013043478260869565
2 0.7623607242339833 0.36032608695652174 0.004526462395543176 0.014130434782608696
2 0.876566852367688 0.3733695652173913 0.004526462395543176 0.016304347826086956
0 0.838091922005571 0.3793478260869565 0.006267409470752089 0.021739130434782608
0 0.8584610027855153 0.3798913043478261 0.005919220055710306 0.01847826086956522
0 0.8772632311977716 0.38967391304347826 0.008008356545961003 0.02282608695652174
0 0.9300139275766016 0.39619565217391306 0.00766016713091922 0.03152173913043478
4 0.934366295264624 0.391304347826087 0.005222841225626741 0.02391304347826087
2 0.8104108635097493 0.3635869565217391 0.004526462395543176 0.016304347826086956