0 0.5638297872340425 0.4013888888888889 0.01276595744680851 0.030555555555555555
0 0.2845744680851064 0.4861111111111111 0.030851063829787233 0.06296296296296296
0 0.6321808510638298 0.3787037037037037 0.009042553191489361 0.022222222222222223
0 0.5867021276595744 0.3731481481481482 0.00851063829787234 0.018518518518518517
0 0.5542553191489362 0.36944444444444446 0.006382978723404255 0.016666666666666666
0 0.6154255319148936 0.38564814814814813 0.009574468085106383 0.025
0 0.47632978723404257 0.4305555555555556 0.01648936170212766 0.040740740740740744
0 0.4843085106382979 0.3638888888888889 0.005851063829787234 0.014814814814814815
0 0.6210106382978723 0.3763888888888889 0.006914893617021276 0.019444444444444445
0 0.7 0.36018518518518516 0.005319148936170213 0.009259259259259259
0 0.9026595744680851 0.3680555555555556 0.007446808510638298 0.010185185185185186
0 0.8069148936170213 0.36435185185185187 0.006382978723404255 0.010185185185185186
0 0.5247340425531914 0.3541666666666667 0.0047872340425531915 0.008333333333333333
0 0.4343085106382979 0.362962962962963 0.005851063829787234 0.014814814814814815
0 0.36861702127659574 0.36018518518518516 0.005319148936170213 0.012962962962962963
0 0.30611702127659574 0.3574074074074074 0.005851063829787234 0.014814814814814815
4 0.7460106382978723 0.3787037037037037 0.009042553191489361 0.020370370370370372
4 0.7941489361702128 0.38472222222222224 0.010638297872340425 0.021296296296296296
4 0.7492021276595745 0.44166666666666665 0.021808510638297873 0.046296296296296294
4 0.7898936170212766 0.5180555555555556 0.035106382978723406 0.075
4 0.6723404255319149 0.37083333333333335 0.006382978723404255 0.017592592592592594
4 0.8140957446808511 0.41388888888888886 0.015425531914893617 0.03333333333333333
4 0.6031914893617021 0.3638888888888889 0.005319148936170213 0.016666666666666666
4 0.5311170212765958 0.36018518518518516 0.0047872340425531915 0.012962962962962963
4 0.8111702127659575 0.39351851851851855 0.011702127659574468 0.027777777777777776
4 0.4656914893617021 0.3578703703703704 0.005851063829787234 0.013888888888888888
4 0.37792553191489364 0.35555555555555557 0.005851063829787234 0.012962962962962963
4 0.2973404255319149 0.3527777777777778 0.005319148936170213 0.012962962962962963
2 0.8976063829787234 0.38935185185185184 0.014361702127659574 0.019444444444444445
2 0.9026595744680851 0.38425925925925924 0.01276595744680851 0.016666666666666666
2 0.4178191489361702 0.3685185185185185 0.015425531914893617 0.014814814814814815