0 0.22234042553191488 0.586574074074074 0.05425531914893617 0.10648148148148148
0 0.3723404255319149 0.47962962962962963 0.023404255319148935 0.04814814814814815
0 0.3723404255319149 0.4444444444444444 0.018085106382978722 0.04259259259259259
0 0.3928191489361702 0.4273148148148148 0.014361702127659574 0.03611111111111111
0 0.3151595744680851 0.412962962962963 0.013297872340425532 0.03148148148148148
0 0.2976063829787234 0.40185185185185185 0.009042553191489361 0.022222222222222223
0 0.35771276595744683 0.3925925925925926 0.006914893617021276 0.020370370370370372
0 0.4103723404255319 0.3861111111111111 0.006914893617021276 0.018518518518518517
0 0.5026595744680851 0.3787037037037037 0.006382978723404255 0.014814814814814815
0 0.47845744680851066 0.3824074074074074 0.007978723404255319 0.016666666666666666
0 0.6284574468085107 0.3699074074074074 0.0047872340425531915 0.012037037037037037
0 0.6792553191489362 0.37175925925925923 0.00425531914893617 0.010185185185185186
4 0.9085106382978724 0.5425925925925926 0.03297872340425532 0.08703703703703704
4 0.7425531914893617 0.4666666666666667 0.022340425531914895 0.05
4 0.8507978723404256 0.42962962962962964 0.014361702127659574 0.03518518518518519
4 0.8045212765957447 0.4101851851851852 0.011170212765957447 0.027777777777777776
4 0.8093085106382979 0.40046296296296297 0.009042553191489361 0.025
4 0.7795212765957447 0.3939814814814815 0.010106382978723405 0.021296296296296296
4 0.6305851063829787 0.43194444444444446 0.01648936170212766 0.03611111111111111
4 0.5595744680851064 0.4162037037037037 0.01276595744680851 0.030555555555555555
4 0.5292553191489362 0.4064814814814815 0.009574468085106383 0.025925925925925925
4 0.527127659574468 0.39675925925925926 0.007446808510638298 0.019444444444444445
4 0.5702127659574469 0.39166666666666666 0.009574468085106383 0.020370370370370372
4 0.598404255319149 0.38842592592592595 0.006382978723404255 0.017592592592592594
4 0.6077127659574468 0.3837962962962963 0.006914893617021276 0.017592592592592594
4 0.6106382978723405 0.37962962962962965 0.005319148936170213 0.016666666666666666
4 0.5651595744680851 0.3731481481481482 0.005851063829787234 0.012962962962962963
4 0.7215425531914894 0.387037037037037 0.007978723404255319 0.016666666666666666
4 0.6914893617021277 0.3819444444444444 0.007446808510638298 0.01574074074074074
4 0.6678191489361702 0.3787037037037037 0.005851063829787234 0.012962962962962963
4 0.6593085106382979 0.3768518518518518 0.005851063829787234 0.014814814814814815
4 0.6433510638297872 0.37546296296296294 0.006914893617021276 0.01574074074074074
4 0.6183510638297872 0.37777777777777777 0.005851063829787234 0.012962962962962963
4 0.6146276595744681 0.3726851851851852 0.0047872340425531915 0.013888888888888888