0 0.0848404255319149 0.49444444444444446 0.02074468085106383 0.08518518518518518
0 0.7183510638297872 0.41388888888888886 0.023936170212765957 0.025925925925925925
0 0.5720744680851064 0.38472222222222224 0.01648936170212766 0.021296296296296296
0 0.44893617021276594 0.37175925925925923 0.013829787234042552 0.013888888888888888
0 0.40106382978723404 0.36712962962962964 0.01276595744680851 0.013888888888888888
0 0.35638297872340424 0.3625 0.011702127659574468 0.012037037037037037
0 0.5412234042553191 0.36018518518518516 0.005851063829787234 0.012962962962962963
0 0.5313829787234042 0.3574074074074074 0.005319148936170213 0.012962962962962963
0 0.5332446808510638 0.36342592592592593 0.005851063829787234 0.01574074074074074
4 0.2853723404255319 0.41435185185185186 0.022872340425531913 0.04351851851851852
4 0.5085106382978724 0.4532407407407407 0.02553191489361702 0.05648148148148148
4 0.7832446808510638 0.5824074074074074 0.05797872340425532 0.11481481481481481