0 0.45630222841225626 0.3864130434782609 0.022632311977715876 0.08152173913043478
0 0.8262534818941504 0.24891304347826088 0.011142061281337047 0.043478260869565216
0 0.3727367688022284 0.34456521739130436 0.017061281337047353 0.05652173913043478
0 0.2902158774373259 0.33967391304347827 0.012186629526462395 0.04891304347826087
1 0.3683844011142061 0.29184782608695653 0.014623955431754874 0.06195652173913044
0 0.846274373259053 0.22554347826086957 0.008704735376044569 0.03369565217391304
0 0.18332172701949861 0.3483695652173913 0.01288300835654596 0.04673913043478261
0 0.23206824512534818 0.2956521739130435 0.006615598885793872 0.02608695652173913
0 0.8091922005571031 0.21467391304347827 0.00766016713091922 0.02717391304347826
1 0.2694986072423398 0.32663043478260867 0.020891364902506964 0.07717391304347826
4 0.6845403899721448 0.3309782608695652 0.018105849582172703 0.07065217391304347
0 0.7475626740947076 0.21304347826086956 0.006267409470752089 0.02391304347826087
0 0.7158774373259053 0.2831521739130435 0.01532033426183844 0.051086956521739134
2 0.9108635097493036 0.2722826086956522 0.017409470752089137 0.057608695652173914
4 0.4946030640668524 0.29293478260869565 0.0100974930362117 0.042391304347826085
0 0.48276462395543174 0.5048913043478261 0.03307799442896936 0.13804347826086957
4 0.6138579387186629 0.2722826086956522 0.010445682451253482 0.04021739130434782
4 0.9136490250696379 0.45 0.04456824512534819 0.13695652173913042
0 0.6753133704735376 0.2157608695652174 0.005222841225626741 0.020652173913043477
4 0.3492339832869081 0.27119565217391306 0.006267409470752089 0.025
0 0.05605849582172702 0.3701086956521739 0.012534818941504178 0.04456521739130435
4 0.5793871866295265 0.22880434782608697 0.005571030640668524 0.02282608695652174
2 0.15337743732590528 0.31630434782608696 0.008008356545961003 0.030434782608695653
4 0.3850974930362117 0.3027173913043478 0.010445682451253482 0.04021739130434782
4 0.6357938718662952 0.225 0.004874651810584958 0.021739130434782608
4 0.09174791086350975 0.34347826086956523 0.0100974930362117 0.03695652173913044
0 0.6002785515320335 0.22228260869565217 0.004874651810584958 0.01847826086956522
0 0.19481197771587744 0.3141304347826087 0.008008356545961003 0.030434782608695653
4 0.6998607242339833 0.2510869565217391 0.009052924791086351 0.03695652173913044
4 0.296483286908078 0.2956521739130435 0.007311977715877437 0.030434782608695653
4 0.7298050139275766 0.23478260869565218 0.00766016713091922 0.03260869565217391
4 0.4611768802228412 0.24565217391304348 0.005222841225626741 0.021739130434782608
1 0.40633704735376047 0.2902173913043478 0.01532033426183844 0.06521739130434782
4 0.6840181058495822 0.22391304347826088 0.005222841225626741 0.02391304347826087
4 0.31737465181058494 0.3027173913043478 0.008008356545961003 0.035869565217391305
2 0.0786908077994429 0.32065217391304346 0.00766016713091922 0.02608695652173913
4 0.7186629526462396 0.2266304347826087 0.006267409470752089 0.02717391304347826
0 0.2919568245125348 0.27717391304347827 0.004526462395543176 0.02391304347826087
1 0.31058495821727017 0.325 0.0201949860724234 0.08043478260869565
4 0.4011142061281337 0.25815217391304346 0.005571030640668524 0.02282608695652174
0 0.5247214484679665 0.23097826086956522 0.004178272980501393 0.01847826086956522
0 0.44637883008356544 0.2440217391304348 0.004178272980501393 0.020652173913043477
4 0.31180362116991645 0.28369565217391307 0.005919220055710306 0.02826086956521739
2 0.052924791086350974 0.3451086956521739 0.006963788300835654 0.03369565217391304
4 0.5214136490250696 0.23641304347826086 0.004526462395543176 0.020652173913043477
0 0.3668175487465181 0.2592391304347826 0.004526462395543176 0.020652173913043477