0 0.8003133704735376 0.42880434782608695 0.03655988857938719 0.125
0 0.2957869080779944 0.35543478260869565 0.019846796657381614 0.07173913043478261
0 0.43245125348189417 0.40217391304347827 0.02576601671309192 0.1
0 0.3993732590529248 0.2608695652173913 0.010445682451253482 0.034782608695652174
0 0.9435933147632312 0.23423913043478262 0.011142061281337047 0.04021739130434782
0 0.47493036211699163 0.2451086956521739 0.009052924791086351 0.03152173913043478
4 0.108983286908078 0.33641304347826084 0.016016713091922007 0.05543478260869565
0 0.2867339832869081 0.31467391304347825 0.01149025069637883 0.05326086956521739
0 0.838091922005571 0.2266304347826087 0.009052924791086351 0.03369565217391304
4 0.8871866295264624 0.2141304347826087 0.009749303621169917 0.030434782608695653
0 0.6309192200557103 0.22771739130434782 0.00766016713091922 0.029347826086956522
4 0.7473885793871866 0.21358695652173912 0.007311977715877437 0.02717391304347826
4 0.6229108635097493 0.21793478260869564 0.006267409470752089 0.025
0 0.3325208913649025 0.2831521739130435 0.011838440111420613 0.042391304347826085
4 0.2155292479108635 0.2891304347826087 0.009749303621169917 0.0391304347826087
0 0.5562325905292479 0.23423913043478262 0.008008356545961003 0.029347826086956522
0 0.7315459610027855 0.2233695652173913 0.008356545961002786 0.03152173913043478
4 0.5306406685236769 0.22608695652173913 0.006963788300835654 0.02608695652173913
4 0.42635793871866295 0.24021739130434783 0.007311977715877437 0.02826086956521739
4 0.3227715877437326 0.26032608695652176 0.008356545961002786 0.03369565217391304
4 0.06911559888579387 0.6119565217391304 0.04073816155988858 0.18043478260869567