0 0.3672872340425532 0.43472222222222223 0.01648936170212766 0.03611111111111111
0 0.6460106382978723 0.375 0.007978723404255319 0.020370370370370372
0 0.4425531914893617 0.4115740740740741 0.011702127659574468 0.028703703703703703
0 0.24840425531914895 0.46944444444444444 0.022340425531914895 0.05185185185185185
0 0.597872340425532 0.3819444444444444 0.00851063829787234 0.021296296296296296
0 0.14361702127659576 0.3824074074074074 0.00851063829787234 0.018518518518518517
0 0.25957446808510637 0.37777777777777777 0.007446808510638298 0.018518518518518517
0 0.5273936170212766 0.39351851851851855 0.010106382978723405 0.024074074074074074
0 0.6646276595744681 0.36666666666666664 0.006914893617021276 0.016666666666666666
0 0.3699468085106383 0.3712962962962963 0.006914893617021276 0.016666666666666666
0 0.6058510638297873 0.36157407407407405 0.007446808510638298 0.017592592592592594
0 0.5444148936170212 0.36342592592592593 0.006914893617021276 0.01574074074074074
0 0.45851063829787236 0.36712962962962964 0.005319148936170213 0.01574074074074074
0 0.8082446808510638 0.3435185185185185 0.005851063829787234 0.009259259259259259
4 0.28324468085106386 0.3675925925925926 0.006914893617021276 0.016666666666666666
4 0.6178191489361702 0.475 0.027127659574468086 0.05740740740740741
4 0.6055851063829787 0.43425925925925923 0.018617021276595744 0.03888888888888889
4 0.7103723404255319 0.39490740740740743 0.013297872340425532 0.026851851851851852
4 0.7202127659574468 0.35833333333333334 0.007446808510638298 0.016666666666666666
4 0.8122340425531915 0.36898148148148147 0.00851063829787234 0.021296296296296296
4 0.7712765957446809 0.3625 0.00851063829787234 0.019444444444444445
4 0.7816489361702128 0.38287037037037036 0.010106382978723405 0.023148148148148147
4 0.1925531914893617 0.3712962962962963 0.007446808510638298 0.018518518518518517
4 0.4553191489361702 0.3592592592592593 0.005319148936170213 0.014814814814814815
4 0.624468085106383 0.4125 0.01276595744680851 0.030555555555555555
4 0.6585106382978724 0.3541666666666667 0.006382978723404255 0.01574074074074074
4 0.5853723404255319 0.3541666666666667 0.005851063829787234 0.01574074074074074
4 0.5164893617021277 0.35694444444444445 0.006382978723404255 0.01574074074074074
4 0.37792553191489364 0.36435185185185187 0.006914893617021276 0.01574074074074074
4 0.09680851063829787 0.37175925925925923 0.006382978723404255 0.01574074074074074
2 0.09468085106382979 0.41203703703703703 0.023404255319148935 0.024074074074074074
2 0.09468085106382979 0.36666666666666664 0.014893617021276596 0.014814814814814815
1 0.7747340425531914 0.5583333333333333 0.07287234042553191 0.17222222222222222
1 0.11515957446808511 0.549074074074074 0.0675531914893617 0.16296296296296298
1 0.7039893617021277 0.5222222222222223 0.0601063829787234 0.1425925925925926