0 0.5768617021276595 0.43472222222222223 0.017553191489361703 0.03796296296296296
0 0.6061170212765957 0.41435185185185186 0.01223404255319149 0.028703703703703703
0 0.676063829787234 0.39537037037037037 0.009574468085106383 0.020370370370370372
0 0.6412234042553191 0.4023148148148148 0.009042553191489361 0.021296296296296296
0 0.7207446808510638 0.3912037037037037 0.00851063829787234 0.019444444444444445
0 0.27925531914893614 0.6773148148148148 0.07446808510638298 0.15648148148148147
0 0.5037234042553191 0.49074074074074076 0.031914893617021274 0.06481481481481481
0 0.8914893617021277 0.3773148148148148 0.00425531914893617 0.013888888888888888
0 0.760904255319149 0.38796296296296295 0.005851063829787234 0.018518518518518517
0 0.7678191489361702 0.3837962962962963 0.0047872340425531915 0.01574074074074074
0 0.7430851063829788 0.3814814814814815 0.005319148936170213 0.012962962962962963
4 0.8848404255319149 0.4287037037037037 0.015425531914893617 0.03518518518518519
4 0.9045212765957447 0.39490740740740743 0.006914893617021276 0.017592592592592594
4 0.8882978723404256 0.3824074074074074 0.005319148936170213 0.014814814814814815
4 0.9069148936170213 0.38657407407407407 0.005319148936170213 0.01574074074074074
4 0.8643617021276596 0.4097222222222222 0.010638297872340425 0.028703703703703703
4 0.9234042553191489 0.39166666666666666 0.0031914893617021275 0.018518518518518517
4 0.8595744680851064 0.40046296296296297 0.00851063829787234 0.021296296296296296
4 0.8585106382978723 0.3824074074074074 0.006382978723404255 0.012962962962962963