4 0.7425139275766016 0.6173913043478261 0.03864902506963788 0.13695652173913042
4 0.5644150417827298 0.4782608695652174 0.020891364902506964 0.07391304347826087
0 0.28551532033426186 0.47880434782608694 0.018802228412256268 0.075
0 0.3633356545961003 0.4125 0.009401114206128134 0.03804347826086957
4 0.4977367688022284 0.42445652173913045 0.012186629526462395 0.04891304347826087
4 0.5078342618384402 0.40108695652173915 0.008704735376044569 0.03695652173913044
0 0.31946378830083566 0.3847826086956522 0.005222841225626741 0.021739130434782608
0 0.3187674094707521 0.4364130434782609 0.01288300835654596 0.051086956521739134
4 0.42409470752089135 0.375 0.004178272980501393 0.01956521739130435
4 0.6732242339832869 0.36195652173913045 0.004526462395543176 0.01956521739130435
0 0.24529944289693592 0.6396739130434783 0.041434540389972144 0.15543478260869564
4 0.27123955431754876 0.38206521739130433 0.004178272980501393 0.01847826086956522
0 0.4766713091922006 0.3842391304347826 0.006267409470752089 0.02717391304347826
0 0.5513579387186629 0.37228260869565216 0.005919220055710306 0.025
4 0.4979108635097493 0.3657608695652174 0.004178272980501393 0.01847826086956522
4 0.583217270194986 0.3864130434782609 0.006963788300835654 0.029347826086956522
0 0.16782729805013927 0.3826086956521739 0.004874651810584958 0.021739130434782608
4 0.07607938718662953 0.37771739130434784 0.004526462395543176 0.01847826086956522
0 0.4052924791086351 0.39891304347826084 0.008356545961002786 0.03260869565217391
4 0.6225626740947076 0.3565217391304348 0.004178272980501393 0.017391304347826087
0 0.2459958217270195 0.38532608695652176 0.005222841225626741 0.020652173913043477
0 0.4072075208913649 0.3793478260869565 0.0031337047353760445 0.01956521739130435
4 0.6967270194986073 0.37119565217391304 0.006963788300835654 0.029347826086956522
0 0.6023676880222841 0.3657608695652174 0.005571030640668524 0.02282608695652174
0 0.5381267409470752 0.36684782608695654 0.004526462395543176 0.01847826086956522
0 0.1088091922005571 0.3809782608695652 0.00383008356545961 0.01847826086956522
4 0.5637186629526463 0.358695652173913 0.004178272980501393 0.017391304347826087
4 0.6427576601671309 0.3782608695652174 0.00766016713091922 0.02826086956521739
0 0.5842618384401114 0.3625 0.004874651810584958 0.020652173913043477
4 0.21013231197771587 0.37880434782608696 0.004526462395543176 0.01847826086956522
4 0.14763231197771587 0.3755434782608696 0.004178272980501393 0.01847826086956522
4 0.34435933147632314 0.3815217391304348 0.004874651810584958 0.01956521739130435
0 0.47475626740947074 0.37282608695652175 0.002437325905292479 0.01956521739130435