0 0.30779944289693595 0.5732388316151202 0.02437325905292479 0.03479381443298969
0 0.2498259052924791 0.5451030927835051 0.014972144846796657 0.022336769759450172
0 0.2440807799442897 0.523840206185567 0.00766016713091922 0.01245704467353952
0 0.18297353760445684 0.5388745704467354 0.012186629526462395 0.018470790378006873
0 0.1711350974930362 0.5135309278350515 0.005222841225626741 0.007302405498281787
0 0.1129874651810585 0.5335051546391752 0.010793871866295265 0.015463917525773196
0 0.09975626740947076 0.5169673539518901 0.006615598885793872 0.00902061855670103
0 0.05901810584958217 0.5210481099656358 0.007311977715877437 0.010309278350515464
0 0.11124651810584958 0.6056701030927835 0.03655988857938719 0.048109965635738834
0 0.9105153203342619 0.5324312714776632 0.017409470752089137 0.02276632302405498
0 0.7968314763231198 0.5470360824742269 0.018454038997214484 0.027920962199312716
0 0.5132311977715878 0.5193298969072165 0.008356545961002786 0.014604810996563574
0 0.43645543175487467 0.5401632302405498 0.014972144846796657 0.02190721649484536
0 0.4188718662952646 0.5294243986254296 0.011142061281337047 0.01675257731958763
0 0.4167827298050139 0.5167525773195877 0.006963788300835654 0.011168384879725086
0 0.3283426183844011 0.5122422680412371 0.005571030640668524 0.00816151202749141
0 0.2968314763231198 0.5115979381443299 0.005222841225626741 0.00859106529209622
0 0.2667130919220056 0.5109536082474226 0.005571030640668524 0.00816151202749141
0 0.22649721448467966 0.511168384879725 0.005222841225626741 0.007731958762886598
4 0.24930362116991645 0.5201890034364262 0.00766016713091922 0.011168384879725086
4 0.13753481894150418 0.5337199312714777 0.012534818941504178 0.01675257731958763
4 0.11838440111420613 0.5219072164948454 0.008356545961002786 0.011168384879725086
4 0.8151114206128134 0.5790378006872853 0.02924791086350975 0.0429553264604811
4 0.6161211699164345 0.5287800687285223 0.012186629526462395 0.019759450171821305
4 0.5327298050139275 0.5577749140893471 0.018802228412256268 0.03221649484536082
4 0.38231197771587744 0.5201890034364262 0.009052924791086351 0.013745704467353952
4 0.3408774373259053 0.5189003436426117 0.008356545961002786 0.012027491408934709
2 0.37830779944289694 0.7085481099656358 0.05745125348189415 0.09579037800687286
2 0.36420612813370473 0.6140463917525774 0.03203342618384401 0.05197594501718213
2 0.2968314763231198 0.5659364261168385 0.02193593314763231 0.0313573883161512
2 0.2590529247910863 0.5345790378006873 0.011838440111420613 0.01761168384879725
2 0.22110027855153203 0.5285652920962199 0.009749303621169917 0.015034364261168385
2 0.18279944289693592 0.5204037800687286 0.006963788300835654 0.010738831615120275
2 0.09174791086350975 0.5249140893470791 0.008008356545961003 0.012027491408934709
2 0.14223537604456823 0.5569158075601375 0.018454038997214484 0.02534364261168385