0 0.12526595744680852 0.3638888888888889 0.007978723404255319 0.018518518518518517
0 0.6640957446808511 0.42314814814814816 0.019680851063829788 0.04814814814814815
0 0.44148936170212766 0.3939814814814815 0.01276595744680851 0.028703703703703703
0 0.2912234042553192 0.4078703703703704 0.014361702127659574 0.03611111111111111
0 0.10345744680851064 0.41759259259259257 0.017553191489361703 0.03888888888888889
0 0.37553191489361704 0.3648148148148148 0.006382978723404255 0.018518518518518517
0 0.4396276595744681 0.3699074074074074 0.005851063829787234 0.017592592592592594
0 0.28936170212765955 0.36342592592592593 0.005319148936170213 0.01574074074074074
0 0.20292553191489363 0.3611111111111111 0.007978723404255319 0.016666666666666666
0 0.7742021276595744 0.35185185185185186 0.009042553191489361 0.018518518518518517
0 0.5917553191489362 0.36527777777777776 0.005851063829787234 0.01574074074074074
0 0.6723404255319149 0.3578703703703704 0.006382978723404255 0.01574074074074074
0 0.8944148936170213 0.34814814814814815 0.006914893617021276 0.016666666666666666
0 0.4851063829787234 0.38333333333333336 0.007446808510638298 0.024074074074074074
4 0.10957446808510639 0.3587962962962963 0.007446808510638298 0.019444444444444445
4 0.8066489361702127 0.35648148148148145 0.011170212765957447 0.020370370370370372
4 0.6441489361702127 0.38981481481481484 0.01276595744680851 0.03148148148148148
4 0.7244680851063829 0.3611111111111111 0.00851063829787234 0.020370370370370372
4 0.7718085106382979 0.4023148148148148 0.01702127659574468 0.03796296296296296
4 0.4077127659574468 0.425 0.019680851063829788 0.046296296296296294
4 0.660372340425532 0.36712962962962964 0.009042553191489361 0.021296296296296296
4 0.4199468085106383 0.36064814814814816 0.007978723404255319 0.017592592592592594
4 0.3151595744680851 0.35648148148148145 0.005851063829787234 0.016666666666666666
4 0.20904255319148937 0.35694444444444445 0.005319148936170213 0.01574074074074074
4 0.9039893617021276 0.3537037037037037 0.007978723404255319 0.018518518518518517
4 0.49175531914893617 0.36574074074074076 0.005851063829787234 0.016666666666666666
4 0.6023936170212766 0.3824074074074074 0.009042553191489361 0.024074074074074074
4 0.6148936170212767 0.37407407407407406 0.005319148936170213 0.022222222222222223
2 0.3425531914893617 0.475462962962963 0.031914893617021274 0.0712962962962963
2 0.7430851063829788 0.4810185185185185 0.036170212765957444 0.075
2 0.5125 0.3416666666666667 0.003723404255319149 0.011111111111111112
2 0.5273936170212766 0.3425925925925926 0.0047872340425531915 0.011111111111111112
2 0.5433510638297873 0.3425925925925926 0.0047872340425531915 0.011111111111111112
2 0.5566489361702127 0.34120370370370373 0.003723404255319149 0.012037037037037037
2 0.5622340425531915 0.3439814814814815 0.005319148936170213 0.012037037037037037
2 0.5686170212765957 0.3486111111111111 0.00425531914893617 0.013888888888888888
2 0.5731382978723404 0.35555555555555557 0.003723404255319149 0.014814814814814815
2 0.5781914893617022 0.36157407407407405 0.005319148936170213 0.01574074074074074
1 0.4765957446808511 0.3787037037037037 0.01276595744680851 0.03888888888888889
1 0.4856382978723404 0.37407407407407406 0.009574468085106383 0.037037037037037035
1 0.6029255319148936 0.3731481481481482 0.006914893617021276 0.037037037037037035
1 0.6101063829787234 0.37777777777777777 0.010638297872340425 0.04259259259259259