1 0.6178024300052826 0.5050335570469798 0.03645007923930269 0.0691275167785235
1 0.5478077126254622 0.4771812080536913 0.028526148969889066 0.053691275167785234
1 0.5396196513470681 0.4570469798657718 0.011093502377179081 0.04161073825503356
1 0.9054410987849973 0.42348993288590603 0.01901743264659271 0.022818791946308724
4 0.6455361859482304 0.48825503355704697 0.020073956682514528 0.03422818791946309
4 0.5832012678288431 0.47516778523489933 0.017960908610670893 0.02953020134228188
4 0.41019545694664555 0.49731543624161073 0.021658742736397254 0.036241610738255034
0 0.4786053882725832 0.5120805369127517 0.02324352879027998 0.042953020134228186
0 0.5166402535657686 0.4956375838926175 0.022187004754358162 0.03557046979865772
0 0.3264659270998415 0.47583892617449663 0.01901743264659271 0.02953020134228188
2 0.4157422081352351 0.46812080536912754 0.01162176439513999 0.027516778523489934
2 0.43475964078182777 0.4865771812080537 0.020073956682514528 0.03355704697986577
2 0.28288431061806657 0.508724832214765 0.025884838880084523 0.04161073825503356