4 0.5977284733227681 0.5241610738255034 0.039619651347068144 0.0697986577181208
4 0.5488642366613841 0.43456375838926176 0.024300052826201797 0.042281879194630875
4 0.39857369255150554 0.438255033557047 0.025884838880084523 0.04429530201342282
2 0.7897517168515584 0.6177852348993289 0.07606973058637084 0.10536912751677853
2 0.4606444796619123 0.5030201342281879 0.04648705758055996 0.06510067114093959
2 0.22345483359746435 0.49328859060402686 0.04754358161648178 0.06308724832214765
0 0.2543581616481775 0.5667785234899329 0.06286318013734812 0.09194630872483221
0 0.5797675647120972 0.4761744966442953 0.027997886951928157 0.05436241610738255
0 0.7443211833069202 0.5033557046979866 0.032752245113576335 0.06442953020134229
1 0.7485472794506075 0.4483221476510067 0.04543053354463814 0.08187919463087248
1 0.5110935023771791 0.4446308724832215 0.03750660327522451 0.07986577181208054
1 0.27601690438457477 0.4231543624161074 0.03645007923930269 0.07449664429530202