0 0.44532488114104596 0.6013422818791946 0.08452192287374538 0.12751677852348994
0 0.5277337559429477 0.3624161073825503 0.0306391970417327 0.04832214765100671
0 0.7007395668251453 0.37785234899328857 0.030110935023771792 0.04697986577181208
4 0.4609086106708928 0.4708053691275168 0.0554675118858954 0.07986577181208054
4 0.754094030639197 0.684228187919463 0.09667194928684628 0.15771812080536912
4 0.6735340729001584 0.34261744966442953 0.022187004754358162 0.03422818791946309
1 0.15293185419968305 0.5234899328859061 0.09667194928684628 0.17718120805369128
1 0.3573692551505547 0.4063758389261745 0.0491283676703645 0.1040268456375839
1 0.43449550977284734 0.3651006711409396 0.03856312731114633 0.08053691275167785
2 0.5834653988378236 0.39664429530201345 0.03328050713153724 0.053691275167785234
2 0.6756471209720021 0.4791946308724832 0.05705229793977813 0.08053691275167785
2 0.7205493924986793 0.4214765100671141 0.03909138932910724 0.06040268456375839