1 0.33438985736925514 0.6107834877843302 0.06339144215530904 0.17354675652906487
1 0.25066032752245115 0.5054759898904801 0.03856312731114633 0.10783487784330244
1 0.14949815108293713 0.5480202190395956 0.04965662968832541 0.12721145745577084
2 0.1867406233491812 0.6086773378264533 0.05652403592181722 0.09688289806234204
2 0.5338087691494982 0.5071609098567817 0.027997886951928157 0.06571187868576242
2 0.604067617538299 0.4709351305812974 0.02694136291600634 0.05728727885425442
0 0.5618066561014263 0.6044650379106993 0.054410987849973586 0.10362257792754845
0 0.4183835182250396 0.4991575400168492 0.03169572107765452 0.061499578770008424
0 0.46513470681458 0.4679865206402696 0.02271526677231907 0.04970513900589722
4 0.33201267828843106 0.4869418702611626 0.029054410987849975 0.05391743892165122
4 0.39566825145272055 0.556866048862679 0.044374009508716325 0.08087615838247683
4 0.6970417326994189 0.514743049705139 0.04067617538298996 0.07582139848357203