0 0.28526148969889065 0.5342281879194631 0.048600105652403594 0.06711409395973154
0 0.45879556259904913 0.5110738255033557 0.03856312731114633 0.05838926174496644
0 0.7760169043845747 0.562751677852349 0.05388272583201268 0.07449664429530202
4 0.4860010565240359 0.44966442953020136 0.024300052826201797 0.040268456375838924
4 0.5985208663497095 0.49530201342281877 0.03592181722134179 0.053691275167785234
4 0.28129952456418383 0.46812080536912754 0.03116745905969361 0.0476510067114094
2 0.6328578975171685 0.5322147651006711 0.044374009508716325 0.06442953020134229
2 0.7247754886423666 0.5097315436241611 0.032752245113576335 0.05704697986577181
2 0.693608029582673 0.610738255033557 0.05071315372424723 0.087248322147651
1 0.39857369255150554 0.4389261744966443 0.029054410987849975 0.06577181208053691
1 0.6164817749603804 0.43523489932885906 0.02746962493396725 0.06510067114093959
1 0.14368726888536715 0.5768456375838926 0.06550449022715267 0.14161073825503356