1 0.5507131537242472 0.32729570345408593 0.017432646592709985 0.061499578770008424
1 0.49735868991019544 0.32771693344566133 0.02377179080824089 0.05897219882055602
1 0.49973586899101957 0.33824768323504634 0.024300052826201797 0.06823925863521482
0 0.4815108293713682 0.36225779275484415 0.021658742736397254 0.04717775905644482
0 0.5990491283676703 0.34582982308340354 0.01901743264659271 0.04296545914069082
0 0.6111991547807712 0.33445661331086773 0.01584786053882726 0.03538331929233361
2 0.5631273111463285 0.35593934288121315 0.025356576862123614 0.04633529907329402
2 0.5734284204965663 0.33024431339511373 0.013206550449022716 0.03369839932603201
4 0.44770206022187004 0.33656276326874474 0.016376122556788168 0.03622577927548441
4 0.42709984152139463 0.34582982308340354 0.01531959852086635 0.039595619208087615
4 0.41627047015319596 0.35846672283066555 0.02641310089804543 0.04633529907329402