0 0.4183835182250396 0.36073825503355705 0.02324352879027998 0.03557046979865772
0 0.384310618066561 0.4221476510067114 0.03328050713153724 0.05771812080536913
0 0.5884838880084522 0.46140939597315433 0.04120443740095087 0.0691275167785235
4 0.32223983095615427 0.5211409395973154 0.055995773903856315 0.09328859060402685
4 0.6566296883254094 0.40671140939597317 0.03169572107765452 0.052348993288590606
4 0.7614896988906498 0.489261744966443 0.05229793977812995 0.07785234899328859
2 0.48071843634442685 0.38456375838926177 0.02641310089804543 0.04563758389261745
2 0.5414685684099313 0.34261744966442953 0.017960908610670893 0.028859060402684565
2 0.5715795034337031 0.3681208053691275 0.025356576862123614 0.03959731543624161
1 0.537770734284205 0.6557046979865772 0.10353935552033809 0.24026845637583893
1 0.4513998943475964 0.338255033557047 0.02694136291600634 0.05100671140939597