1 0.5541468568409932 0.6456375838926175 0.09297411516111992 0.22416107382550335
1 0.8927628103539356 0.48322147651006714 0.0612783940834654 0.15302013422818792
1 0.5845219228737454 0.3687919463087248 0.03222398309561542 0.07583892617449664
2 0.15478077126254622 0.448993288590604 0.051769677760169046 0.06845637583892618
2 0.3077126254622293 0.40738255033557047 0.04067617538298996 0.05771812080536913
2 0.4754358161648177 0.4040268456375839 0.03803486529318542 0.053691275167785234
0 0.36265187533016374 0.3838926174496644 0.029054410987849975 0.04832214765100671
0 0.3903856312731115 0.42818791946308726 0.03592181722134179 0.06308724832214765
0 0.2694136291600634 0.512751677852349 0.06339144215530904 0.08993288590604027
4 0.5493924986793449 0.4802013422818792 0.05282620179609086 0.08120805369127516
4 0.6666666666666666 0.41375838926174496 0.04331748547279451 0.0610738255033557
4 0.8895932382461701 0.4120805369127517 0.04648705758055996 0.06174496644295302