0 0.43502377179080826 0.5295302013422819 0.039619651347068144 0.06845637583892618
0 0.5916534601162177 0.4597315436241611 0.03169572107765452 0.05100671140939597
0 0.22107765451664024 0.3711409395973154 0.021658742736397254 0.032214765100671144
2 0.6413100898045431 0.5271812080536913 0.04754358161648178 0.06778523489932886
2 0.4630216587427364 0.41006711409395974 0.024828314844162706 0.038926174496644296
2 0.35868991019545693 0.43221476510067114 0.03169572107765452 0.04563758389261745
4 0.32171156893819336 0.4033557046979866 0.024300052826201797 0.038926174496644296
4 0.3515583729529847 0.3667785234899329 0.018489170628631802 0.030201342281879196
4 0.45905969360802956 0.4664429530201342 0.03486529318541997 0.053691275167785234
1 0.7371896460644479 0.475503355704698 0.04067617538298996 0.09194630872483221
1 0.42102482831484417 0.37651006711409396 0.025356576862123614 0.052348993288590606
1 0.24484944532488115 0.37718120805369126 0.027997886951928157 0.056375838926174496