1 0.8061278394083465 0.466301600673968 0.06656101426307448 0.16090985678180286
1 0.4292128895932382 0.42080876158382474 0.042789223454833596 0.11878685762426285
1 0.47702060221870046 0.4654591406908172 0.055995773903856315 0.15248525695029486
2 0.3993660855784469 0.470513900589722 0.040147913365029056 0.08508845829823083
2 0.36344426835710514 0.5564448188711036 0.05388272583201268 0.12215669755686605
2 0.5253565768621236 0.44144903117101936 0.03328050713153724 0.07413647851727043
0 0.5979926043317485 0.4869418702611626 0.04965662968832541 0.09604043807919124
0 0.5316957210776545 0.548441449031171 0.050184891706286316 0.11794439764111204
0 0.6323296354992076 0.6731255265374895 0.09508716323296355 0.18028643639427128
4 0.2461701003697834 0.5324347093513058 0.06656101426307448 0.11288963774220724
4 0.2910723718964606 0.4806234203875316 0.04543053354463814 0.09182813816343724
4 0.713946117274168 0.5770850884582982 0.07554146856840993 0.13479359730412804