1 0.22398309561542526 0.5518112889637742 0.11199154780771263 0.2611625947767481
1 0.36661384046487056 0.38037068239258637 0.0549392498679345 0.13226621735467564
1 0.5916534601162177 0.4085930918281382 0.06233491811938722 0.14995787700084245
0 0.29635499207606975 0.45071609098567816 0.0612783940834654 0.10278011794439765
0 0.5800316957210776 0.552653748946925 0.07923930269413629 0.14658803706823925
2 0.7105124141574221 0.533698399326032 0.0676175382989963 0.13900589721988205
0 0.7171156893819335 0.4772535804549284 0.06286318013734812 0.11541701769165964
4 0.3832540940306392 0.497893850042123 0.06391970417326995 0.11962931760741365
4 0.659270998415214 0.41912384161752314 0.048600105652403594 0.08845829823083404
4 0.8108821975699947 0.45534962089300757 0.05388272583201268 0.10530749789385004
2 0.44479661912308505 0.42375737152485254 0.04648705758055996 0.08761583824768324
2 0.5425250924458531 0.4048020219039596 0.03803486529318542 0.07834877843302443