0 0.1809090909090909 0.48161764705882354 0.05272727272727273 0.09852941176470588
0 0.3668181818181818 0.29448529411764707 0.022727272727272728 0.04632352941176471
0 0.42568181818181816 0.23125 0.012272727272727272 0.030147058823529412
0 0.45454545454545453 0.20404411764705882 0.007272727272727273 0.021323529411764706
0 0.47204545454545455 0.1860294117647059 0.005909090909090909 0.01764705882352941
0 0.4834090909090909 0.1738970588235294 0.004090909090909091 0.013970588235294118
0 0.49113636363636365 0.16323529411764706 0.004090909090909091 0.011764705882352941
4 0.711590909090909 0.44779411764705884 0.05045454545454545 0.10882352941176471
4 0.6193181818181818 0.26875 0.020454545454545454 0.05073529411764706
4 0.5915909090909091 0.21360294117647058 0.012272727272727272 0.03161764705882353
4 0.5790909090909091 0.19154411764705884 0.008181818181818182 0.021323529411764706
4 0.5706818181818182 0.1761029411764706 0.006818181818181818 0.016911764705882352
4 0.565 0.16544117647058823 0.005454545454545455 0.014705882352941176
4 0.5615909090909091 0.15625 0.004090909090909091 0.0125