2 0.15187533016376123 0.5585509688289806 0.042789223454833596 0.08256107834877843
2 0.5013206550449023 0.4890480202190396 0.032752245113576335 0.06486941870261162
2 0.598256735340729 0.45661331086773377 0.025884838880084523 0.05728727885425442
0 0.47834125726360277 0.44776748104465036 0.02271526677231907 0.04802021903959562
0 0.40940306391970416 0.4755686604886268 0.02641310089804543 0.05812973883740522
0 0.43370311674590595 0.5850884582982309 0.055995773903856315 0.10193765796124685
4 0.34178552562070785 0.5278011794439764 0.04331748547279451 0.07666385846672283
4 0.3536714210248283 0.45871946082561077 0.029054410987849975 0.04970513900589722
4 0.6415742208135236 0.5067396798652064 0.03645007923930269 0.07666385846672283
1 0.22768092974115162 0.5690817186183657 0.06656101426307448 0.15248525695029486
1 0.15636555731642895 0.5037910699241785 0.04965662968832541 0.10783487784330244
1 0.26148969889064977 0.4721988205560236 0.03909138932910724 0.09351305812973884