1 0.17089276281035393 0.4214765100671141 0.03328050713153724 0.05771812080536913
2 0.2694136291600634 0.45234899328859063 0.025356576862123614 0.04161073825503356
2 0.43053354463814053 0.4634228187919463 0.028526148969889066 0.04496644295302014
2 0.8262017960908611 0.44228187919463086 0.024300052826201797 0.038926174496644296
1 0.6769677760169044 0.4140939597315436 0.030110935023771792 0.05503355704697987
4 0.32778658214474377 0.43389261744966445 0.02377179080824089 0.03691275167785235
4 0.6193872160591654 0.4842281879194631 0.03116745905969361 0.05167785234899329
4 0.7815636555731643 0.47248322147651006 0.035393555203380875 0.04832214765100671
0 0.5 0.42885906040268457 0.020602218700475437 0.03355704697986577
0 0.5599577390385632 0.4426174496644295 0.024300052826201797 0.03825503355704698
0 0.7044374009508716 0.43791946308724833 0.02271526677231907 0.03825503355704698