0 0.45562599049128366 0.4986577181208054 0.030110935023771792 0.04697986577181208
0 0.6336502905441099 0.45 0.01954569466455362 0.032885906040268455
1 0.21737982039091389 0.45536912751677855 0.029054410987849975 0.059731543624161075
0 0.28182778658214475 0.4906040268456376 0.03433703116745906 0.04563758389261745
1 0.3623877443211833 0.43288590604026844 0.024300052826201797 0.04832214765100671
4 0.3769149498151083 0.4738255033557047 0.027997886951928157 0.040268456375838924
4 0.4292128895932382 0.4546979865771812 0.02271526677231907 0.03422818791946309
4 0.5829371368198627 0.46543624161073827 0.02694136291600634 0.03825503355704698
2 0.45166402535657685 0.43288590604026844 0.017960908610670893 0.028187919463087248
2 0.5298468040147913 0.44228187919463086 0.017960908610670893 0.03087248322147651
2 0.6038034865293186 0.5026845637583892 0.02746962493396725 0.049664429530201344
1 0.6611199154780771 0.46610738255033557 0.030110935023771792 0.06510067114093959