4 0.23613312202852615 0.493681550126369 0.03380876914949815 0.060657118786857624
4 0.39276281035393557 0.44945240101095196 0.021658742736397254 0.04296545914069082
4 0.5734284204965663 0.504212299915754 0.035393555203380875 0.06823925863521482
2 0.4720021130480718 0.5307497893850042 0.04384574749075541 0.08087615838247683
2 0.5520338087691495 0.45071609098567816 0.02324352879027998 0.04549283909014322
2 0.45509772847332275 0.46124684077506317 0.02377179080824089 0.04970513900589722
0 0.5021130480718436 0.4759898904802022 0.030110935023771792 0.05560235888795282
0 0.29741151611199157 0.514743049705139 0.04331748547279451 0.07245155855096883
0 0.25699947173798204 0.4696714406065712 0.02694136291600634 0.051390058972198824
1 0.6357633386159535 0.44018534119629316 0.03222398309561542 0.07834877843302443
1 0.4714738510301109 0.42754844144903115 0.02377179080824089 0.06486941870261162
1 0.33201267828843106 0.43091828138163435 0.025884838880084523 0.06486941870261162