4 0.7425 0.5551470588235294 0.06772727272727273 0.13970588235294118
4 0.6027272727272728 0.3069852941176471 0.02181818181818182 0.05367647058823529
4 0.5690909090909091 0.24558823529411763 0.012727272727272728 0.033823529411764704
4 0.5543181818181818 0.21323529411764705 0.009545454545454546 0.025
4 0.5463636363636364 0.19448529411764706 0.006363636363636364 0.01838235294117647
4 0.5404545454545454 0.18455882352941178 0.004545454545454545 0.013235294117647059
4 0.5368181818181819 0.17536764705882352 0.0036363636363636364 0.011029411764705883
0 0.31727272727272726 0.3382352941176471 0.023636363636363636 0.054411764705882354
0 0.39090909090909093 0.26691176470588235 0.014545454545454545 0.03235294117647059
0 0.4238636363636364 0.22977941176470587 0.010454545454545454 0.022794117647058822
0 0.4431818181818182 0.2073529411764706 0.007272727272727273 0.01764705882352941
0 0.4561363636363636 0.19448529411764706 0.005909090909090909 0.013970588235294118
0 0.4647727272727273 0.18419117647058825 0.005909090909090909 0.013970588235294118
0 0.47113636363636363 0.17683823529411766 0.004090909090909091 0.011029411764705883