1 0.11595351294241944 0.538255033557047 0.04384574749075541 0.07248322147651007
1 0.2340200739566825 0.5674496644295302 0.04543053354463814 0.08389261744966443
4 0.31035393555203383 0.5446308724832215 0.030110935023771792 0.04093959731543624
4 0.5163761225567882 0.5751677852348993 0.02377179080824089 0.042953020134228186
4 0.6341785525620708 0.5442953020134228 0.021658742736397254 0.036241610738255034
0 0.4513998943475964 0.5261744966442953 0.02271526677231907 0.03355704697986577
0 0.4786053882725832 0.5523489932885906 0.029582673005810883 0.04161073825503356
0 0.595351294241944 0.5063758389261745 0.014791336502905442 0.026174496644295303
2 0.5739566825145272 0.5208053691275167 0.021658742736397254 0.032214765100671144
2 0.6793449550977285 0.5221476510067115 0.022187004754358162 0.03087248322147651
2 0.7480190174326465 0.5073825503355704 0.017960908610670893 0.026845637583892617
1 0.6571579503433703 0.4959731543624161 0.021130480718436345 0.040268456375838924