1 0.37823560486001057 0.37986577181208053 0.03803486529318542 0.07248322147651007
1 0.3254094030639197 0.4231543624161074 0.05282620179609086 0.09865771812080537
1 0.7276809297411516 0.4442953020134228 0.04595879556259905 0.10067114093959731
2 0.5282620179609087 0.41073825503355704 0.02746962493396725 0.04697986577181208
2 0.5892762810353935 0.40369127516778525 0.027997886951928157 0.0436241610738255
2 0.23481246698362387 0.6117449664429531 0.08821975699947174 0.12281879194630872
4 0.4815108293713682 0.41711409395973154 0.03116745905969361 0.050335570469798654
4 0.5036978341257263 0.46241610738255035 0.03328050713153724 0.06174496644295302
4 0.503433703116746 0.6140939597315436 0.07712625462229265 0.11946308724832215
0 0.2694136291600634 0.5030201342281879 0.048600105652403594 0.08120805369127516
0 0.6349709455890121 0.42953020134228187 0.029582673005810883 0.052348993288590606
0 0.6679873217115689 0.5013422818791946 0.0491283676703645 0.07516778523489932