1 0.39197041732699417 0.5211409395973154 0.024300052826201797 0.050335570469798654
1 0.8000528262017961 0.5147651006711409 0.024828314844162706 0.04429530201342282
1 0.8951399894347596 0.5315436241610738 0.027997886951928157 0.04832214765100671
2 0.4582673005810882 0.5553691275167785 0.020602218700475437 0.03557046979865772
2 0.6188589540412044 0.552013422818792 0.02271526677231907 0.03557046979865772
2 0.6996830427892234 0.5379194630872484 0.01954569466455362 0.03154362416107383
0 0.3021658742736397 0.5496644295302013 0.025356576862123614 0.036241610738255034
0 0.5908610670892763 0.5291946308724832 0.020602218700475437 0.030201342281879196
0 0.7849973586899102 0.5557046979865772 0.020073956682514528 0.0348993288590604
4 0.4828314844162705 0.5302013422818792 0.020073956682514528 0.03087248322147651
4 0.22979397781299524 0.52248322147651 0.021130480718436345 0.030201342281879196
4 0.19413629160063392 0.5406040268456376 0.02271526677231907 0.03422818791946309