2 0.5565240359218172 0.32982308340353833 0.00792393026941363 0.039595619208087615
2 0.5272054939249868 0.35846672283066555 0.020073956682514528 0.04296545914069082
2 0.502905441098785 0.33277169334456613 0.014791336502905442 0.03538331929233361
0 0.5649762282091918 0.35088458298230835 0.01954569466455362 0.041280539174389216
4 0.589012150026413 0.33993260320134794 0.016904384574749076 0.03622577927548441
4 0.6178024300052826 0.35088458298230835 0.018489170628631802 0.041280539174389216
4 0.450607501320655 0.34330244313395114 0.01901743264659271 0.039595619208087615
0 0.48468040147913366 0.35636057287278855 0.021658742736397254 0.04380791912384162
1 0.5483359746434231 0.32813816343723673 0.020073956682514528 0.06318449873631002
1 0.48520866349709457 0.3155012636899747 0.02271526677231907 0.05644481887110362
1 0.39091389329107235 0.33782645324347094 0.028526148969889066 0.06739679865206402
0 0.4397781299524564 0.33319292333614153 0.014263074484944533 0.03622577927548441