1 0.4582673005810882 0.4755686604886268 0.06920232435287903 0.17101937657961247
1 0.6080295826730058 0.398904802021904 0.040147913365029056 0.10362257792754845
1 0.633122028526149 0.4764111204717776 0.06814580031695722 0.15922493681550126
2 0.6582144743792921 0.45998315080033697 0.022187004754358162 0.08087615838247683
2 0.20364500792393028 0.38416175231676497 0.03433703116745906 0.06402695871946082
2 0.344162704701532 0.3993260320134794 0.03116745905969361 0.06402695871946082
0 0.13259376650818805 0.43639427127211455 0.04331748547279451 0.08930075821398484
0 0.3214474379292129 0.43723673125526535 0.047015319598520865 0.08424599831508003
0 0.5163761225567882 0.3900589721988206 0.024828314844162706 0.05391743892165122
4 0.23085050184891706 0.5046335299073293 0.060221870047543584 0.11625947767481044
4 0.35525620707871103 0.37152485256950296 0.018489170628631802 0.05391743892165122
4 0.4931325937665082 0.42459983150800334 0.035393555203380875 0.06908171861836562