1 0.5243000528262018 0.43934288121314236 0.04595879556259905 0.12384161752316765
1 0.4070258848388801 0.5749789385004213 0.0797675647120972 0.2080876158382477
1 0.6133122028526149 0.5139005897219882 0.06233491811938722 0.17017691659646167
4 0.46222926571579503 0.5130581297388374 0.04226096143687269 0.09435551811288964
4 0.4120443740095087 0.45450716090985677 0.04331748547279451 0.07834877843302443
4 0.46671949286846276 0.42207245155855094 0.03645007923930269 0.06571187868576242
2 0.6840993132593767 0.4983150800336984 0.05071315372424723 0.09182813816343724
2 0.5861067089276281 0.41954507160909854 0.03645007923930269 0.06402695871946082
2 0.2577918647649234 0.5139005897219882 0.051769677760169046 0.09941027801179445
0 0.24775488642366614 0.45956192080876157 0.04543053354463814 0.08171861836562763
0 0.3555203380876915 0.42080876158382474 0.032752245113576335 0.06655433866891322
0 0.647120972002113 0.44734625105307496 0.03803486529318542 0.07413647851727043