1 0.5221870047543582 0.42333614153327714 0.030110935023771792 0.08340353833192923
1 0.47094558901215 0.398904802021904 0.025884838880084523 0.06992417860151642
1 0.3758584257791865 0.413647851727043 0.025884838880084523 0.08256107834877843
2 0.4041204437400951 0.4035383319292334 0.014791336502905442 0.040438079191238416
2 0.44532488114104596 0.44102780117944396 0.025356576862123614 0.05475989890480202
2 0.3312202852614897 0.4161752316764954 0.022187004754358162 0.04717775905644482
4 0.2879027997886952 0.43260320134793595 0.028526148969889066 0.05475989890480202
4 0.5504490227152667 0.41954507160909854 0.025356576862123614 0.04549283909014322
0 0.4157422081352351 0.41912384161752314 0.024300052826201797 0.04633529907329402
0 0.4722662440570523 0.45998315080033697 0.03169572107765452 0.060657118786857624
0 0.39197041732699417 0.45155855096882896 0.03592181722134179 0.062342038753159225
4 0.5332805071315373 0.4026958719460826 0.012150026413100899 0.04212299915754002