4 0.49101954569466455 0.44397641112047176 0.013206550449022716 0.02527379949452401
4 0.3769149498151083 0.44818871103622576 0.014263074484944533 0.02864363942712721
0 0.38351822503961963 0.43850042122999155 0.009508716323296355 0.02611625947767481
1 0.42366613840464873 0.44439764111204716 0.01584786053882726 0.04633529907329402
1 0.4688325409403064 0.44776748104465036 0.017432646592709985 0.04802021903959562
1 0.5449022715266773 0.43765796124684075 0.01531959852086635 0.04296545914069082
2 0.5110935023771791 0.45282224094355517 0.013206550449022716 0.02780117944397641
2 0.4601162176439514 0.43681550126368995 0.009508716323296355 0.02443133951137321
0 0.4300052826201796 0.44187026116259476 0.007395668251452721 0.02611625947767481
4 0.49154780771262546 0.43091828138163435 0.012150026413100899 0.02274641954507161
0 0.5385631273111463 0.43807919123841615 0.006867406233491812 0.02358887952822241
2 0.4289487585842578 0.43133951137320975 0.008452192287374538 0.02358887952822241