2 0.7876386687797148 0.470513900589722 0.04965662968832541 0.09182813816343724
2 0.3940834653988378 0.4848357203032856 0.04120443740095087 0.09014321819713564
2 0.29344955097728476 0.43976411120471776 0.03116745905969361 0.06739679865206402
1 0.24167987321711568 0.3980623420387532 0.030110935023771792 0.08677337826453244
1 0.193608029582673 0.45408593091828137 0.06075013206550449 0.13816343723673125
1 0.11806656101426308 0.43344566133108675 0.04384574749075541 0.11373209772535804
0 0.7514527205493925 0.42839090143218195 0.04173269941891178 0.07160909856781802
0 0.41706286318013736 0.43260320134793595 0.035393555203380875 0.06655433866891322
0 0.3977812995245642 0.4039595619208088 0.022187004754358162 0.051390058972198824
4 0.5409403063919704 0.409435551811289 0.02641310089804543 0.05728727885425442
4 0.5858425779186477 0.43850042122999155 0.03169572107765452 0.06992417860151642
4 0.6072371896460644 0.5046335299073293 0.05758055995773904 0.10446503791069923