1 0.7403592181722134 0.5228187919463088 0.04173269941891178 0.0912751677852349
1 0.18515583729529847 0.47818791946308725 0.03433703116745906 0.07181208053691275
1 0.3795562599049128 0.4526845637583893 0.030110935023771792 0.05570469798657718
2 0.48811410459587956 0.45536912751677855 0.020073956682514528 0.032885906040268455
2 0.5776545166402536 0.47248322147651006 0.021658742736397254 0.038926174496644296
2 0.6510829371368199 0.5802013422818791 0.04173269941891178 0.07315436241610739
4 0.4471737982039091 0.48523489932885905 0.024828314844162706 0.042953020134228186
4 0.6370839936608558 0.511744966442953 0.03486529318541997 0.04899328859060403
0 0.7086634970945589 0.48825503355704697 0.025884838880084523 0.04093959731543624
0 0.22926571579503432 0.535234899328859 0.04331748547279451 0.059731543624161075
0 0.44506075013206553 0.5597315436241611 0.035393555203380875 0.06577181208053691
4 0.3687268885367142 0.512751677852349 0.03592181722134179 0.05100671140939597