4 0.919175911251981 0.5171140939597315 0.013734812466983624 0.03691275167785235
4 0.8703116745905969 0.5439597315436242 0.03645007923930269 0.046308724832214765
4 0.3711040676175383 0.47516778523489933 0.017432646592709985 0.02953020134228188
0 0.5618066561014263 0.45436241610738254 0.013206550449022716 0.021476510067114093
0 0.4434759640781828 0.4620805369127517 0.017432646592709985 0.026174496644295303
0 0.21421024828314844 0.5486577181208053 0.042789223454833596 0.059731543624161075
2 0.7469624933967248 0.5936241610738255 0.04226096143687269 0.06510067114093959
2 0.4712097200211305 0.6422818791946309 0.0549392498679345 0.087248322147651
2 0.29344955097728476 0.4976510067114094 0.02271526677231907 0.03825503355704698
1 0.6492340200739567 0.4855704697986577 0.028526148969889066 0.05570469798657718
1 0.5221870047543582 0.4704697986577181 0.02271526677231907 0.049664429530201344
1 0.2588483888008452 0.5664429530201343 0.05705229793977813 0.11409395973154363