1 0.8283148441627047 0.4721988205560236 0.048600105652403594 0.11204717775905644
1 0.7474907554146857 0.5387531592249368 0.0549392498679345 0.15417017691659646
1 0.3262017960908611 0.6331086773378265 0.07237189646064449 0.18786857624262848
2 0.5042260961436873 0.6027801179443977 0.04384574749075541 0.10025273799494525
2 0.5301109350237718 0.5324347093513058 0.03645007923930269 0.07245155855096883
2 0.2834125726360275 0.5160067396798652 0.027997886951928157 0.05981465880370682
4 0.24986793449550979 0.5513900589721988 0.03803486529318542 0.06992417860151642
4 0.5306391970417327 0.472620050547599 0.024828314844162706 0.04886267902274642
4 0.6951928156365558 0.5117944397641112 0.03909138932910724 0.07160909856781802
0 0.4038563127311146 0.5438079191238416 0.03328050713153724 0.07497893850042123
0 0.4223454833597464 0.483150800336984 0.02694136291600634 0.04970513900589722
0 0.6423666138404649 0.4738837405223252 0.03169572107765452 0.05475989890480202