1 0.27179080824088747 0.36141533277169335 0.03750660327522451 0.10614995787700084
1 0.3024300052826202 0.4675652906486942 0.06603275224511358 0.17017691659646167
1 0.4630216587427364 0.36983993260320136 0.04384574749075541 0.10614995787700084
4 0.3544638140517697 0.43681550126368995 0.03803486529318542 0.08340353833192923
4 0.4976228209191759 0.37447346251053076 0.03380876914949815 0.061499578770008424
4 0.5966719492868463 0.38500421229991577 0.027997886951928157 0.06402695871946082
0 0.24828314844162705 0.41743892165122154 0.044374009508716325 0.08003369839932603
0 0.5055467511885895 0.44650379106992416 0.04331748547279451 0.08593091828138164
0 0.5496566296883254 0.4018534119629318 0.024828314844162706 0.06908171861836562
2 0.5689381933438986 0.42965459140690815 0.03909138932910724 0.07919123841617523
2 0.4120443740095087 0.37152485256950296 0.02746962493396725 0.060657118786857624
2 0.3483888008452192 0.388374052232519 0.03116745905969361 0.06739679865206402