4 0.5013206550449023 0.4969798657718121 0.02641310089804543 0.0436241610738255
4 0.26386687797147385 0.49530201342281877 0.027997886951928157 0.04429530201342282
4 0.2979397781299525 0.4429530201342282 0.020073956682514528 0.03355704697986577
0 0.34548335974643424 0.4721476510067114 0.028526148969889066 0.042281879194630875
0 0.4611727416798732 0.4476510067114094 0.021130480718436345 0.0348993288590604
0 0.7363972530375066 0.4540268456375839 0.024300052826201797 0.03691275167785235
1 0.8737453777073428 0.4526845637583893 0.032752245113576335 0.06510067114093959
1 0.14949815108293713 0.4459731543624161 0.03380876914949815 0.0610738255033557
1 0.20100369783412572 0.4181208053691275 0.024828314844162706 0.049664429530201344
2 0.5974643423137876 0.462751677852349 0.024300052826201797 0.04093959731543624
2 0.7171156893819335 0.4889261744966443 0.03222398309561542 0.0476510067114094