1 0.7680929741151611 0.6597315436241611 0.09297411516111992 0.174496644295302
1 0.45113576333861594 0.5496644295302013 0.04965662968832541 0.11677852348993288
1 0.4038563127311146 0.42953020134228187 0.021658742736397254 0.04563758389261745
2 0.7160591653460117 0.5466442953020134 0.04807184363444268 0.06644295302013423
2 0.5699947173798204 0.43859060402684563 0.016904384574749076 0.027516778523489934
2 0.42419440042260964 0.48456375838926175 0.025356576862123614 0.04563758389261745
0 0.6405176967776017 0.4825503355704698 0.024828314844162706 0.04161073825503356
0 0.5245641838351822 0.45536912751677855 0.021130480718436345 0.032885906040268455
0 0.4500792393026941 0.4184563758389262 0.013734812466983624 0.02214765100671141
4 0.6024828314844163 0.4228187919463087 0.013206550449022716 0.022818791946308724
4 0.38827258320126784 0.4577181208053691 0.020073956682514528 0.0348993288590604
4 0.2588483888008452 0.42416107382550333 0.014791336502905442 0.02953020134228188