1 0.5110935023771791 0.42544229149115415 0.016376122556788168 0.06908171861836562
1 0.5021130480718436 0.44313395113732096 0.02271526677231907 0.08087615838247683
1 0.42366613840464873 0.43555181128896375 0.032752245113576335 0.08087615838247683
4 0.5689381933438986 0.4713563605728728 0.02641310089804543 0.05307497893850042
4 0.5879556259904913 0.45366470092670597 0.022187004754358162 0.04633529907329402
4 0.5787110406761754 0.43681550126368995 0.011093502377179081 0.039595619208087615
0 0.33518225039619653 0.44818871103622576 0.029054410987849975 0.05223251895534962
0 0.3975171685155837 0.43091828138163435 0.021658742736397254 0.04296545914069082
0 0.5221870047543582 0.42923336141533275 0.016376122556788168 0.039595619208087615
2 0.4498151082937137 0.42544229149115415 0.020602218700475437 0.038753159224936815
2 0.36212361331220283 0.4667228306655434 0.029054410987849975 0.05728727885425442
2 0.4873217115689382 0.4856781802864364 0.03328050713153724 0.061499578770008424