1 0.7448494453248812 0.4714765100671141 0.0306391970417327 0.0610738255033557
2 0.6465927099841522 0.48523489932885905 0.025356576862123614 0.040268456375838924
2 0.5456946645536186 0.4986577181208054 0.0306391970417327 0.04697986577181208
2 0.4693608029582673 0.5030201342281879 0.03222398309561542 0.04899328859060403
0 0.5031695721077655 0.47516778523489933 0.024828314844162706 0.040268456375838924
0 0.44426835710512413 0.4778523489932886 0.025356576862123614 0.040268456375838924
0 0.3808769149498151 0.4818791946308725 0.025356576862123614 0.04161073825503356
4 0.47992604331748545 0.45805369127516776 0.020602218700475437 0.03422818791946309
4 0.41996830427892234 0.4597315436241611 0.020073956682514528 0.0348993288590604
4 0.36106708927628106 0.4620805369127517 0.01954569466455362 0.03691275167785235
1 0.4403063919704173 0.42751677852348996 0.01954569466455362 0.042953020134228186
1 0.34891706286318014 0.4305369127516778 0.016376122556788168 0.042281879194630875