0 0.3195454545454545 0.34375 0.03090909090909091 0.05955882352941176
0 0.19977272727272727 0.21102941176470588 0.008636363636363636 0.01911764705882353
0 0.41 0.25220588235294117 0.013636363636363636 0.03529411764705882
4 0.8779545454545454 0.7448529411764706 0.105 0.21176470588235294
4 0.6518181818181819 0.3209558823529412 0.02909090909090909 0.06397058823529411
4 0.610909090909091 0.24191176470588235 0.014545454545454545 0.03676470588235294
1 0.4459090909090909 0.20845588235294119 0.01090909090909091 0.03897058823529412
1 0.45181818181818184 0.2051470588235294 0.008181818181818182 0.03823529411764706
1 0.5920454545454545 0.20330882352941176 0.011363636363636364 0.04191176470588235
2 0.4715909090909091 0.19705882352941176 0.006818181818181818 0.01911764705882353
2 0.48613636363636364 0.18566176470588236 0.005909090909090909 0.015441176470588236
2 0.4965909090909091 0.17720588235294119 0.005 0.013235294117647059
2 0.5038636363636364 0.17095588235294118 0.004090909090909091 0.011029411764705883
2 0.5836363636363636 0.19154411764705884 0.006363636363636364 0.019852941176470587
2 0.5777272727272728 0.18088235294117647 0.005454545454545455 0.01764705882352941
2 0.5725 0.1738970588235294 0.005 0.013970588235294118
2 0.5245454545454545 0.16911764705882354 0.005454545454545455 0.011764705882352941
2 0.5465909090909091 0.16801470588235295 0.005 0.0125
2 0.5684090909090909 0.16691176470588234 0.004090909090909091 0.013235294117647059
2 0.5822727272727273 0.16691176470588234 0.005454545454545455 0.013235294117647059
4 0.36477272727272725 0.18860294117647058 0.006818181818181818 0.015441176470588236