2 0.28288431061806657 0.3573825503355705 0.03116745905969361 0.046308724832214765
2 0.3642366613840465 0.37080536912751677 0.03433703116745906 0.05167785234899329
2 0.7641310089804543 0.7248322147651006 0.10618066561014262 0.15704697986577182
1 0.6077654516640254 0.386241610738255 0.04173269941891178 0.08926174496644296
1 0.2900158478605388 0.4520134228187919 0.06233491811938722 0.12953020134228188
1 0.1225567881669308 0.39093959731543626 0.05810882197569995 0.1040268456375839
4 0.31880612783940837 0.4120805369127517 0.035393555203380875 0.06040268456375839
4 0.4828314844162705 0.4587248322147651 0.048600105652403594 0.07315436241610739
0 0.44506075013206553 0.6003355704697987 0.07871104067617539 0.11879194630872483
0 0.47253037506603274 0.3902684563758389 0.03645007923930269 0.05436241610738255
0 0.6307448494453248 0.448993288590604 0.03380876914949815 0.06845637583892618
4 0.8544638140517696 0.5926174496644295 0.08082408874801902 0.1087248322147651