1 0.7057580559957739 0.5161073825503356 0.040147913365029056 0.07919463087248323
1 0.49049128367670364 0.5281879194630873 0.03645007923930269 0.08456375838926175
1 0.39513998943475964 0.4540268456375839 0.025356576862123614 0.04496644295302014
0 0.43159006867406235 0.49026845637583893 0.022187004754358162 0.03691275167785235
0 0.4387216059165346 0.45302013422818793 0.012150026413100899 0.022818791946308724
0 0.32805071315372425 0.4889261744966443 0.022187004754358162 0.03825503355704698
4 0.38140517696777604 0.45302013422818793 0.012678288431061807 0.024161073825503355
4 0.3555203380876915 0.46174496644295304 0.021130480718436345 0.02953020134228188
4 0.4609086106708928 0.46241610738255035 0.01954569466455362 0.026845637583892617
2 0.4215530903328051 0.4684563758389262 0.013734812466983624 0.02953020134228188
2 0.5850501848917062 0.462751677852349 0.01531959852086635 0.027516778523489934
2 0.6708927628103539 0.4791946308724832 0.01901743264659271 0.032214765100671144