4 0.5613636363636364 0.6858108108108109 0.11636363636363636 0.22972972972972974
4 0.7468181818181818 0.1679054054054054 0.008181818181818182 0.015540540540540541
4 0.6361363636363636 0.17094594594594595 0.006818181818181818 0.014864864864864866
0 0.6284090909090909 0.16756756756756758 0.005909090909090909 0.012162162162162163
0 0.5184090909090909 0.17162162162162162 0.005 0.010810810810810811
4 0.509090909090909 0.175 0.007272727272727273 0.013513513513513514
0 0.43272727272727274 0.17567567567567569 0.005454545454545455 0.010810810810810811
0 0.3981818181818182 0.17635135135135135 0.004545454545454545 0.00945945945945946
4 0.38931818181818184 0.18141891891891893 0.005909090909090909 0.012837837837837839
0 0.38522727272727275 0.175 0.004090909090909091 0.00945945945945946
0 0.3704545454545455 0.17466216216216215 0.0036363636363636364 0.008783783783783784
4 0.33340909090909093 0.1831081081081081 0.005 0.012162162162162163
0 0.8634090909090909 0.15743243243243243 0.008636363636363636 0.014864864864864866
4 0.8411363636363637 0.16317567567567567 0.009545454545454546 0.016891891891891893
0 0.34136363636363637 0.175 0.004545454545454545 0.00945945945945946
4 0.30954545454545457 0.18175675675675676 0.006363636363636364 0.013513513513513514
4 0.2959090909090909 0.17905405405405406 0.0036363636363636364 0.010810810810810811
0 0.2868181818181818 0.1777027027027027 0.0036363636363636364 0.008108108108108109
4 0.24954545454545454 0.18175675675675676 0.005454545454545455 0.010810810810810811
0 0.2315909090909091 0.18141891891891893 0.005 0.008783783783783784
4 0.19818181818181818 0.1847972972972973 0.006363636363636364 0.011486486486486487
0 0.16977272727272727 0.18412162162162163 0.006818181818181818 0.010135135135135136
4 0.1415909090909091 0.1875 0.006818181818181818 0.011486486486486487
0 0.10318181818181818 0.18783783783783783 0.008181818181818182 0.00945945945945946
4 0.09522727272727273 0.19087837837837837 0.009545454545454546 0.012837837837837839
4 0.07931818181818182 0.1929054054054054 0.010454545454545454 0.01418918918918919