4 0.23545454545454544 0.46824324324324323 0.07363636363636364 0.12297297297297298
4 0.08954545454545454 0.2685810810810811 0.02727272727272727 0.04121621621621622
4 0.33340909090909093 0.24054054054054055 0.017727272727272727 0.033783783783783786
4 0.5420454545454545 0.2206081081081081 0.015 0.027702702702702704
4 0.7445454545454545 0.20844594594594595 0.016363636363636365 0.03175675675675676
0 0.8075 0.1902027027027027 0.013181818181818182 0.02364864864864865
0 0.6836363636363636 0.1972972972972973 0.011818181818181818 0.022972972972972974
0 0.5506818181818182 0.20439189189189189 0.011363636363636364 0.02364864864864865
0 0.3956818181818182 0.21554054054054053 0.012272727272727272 0.024324324324324326
0 0.21022727272727273 0.23344594594594595 0.015 0.027702702702702704
0 0.5888636363636364 0.17804054054054055 0.005909090909090909 0.010135135135135136
0 0.5947727272727272 0.17702702702702702 0.005 0.00945945945945946
0 0.6113636363636363 0.1783783783783784 0.005454545454545455 0.010810810810810811
0 0.6172727272727273 0.17432432432432432 0.004545454545454545 0.008108108108108109
0 0.6272727272727273 0.175 0.004545454545454545 0.008108108108108109
4 0.6388636363636364 0.17297297297297298 0.005 0.00945945945945946
0 0.649090909090909 0.17804054054054055 0.006363636363636364 0.011486486486486487
4 0.6947727272727273 0.17466216216216215 0.006818181818181818 0.012837837837837839
4 0.701590909090909 0.17229729729729729 0.005 0.010810810810810811
0 0.7338636363636364 0.17466216216216215 0.006818181818181818 0.012837837837837839
4 0.7563636363636363 0.17229729729729729 0.007272727272727273 0.013513513513513514
0 0.6225 0.17297297297297298 0.003181818181818182 0.006756756756756757
0 0.5854545454545454 0.17466216216216215 0.0036363636363636364 0.007432432432432433
0 0.5927272727272728 0.17432432432432432 0.0027272727272727275 0.008108108108108109
0 0.6534090909090909 0.17331081081081082 0.005 0.008783783783783784
4 0.6606818181818181 0.17297297297297298 0.004090909090909091 0.00945945945945946
4 0.6661363636363636 0.175 0.005 0.013513513513513514
4 0.6718181818181819 0.17364864864864865 0.005454545454545455 0.012162162162162163
4 0.6693181818181818 0.17128378378378378 0.0022727272727272726 0.008783783783783784
4 0.6915909090909091 0.17195945945945945 0.003181818181818182 0.010135135135135136
4 0.706590909090909 0.17027027027027028 0.004090909090909091 0.00945945945945946
0 0.7045454545454546 0.16993243243243245 0.0027272727272727275 0.007432432432432433
4 0.7284090909090909 0.17094594594594595 0.005 0.010810810810810811
4 0.7225 0.17128378378378378 0.005909090909090909 0.011486486486486487
4 0.7506818181818182 0.16858108108108108 0.004090909090909091 0.008783783783783784
4 0.7931818181818182 0.16722972972972974 0.004545454545454545 0.008783783783783784
0 0.8018181818181818 0.16655405405405405 0.004545454545454545 0.007432432432432433
0 0.8152272727272727 0.17094594594594595 0.007727272727272728 0.014864864864864866
4 0.8204545454545454 0.1662162162162162 0.0036363636363636364 0.00945945945945946
4 0.8347727272727272 0.16756756756756758 0.007727272727272728 0.014864864864864866
4 0.87 0.16385135135135134 0.005454545454545455 0.010135135135135136
0 0.9075 0.1652027027027027 0.010454545454545454 0.016891891891891893
0 0.9286363636363636 0.1804054054054054 0.015454545454545455 0.02702702702702703
4 0.9220454545454545 0.1625 0.008636363636363636 0.015540540540540541
4 0.9304545454545454 0.15945945945945947 0.007272727272727273 0.012162162162162163
0 0.9179545454545455 0.16047297297297297 0.005 0.008783783783783784