4 0.31477272727272726 0.3787162162162162 0.017727272727272727 0.03581081081081081
4 0.5597727272727273 0.3452702702702703 0.014090909090909091 0.02702702702702703
4 0.5768181818181818 0.34290540540540543 0.014545454545454545 0.026351351351351353
4 0.7152272727272727 0.32432432432432434 0.010454545454545454 0.021621621621621623
0 0.8847727272727273 0.3341216216216216 0.020454545454545454 0.030405405405405407
0 0.7763636363636364 0.3567567567567568 0.025454545454545455 0.03648648648648649
0 0.5790909090909091 0.3932432432432432 0.02909090909090909 0.0472972972972973
0 0.5397727272727273 0.40168918918918917 0.029545454545454545 0.05067567567567568
0 0.5377272727272727 0.5577702702702703 0.06636363636363636 0.1195945945945946
0 0.9068181818181819 0.4685810810810811 0.053636363636363635 0.08851351351351351
4 0.44022727272727274 0.27128378378378376 0.005909090909090909 0.018243243243243244
4 0.4475 0.2682432432432432 0.008636363636363636 0.021621621621621623
4 0.45386363636363636 0.26722972972972975 0.009545454545454546 0.020945945945945947
0 0.4668181818181818 0.28716216216216217 0.008181818181818182 0.01756756756756757