4 0.5986363636363636 0.45844594594594595 0.07636363636363637 0.1331081081081081
4 0.18204545454545454 0.20304054054054055 0.006818181818181818 0.01418918918918919
4 0.3195454545454545 0.1891891891891892 0.006363636363636364 0.012162162162162163
4 0.37477272727272726 0.1837837837837838 0.006818181818181818 0.012162162162162163
4 0.4225 0.17905405405405406 0.005909090909090909 0.010810810810810811
4 0.48454545454545456 0.17331081081081082 0.005454545454545455 0.010135135135135136
4 0.5245454545454545 0.16959459459459458 0.005454545454545455 0.00945945945945946
4 0.5652272727272727 0.1662162162162162 0.005 0.00945945945945946
4 0.6086363636363636 0.16283783783783784 0.004545454545454545 0.00945945945945946
4 0.6927272727272727 0.1570945945945946 0.004545454545454545 0.008783783783783784
4 0.6493181818181818 0.15945945945945947 0.005 0.00945945945945946
0 0.23613636363636364 0.19425675675675674 0.005909090909090909 0.012837837837837839
0 0.29613636363636364 0.18885135135135134 0.005 0.010135135135135136
0 0.35613636363636364 0.18243243243243243 0.005909090909090909 0.010810810810810811
0 0.44 0.17466216216216215 0.004545454545454545 0.008783783783783784
0 0.5777272727272728 0.1635135135135135 0.004545454545454545 0.008108108108108109
0 0.6234090909090909 0.16013513513513514 0.004090909090909091 0.006756756756756757
0 0.6752272727272727 0.15675675675675677 0.004090909090909091 0.008108108108108109
1 0.455 0.17297297297297298 0.006363636363636364 0.016216216216216217
1 0.41045454545454546 0.17466216216216215 0.007272727272727273 0.015540540540540541
0 0.48068181818181815 0.17128378378378378 0.004090909090909091 0.008783783783783784
0 0.5277272727272727 0.16756756756756758 0.0036363636363636364 0.008108108108108109
0 0.13818181818181818 0.20270270270270271 0.01 0.014864864864864866
0 0.7277272727272728 0.15371621621621623 0.004545454545454545 0.008783783783783784
4 0.7447727272727273 0.1543918918918919 0.005 0.010135135135135136
0 0.7790909090909091 0.15135135135135136 0.004545454545454545 0.00945945945945946
4 0.788409090909091 0.1527027027027027 0.005 0.010810810810810811
4 0.8256818181818182 0.15101351351351353 0.005 0.011486486486486487
0 0.8295454545454546 0.14864864864864866 0.0036363636363636364 0.010810810810810811
4 0.8538636363636364 0.14932432432432433 0.007727272727272728 0.012162162162162163
4 0.8763636363636363 0.14966216216216216 0.006363636363636364 0.011486486486486487
0 0.8813636363636363 0.14425675675675675 0.005454545454545455 0.011486486486486487
4 0.9054545454545454 0.14864864864864866 0.00909090909090909 0.013513513513513514
0 0.9245454545454546 0.14324324324324325 0.008181818181818182 0.012162162162162163
4 0.9277272727272727 0.14797297297297296 0.01090909090909091 0.01756756756756757
4 0.9318181818181818 0.15608108108108107 0.00909090909090909 0.01756756756756757