0 0.07795454545454546 0.2695945945945946 0.020454545454545454 0.03648648648648649
0 0.12795454545454546 0.2472972972972973 0.01681818181818182 0.02972972972972973
4 0.08863636363636364 0.4246621621621622 0.05 0.09797297297297297
4 0.2827272727272727 0.2972972972972973 0.03272727272727273 0.052702702702702706
4 0.37522727272727274 0.2608108108108108 0.022272727272727274 0.04054054054054054
4 0.38954545454545453 0.23513513513513515 0.01818181818181818 0.031081081081081083
4 0.3236363636363636 0.22635135135135134 0.012727272727272728 0.02702702702702703
4 0.24272727272727274 0.2141891891891892 0.01 0.02027027027027027
4 0.19818181818181818 0.20912162162162162 0.008181818181818182 0.016891891891891893
4 0.17545454545454545 0.20675675675675675 0.008181818181818182 0.014864864864864866
4 0.4743181818181818 0.7486486486486487 0.14045454545454544 0.2594594594594595
0 0.10568181818181818 0.2304054054054054 0.015909090909090907 0.024324324324324326
0 0.08227272727272728 0.22027027027027027 0.014545454545454545 0.02027027027027027
0 0.06886363636363636 0.2141891891891892 0.010454545454545454 0.01756756756756757
0 0.06659090909090909 0.19425675675675674 0.005909090909090909 0.007432432432432433
0 0.08818181818181818 0.19222972972972974 0.007272727272727273 0.008783783783783784
4 0.16113636363636363 0.20472972972972972 0.009545454545454546 0.016216216216216217
4 0.1340909090909091 0.20033783783783785 0.008181818181818182 0.01418918918918919
4 0.12363636363636364 0.1983108108108108 0.00909090909090909 0.01418918918918919
4 0.11727272727272728 0.19864864864864865 0.005454545454545455 0.00945945945945946
1 0.11022727272727273 0.1939189189189189 0.008636363636363636 0.01756756756756757
0 0.12340909090909091 0.18986486486486487 0.007727272727272728 0.00945945945945946
4 0.13818181818181818 0.18986486486486487 0.006363636363636364 0.010810810810810811
4 0.28045454545454546 0.1810810810810811 0.0036363636363636364 0.008108108108108109
0 0.29113636363636364 0.1793918918918919 0.003181818181818182 0.006081081081081081
4 0.31136363636363634 0.17871621621621622 0.0036363636363636364 0.008783783783783784
0 0.33340909090909093 0.17635135135135135 0.003181818181818182 0.006756756756756757
4 0.3386363636363636 0.17702702702702702 0.0036363636363636364 0.00945945945945946
0 0.3675 0.17364864864864865 0.003181818181818182 0.006756756756756757
4 0.3770454545454546 0.17533783783783785 0.003181818181818182 0.007432432432432433
4 0.4088636363636364 0.17331081081081082 0.003181818181818182 0.008783783783783784
0 0.4715909090909091 0.16824324324324325 0.003181818181818182 0.006756756756756757
0 0.4052272727272727 0.17229729729729729 0.0022727272727272726 0.006756756756756757
0 0.4909090909090909 0.1679054054054054 0.0027272727272727275 0.007432432432432433
4 0.5427272727272727 0.16756756756756758 0.0036363636363636364 0.00945945945945946
0 0.5443181818181818 0.16554054054054054 0.003181818181818182 0.006756756756756757
0 0.6181818181818182 0.1625 0.0036363636363636364 0.008783783783783784
0 0.6213636363636363 0.16216216216216217 0.0027272727272727275 0.005405405405405406
4 0.6313636363636363 0.16148648648648647 0.0036363636363636364 0.008108108108108109
4 0.6331818181818182 0.16114864864864864 0.0027272727272727275 0.007432432432432433
0 0.6359090909090909 0.16148648648648647 0.0027272727272727275 0.006756756756756757
4 0.6402272727272728 0.16418918918918918 0.005 0.010810810810810811
4 0.6427272727272727 0.1608108108108108 0.0027272727272727275 0.006756756756756757
0 0.6459090909090909 0.16182432432432434 0.0036363636363636364 0.010135135135135136
4 0.6495454545454545 0.16047297297297297 0.0036363636363636364 0.007432432432432433
0 0.6525 0.16047297297297297 0.003181818181818182 0.007432432432432433
0 0.6586363636363637 0.15945945945945947 0.0036363636363636364 0.008108108108108109
4 0.6556818181818181 0.16013513513513514 0.003181818181818182 0.008108108108108109
0 0.6663636363636364 0.16114864864864864 0.004545454545454545 0.011486486486486487
0 0.6761363636363636 0.16013513513513514 0.003181818181818182 0.006756756756756757
4 0.6806818181818182 0.15945945945945947 0.003181818181818182 0.006756756756756757
4 0.6856818181818182 0.1625 0.005 0.011486486486486487
4 0.6845454545454546 0.15945945945945947 0.0027272727272727275 0.006756756756756757
0 0.6913636363636364 0.15945945945945947 0.0036363636363636364 0.008108108108108109
0 0.6959090909090909 0.16013513513513514 0.004545454545454545 0.00945945945945946
0 0.7006818181818182 0.15878378378378377 0.003181818181818182 0.006756756756756757
4 0.7147727272727272 0.15844594594594594 0.004090909090909091 0.007432432432432433
4 0.7240909090909091 0.15743243243243243 0.004545454545454545 0.00945945945945946
4 0.7377272727272727 0.15743243243243243 0.004545454545454545 0.00945945945945946
0 0.7311363636363636 0.15844594594594594 0.005909090909090909 0.010135135135135136
0 0.7606818181818182 0.1570945945945946 0.006818181818181818 0.010135135135135136
4 0.7684090909090909 0.15608108108108107 0.004090909090909091 0.010810810810810811
0 0.7659090909090909 0.15641891891891893 0.0027272727272727275 0.007432432432432433
4 0.7927272727272727 0.1554054054054054 0.004545454545454545 0.00945945945945946
4 0.8009090909090909 0.15472972972972973 0.006363636363636364 0.012162162162162163
0 0.8197727272727273 0.15472972972972973 0.005909090909090909 0.00945945945945946
4 0.8275 0.15337837837837837 0.006818181818181818 0.012162162162162163
4 0.8386363636363636 0.15371621621621623 0.007272727272727273 0.011486486486486487
4 0.8522727272727273 0.15304054054054053 0.005454545454545455 0.008783783783783784
4 0.8720454545454546 0.15878378378378377 0.009545454545454546 0.016216216216216217
4 0.8806818181818182 0.15405405405405406 0.007727272727272728 0.014864864864864866
4 0.9045454545454545 0.15878378378378377 0.01090909090909091 0.016216216216216217
4 0.9065909090909091 0.14864864864864866 0.006818181818181818 0.008108108108108109
4 0.9306818181818182 0.14695945945945946 0.009545454545454546 0.015540540540540541