4 0.1315909090909091 0.49155405405405406 0.013181818181818182 0.020945945945945947
4 0.24204545454545454 0.4797297297297297 0.008636363636363636 0.01756756756756757
4 0.3584090909090909 0.4685810810810811 0.006818181818181818 0.012837837837837839
4 0.45795454545454545 0.4540540540540541 0.004090909090909091 0.00945945945945946
4 0.4495454545454545 0.4635135135135135 0.007272727272727273 0.012162162162162163
4 0.5093181818181818 0.4537162162162162 0.005 0.008783783783783784
4 0.5206818181818181 0.4614864864864865 0.005 0.013513513513513514
0 0.25636363636363635 0.4902027027027027 0.011818181818181818 0.019594594594594596
0 0.3411363636363636 0.4780405405405405 0.008636363636363636 0.016891891891891893
0 0.4143181818181818 0.4722972972972973 0.008636363636363636 0.016216216216216217
0 0.49272727272727274 0.45135135135135135 0.004545454545454545 0.008108108108108109
0 0.5272727272727272 0.4506756756756757 0.004545454545454545 0.008108108108108109
4 0.7215909090909091 0.44763513513513514 0.004090909090909091 0.008783783783783784
4 0.7254545454545455 0.45 0.004545454545454545 0.00945945945945946
4 0.7070454545454545 0.4462837837837838 0.004090909090909091 0.007432432432432433
4 0.6981818181818182 0.45135135135135135 0.005454545454545455 0.00945945945945946
4 0.6445454545454545 0.4523648648648649 0.004545454545454545 0.010135135135135136
4 0.571590909090909 0.4527027027027027 0.005 0.00945945945945946
4 0.5977272727272728 0.4652027027027027 0.007272727272727273 0.015540540540540541
0 0.6170454545454546 0.44932432432432434 0.004090909090909091 0.008108108108108109
4 0.6336363636363637 0.47128378378378377 0.006363636363636364 0.016891891891891893
0 0.4752272727272727 0.4722972972972973 0.006818181818181818 0.016216216216216217
0 0.4943181818181818 0.47871621621621624 0.010454545454545454 0.019594594594594596
0 0.47863636363636364 0.48952702702702705 0.012727272727272728 0.02364864864864865
0 0.43204545454545457 0.5047297297297297 0.015909090909090907 0.02972972972972973
0 0.3506818181818182 0.5381756756756757 0.028636363636363637 0.04391891891891892
4 0.6647727272727273 0.48277027027027025 0.008636363636363636 0.0222972972972973
4 0.6720454545454545 0.49966216216216214 0.015909090909090907 0.030405405405405407
4 0.6925 0.533445945945946 0.025 0.04391891891891892
4 0.9129545454545455 0.706418918918919 0.04681818181818182 0.12364864864864865
4 0.7561363636363636 0.4435810810810811 0.004090909090909091 0.007432432432432433
4 0.7925 0.4435810810810811 0.004090909090909091 0.007432432432432433
0 0.6518181818181819 0.44932432432432434 0.0036363636363636364 0.008108108108108109
0 0.08045454545454546 0.7638513513513514 0.03363636363636364 0.10202702702702703
0 0.8202272727272727 0.44222972972972974 0.003181818181818182 0.006081081081081081
0 0.8422727272727273 0.4418918918918919 0.0027272727272727275 0.006756756756756757
0 0.8575 0.4408783783783784 0.003181818181818182 0.006081081081081081
0 0.8763636363636363 0.43986486486486487 0.0036363636363636364 0.005405405405405406
0 0.9056818181818181 0.4391891891891892 0.003181818181818182 0.005405405405405406
4 0.9343181818181818 0.43986486486486487 0.004090909090909091 0.006756756756756757
4 0.9188636363636363 0.4408783783783784 0.004090909090909091 0.007432432432432433
4 0.9 0.44222972972972974 0.004545454545454545 0.007432432432432433
4 0.8815909090909091 0.44324324324324327 0.004090909090909091 0.008108108108108109
4 0.8397727272727272 0.44324324324324327 0.004090909090909091 0.008108108108108109
0 0.7815909090909091 0.44256756756756754 0.003181818181818182 0.006756756756756757
0 0.735 0.44256756756756754 0.0027272727272727275 0.006756756756756757
4 0.7209090909090909 0.44324324324324327 0.0027272727272727275 0.006756756756756757
0 0.7020454545454545 0.4429054054054054 0.0022727272727272726 0.006081081081081081
4 0.6979545454545455 0.44594594594594594 0.003181818181818182 0.006756756756756757
4 0.6995454545454546 0.44391891891891894 0.0027272727272727275 0.006756756756756757
0 0.6754545454545454 0.4435810810810811 0.0027272727272727275 0.006081081081081081
0 0.6481818181818182 0.4452702702702703 0.0027272727272727275 0.006756756756756757
0 0.655 0.44763513513513514 0.0027272727272727275 0.007432432432432433
0 0.6570454545454546 0.4445945945945946 0.0022727272727272726 0.005405405405405406
0 0.4697727272727273 0.4483108108108108 0.0022727272727272726 0.006081081081081081
0 0.47295454545454546 0.45 0.0022727272727272726 0.005405405405405406
0 0.4756818181818182 0.4503378378378378 0.0022727272727272726 0.006081081081081081
0 0.47863636363636364 0.4506756756756757 0.0027272727272727275 0.006756756756756757
0 0.46136363636363636 0.4483108108108108 0.0027272727272727275 0.00472972972972973
0 0.44045454545454543 0.4486486486486487 0.0027272727272727275 0.005405405405405406
0 0.41909090909090907 0.4489864864864865 0.0027272727272727275 0.00472972972972973
4 0.42522727272727273 0.4527027027027027 0.0022727272727272726 0.006756756756756757
4 0.4275 0.4543918918918919 0.003181818181818182 0.006081081081081081
4 0.43113636363636365 0.4516891891891892 0.003181818181818182 0.006081081081081081
4 0.4325 0.45 0.0022727272727272726 0.006756756756756757
4 0.41409090909090907 0.4506756756756757 0.0027272727272727275 0.006756756756756757
4 0.39340909090909093 0.4506756756756757 0.003181818181818182 0.006756756756756757
0 0.3981818181818182 0.45 0.0027272727272727275 0.005405405405405406
0 0.3684090909090909 0.4510135135135135 0.0022727272727272726 0.00472972972972973
4 0.3654545454545455 0.4516891891891892 0.0027272727272727275 0.006081081081081081
4 0.3393181818181818 0.45337837837837835 0.003181818181818182 0.006756756756756757
0 0.3361363636363636 0.4527027027027027 0.0022727272727272726 0.005405405405405406
0 0.31 0.4543918918918919 0.0027272727272727275 0.006081081081081081
4 0.31272727272727274 0.4557432432432432 0.0027272727272727275 0.006081081081081081
4 0.2784090909090909 0.4577702702702703 0.003181818181818182 0.007432432432432433
4 0.22227272727272726 0.4618243243243243 0.0036363636363636364 0.007432432432432433
0 0.2384090909090909 0.4594594594594595 0.003181818181818182 0.006756756756756757
0 0.18568181818181817 0.4631756756756757 0.004090909090909091 0.007432432432432433
0 0.11136363636363636 0.4685810810810811 0.004545454545454545 0.007432432432432433
4 0.14977272727272728 0.46756756756756757 0.005 0.00945945945945946