4 0.8456818181818182 0.5577702702702703 0.030454545454545453 0.05202702702702703
4 0.8884090909090909 0.5206081081081081 0.022272727272727274 0.03581081081081081
0 0.8804545454545455 0.4780405405405405 0.01090909090909091 0.019594594594594596
0 0.7802272727272728 0.4831081081081081 0.010454545454545454 0.02027027027027027
0 0.6415909090909091 0.49324324324324326 0.011363636363636364 0.024324324324324326
0 0.5172727272727272 0.5168918918918919 0.015454545454545455 0.032432432432432434
0 0.3831818181818182 0.5692567567567568 0.025454545454545455 0.05337837837837838
0 0.7465909090909091 0.45506756756756755 0.003181818181818182 0.007432432432432433
0 0.7502272727272727 0.4540540540540541 0.003181818181818182 0.006756756756756757
0 0.7620454545454546 0.4540540540540541 0.003181818181818182 0.006756756756756757
0 0.7727272727272727 0.45506756756756755 0.0036363636363636364 0.007432432432432433
0 0.7793181818181818 0.4540540540540541 0.003181818181818182 0.006756756756756757
0 0.8140909090909091 0.4557432432432432 0.0036363636363636364 0.008783783783783784
0 0.8104545454545454 0.4540540540540541 0.0027272727272727275 0.006756756756756757
0 0.8602272727272727 0.4543918918918919 0.003181818181818182 0.006081081081081081
0 0.8765909090909091 0.4570945945945946 0.004090909090909091 0.008783783783783784
4 0.7986363636363636 0.4554054054054054 0.0036363636363636364 0.008108108108108109
4 0.8070454545454545 0.4543918918918919 0.003181818181818182 0.007432432432432433
4 0.8195454545454546 0.4557432432432432 0.004545454545454545 0.008783783783783784
4 0.8406818181818182 0.4543918918918919 0.004090909090909091 0.007432432432432433
4 0.8729545454545454 0.4557432432432432 0.003181818181818182 0.008783783783783784