0 0.2725 0.697972972972973 0.08136363636363636 0.17027027027027028
0 0.9063636363636364 0.5344594594594595 0.056363636363636366 0.07972972972972973
0 0.2636363636363636 0.3841216216216216 0.01818181818181818 0.03310810810810811
4 0.7075 0.37094594594594593 0.012272727272727272 0.02027027027027027
4 0.9152272727272728 0.3476351351351351 0.004090909090909091 0.015540540540540541
4 0.9113636363636364 0.3452702702702703 0.004545454545454545 0.013513513513513514
4 0.9072727272727272 0.3456081081081081 0.0036363636363636364 0.012837837837837839
4 0.9029545454545455 0.34628378378378377 0.005 0.012837837837837839
0 0.8968181818181818 0.3320945945945946 0.0036363636363636364 0.01418918918918919
0 0.8929545454545454 0.32804054054054055 0.005 0.012837837837837839
0 0.8897727272727273 0.3358108108108108 0.004090909090909091 0.012162162162162163