0 0.3475 0.6564189189189189 0.06772727272727273 0.13986486486486485
0 0.7629545454545454 0.5375 0.042272727272727274 0.08581081081081081
0 0.9179545454545455 0.3993243243243243 0.014090909090909091 0.022972972972972974
0 0.7311363636363636 0.3929054054054054 0.010454545454545454 0.0222972972972973
0 0.5497727272727273 0.3844594594594595 0.012272727272727272 0.022972972972972974
0 0.41659090909090907 0.3793918918918919 0.011363636363636364 0.02364864864864865
0 0.23113636363636364 0.3706081081081081 0.012272727272727272 0.020945945945945947
0 0.1159090909090909 0.35945945945945945 0.012727272727272728 0.02027027027027027
4 0.8970454545454546 0.38513513513513514 0.008636363636363636 0.01756756756756757
4 0.7872727272727272 0.38074324324324327 0.008181818181818182 0.016891891891891893
4 0.6425 0.37601351351351353 0.009545454545454546 0.018243243243243244
4 0.49818181818181817 0.3712837837837838 0.00909090909090909 0.018243243243243244
4 0.35704545454545455 0.3658783783783784 0.008636363636363636 0.016891891891891893
4 0.2697727272727273 0.35912162162162165 0.008636363636363636 0.016891891891891893
4 0.16613636363636364 0.35 0.007727272727272728 0.014864864864864866
4 0.13204545454545455 0.34493243243243243 0.007727272727272728 0.01418918918918919
4 0.155 0.34290540540540543 0.007272727272727273 0.011486486486486487
0 0.12681818181818183 0.3381756756756757 0.005454545454545455 0.010135135135135136
0 0.1784090909090909 0.3381756756756757 0.005909090909090909 0.010135135135135136
0 0.22568181818181818 0.3398648648648649 0.005909090909090909 0.00945945945945946
0 0.2822727272727273 0.34155405405405403 0.004545454545454545 0.008783783783783784
4 0.2177272727272727 0.3422297297297297 0.006363636363636364 0.011486486486486487
4 0.28704545454545455 0.3439189189189189 0.005909090909090909 0.00945945945945946
4 0.3356818181818182 0.3456081081081081 0.005 0.010135135135135136
4 0.5293181818181818 0.35135135135135137 0.004090909090909091 0.00945945945945946
0 0.5211363636363636 0.34864864864864864 0.004090909090909091 0.008108108108108109
0 0.5863636363636363 0.35135135135135137 0.0036363636363636364 0.008108108108108109
4 0.6018181818181818 0.35405405405405405 0.005454545454545455 0.010810810810810811
4 0.6806818181818182 0.3570945945945946 0.005 0.008783783783783784
0 0.6556818181818181 0.3543918918918919 0.005 0.007432432432432433
0 0.7113636363636363 0.3570945945945946 0.0036363636363636364 0.007432432432432433
4 0.7318181818181818 0.35945945945945945 0.004545454545454545 0.00945945945945946
4 0.8020454545454545 0.3618243243243243 0.004090909090909091 0.008783783783783784
0 0.7711363636363636 0.3601351351351351 0.004090909090909091 0.008108108108108109
0 0.8340909090909091 0.3614864864864865 0.0036363636363636364 0.008108108108108109
0 0.8936363636363637 0.36283783783783785 0.004545454545454545 0.008108108108108109
4 0.8736363636363637 0.36317567567567566 0.005454545454545455 0.010135135135135136
0 0.3497727272727273 0.3439189189189189 0.005 0.00945945945945946