4 0.6279545454545454 0.45304054054054055 0.05136363636363636 0.08851351351351351
4 0.7809090909090909 0.3564189189189189 0.028181818181818183 0.05067567567567568
4 0.7754545454545455 0.2760135135135135 0.00909090909090909 0.019594594594594596
1 0.7815909090909091 0.3027027027027027 0.02409090909090909 0.05405405405405406
0 0.8702272727272727 0.2581081081081081 0.008636363636363636 0.013513513513513514
0 0.8879545454545454 0.26216216216216215 0.010454545454545454 0.014864864864864866
0 0.9104545454545454 0.2679054054054054 0.01 0.018243243243243244
0 0.9177272727272727 0.26925675675675675 0.011818181818181818 0.018243243243243244
4 0.7759090909090909 0.26587837837837835 0.0027272727272727275 0.01418918918918919
4 0.6422727272727272 0.22702702702702704 0.006363636363636364 0.014864864864864866
4 0.65 0.225 0.005454545454545455 0.013513513513513514
4 0.6477272727272727 0.22398648648648647 0.0027272727272727275 0.012837837837837839