4 0.5222727272727272 0.7675675675675676 0.12545454545454546 0.2635135135135135
4 0.23386363636363636 0.4331081081081081 0.06227272727272727 0.10675675675675676
4 0.11477272727272728 0.34256756756756757 0.03954545454545454 0.06486486486486487
4 0.13704545454545455 0.23885135135135135 0.011363636363636364 0.0222972972972973
4 0.2525 0.22668918918918918 0.010454545454545454 0.019594594594594596
4 0.4018181818181818 0.20810810810810812 0.00909090909090909 0.016216216216216217
0 0.3977272727272727 0.20337837837837838 0.004545454545454545 0.012162162162162163
4 0.49522727272727274 0.19797297297297298 0.006818181818181818 0.013513513513513514
4 0.55 0.1929054054054054 0.006363636363636364 0.012837837837837839
4 0.5834090909090909 0.1891891891891892 0.005909090909090909 0.012162162162162163
4 0.644090909090909 0.1820945945945946 0.005454545454545455 0.011486486486486487
4 0.6697727272727273 0.1793918918918919 0.005 0.010135135135135136
4 0.6927272727272727 0.17736486486486486 0.004545454545454545 0.010135135135135136
0 0.16 0.22635135135135134 0.00909090909090909 0.01891891891891892
0 0.2952272727272727 0.21385135135135136 0.007727272727272728 0.015540540540540541
0 0.47295454545454546 0.1956081081081081 0.005909090909090909 0.011486486486486487
0 0.5229545454545454 0.19054054054054054 0.005 0.00945945945945946
0 0.57 0.1858108108108108 0.004545454545454545 0.00945945945945946
0 0.6 0.18243243243243243 0.004545454545454545 0.008108108108108109
0 0.6304545454545455 0.1793918918918919 0.004545454545454545 0.008783783783783784
0 0.6743181818181818 0.17567567567567569 0.004090909090909091 0.008108108108108109
1 0.6590909090909091 0.17466216216216215 0.005454545454545455 0.01418918918918919
1 0.7088636363636364 0.17297297297297298 0.005909090909090909 0.014864864864864866
0 0.696590909090909 0.17331081081081082 0.004090909090909091 0.008783783783783784
4 0.7238636363636364 0.17432432432432432 0.005 0.00945945945945946
0 0.7256818181818182 0.17128378378378378 0.003181818181818182 0.008783783783783784
4 0.7470454545454546 0.17128378378378378 0.005 0.010135135135135136
0 0.7604545454545455 0.16925675675675675 0.004545454545454545 0.007432432432432433
4 0.7702272727272728 0.16993243243243245 0.005 0.010135135135135136
4 0.8290909090909091 0.16486486486486487 0.007272727272727273 0.00945945945945946
0 0.8381818181818181 0.1635135135135135 0.005454545454545455 0.008108108108108109
4 0.8686363636363637 0.1625 0.008181818181818182 0.010135135135135136
4 0.9215909090909091 0.15743243243243243 0.007727272727272728 0.010810810810810811