0 0.2852272727272727 0.6263513513513513 0.049545454545454545 0.08243243243243244
0 0.42159090909090907 0.5074324324324324 0.017727272727272727 0.02972972972972973
0 0.45045454545454544 0.4810810810810811 0.01 0.02027027027027027
0 0.46636363636363637 0.4672297297297297 0.007272727272727273 0.01418918918918919
0 0.4734090909090909 0.4608108108108108 0.005909090909090909 0.012162162162162163
0 0.47954545454545455 0.4557432432432432 0.004545454545454545 0.010135135135135136
1 0.4859090909090909 0.44932432432432434 0.004545454545454545 0.013513513513513514
0 0.9236363636363636 0.44594594594594594 0.0036363636363636364 0.006756756756756757
4 0.7038636363636364 0.5513513513513514 0.029545454545454545 0.051351351351351354
4 0.6163636363636363 0.497972972972973 0.013636363636363636 0.02702702702702703
4 0.5897727272727272 0.4814189189189189 0.010454545454545454 0.020945945945945947
4 0.5586363636363636 0.4625 0.006363636363636364 0.012837837837837839
4 0.5506818181818182 0.4574324324324324 0.005 0.010810810810810811
4 0.5463636363636364 0.4540540540540541 0.004545454545454545 0.00945945945945946
1 0.543409090909091 0.44932432432432434 0.004090909090909091 0.013513513513513514
4 0.8802272727272727 0.4472972972972973 0.004090909090909091 0.008108108108108109
4 0.8390909090909091 0.4462837837837838 0.0036363636363636364 0.007432432432432433
0 0.4884090909090909 0.45 0.0022727272727272726 0.008108108108108109
0 0.49204545454545456 0.4483108108108108 0.003181818181818182 0.007432432432432433
4 0.5475 0.4483108108108108 0.003181818181818182 0.007432432432432433
0 0.5018181818181818 0.4466216216216216 0.0036363636363636364 0.006756756756756757
0 0.5177272727272727 0.4452702702702703 0.0036363636363636364 0.006756756756756757
0 0.5347727272727273 0.44425675675675674 0.003181818181818182 0.006081081081081081
4 0.5497727272727273 0.4462837837837838 0.003181818181818182 0.007432432432432433
4 0.5581818181818182 0.4452702702702703 0.0036363636363636364 0.006756756756756757
4 0.57 0.44391891891891894 0.0036363636363636364 0.006756756756756757
4 0.6272727272727273 0.44324324324324327 0.0036363636363636364 0.006756756756756757
4 0.6565909090909091 0.4435810810810811 0.003181818181818182 0.006081081081081081
4 0.6875 0.4435810810810811 0.003181818181818182 0.006081081081081081
0 0.6943181818181818 0.4429054054054054 0.003181818181818182 0.006081081081081081
4 0.7177272727272728 0.44425675675675674 0.0036363636363636364 0.006081081081081081
0 0.7365909090909091 0.4429054054054054 0.003181818181818182 0.006081081081081081
4 0.7468181818181818 0.4445945945945946 0.0036363636363636364 0.006756756756756757
0 0.774090909090909 0.44391891891891894 0.0036363636363636364 0.006756756756756757
4 0.7938636363636363 0.4452702702702703 0.004090909090909091 0.008108108108108109
0 0.8220454545454545 0.44425675675675674 0.004090909090909091 0.007432432432432433
0 0.8670454545454546 0.4452702702702703 0.004090909090909091 0.008108108108108109