0 0.26477272727272727 0.6628378378378378 0.05863636363636364 0.0918918918918919
0 0.5034090909090909 0.5398648648648648 0.023181818181818182 0.04054054054054054
0 0.5909090909090909 0.5064189189189189 0.014545454545454545 0.027702702702702704
0 0.6959090909090909 0.48817567567567566 0.01 0.020945945945945947
0 0.8290909090909091 0.47702702702702704 0.011818181818181818 0.01891891891891892
4 0.9229545454545455 0.5043918918918919 0.02590909090909091 0.030405405405405407
4 0.8688636363636364 0.5297297297297298 0.030454545454545453 0.04054054054054054
4 0.9252272727272727 0.5935810810810811 0.022272727272727274 0.06959459459459459
0 0.9320454545454545 0.4706081081081081 0.008636363636363636 0.018243243243243244
0 0.8020454545454545 0.45304054054054055 0.003181818181818182 0.006081081081081081
0 0.8059090909090909 0.4523648648648649 0.0036363636363636364 0.006081081081081081
0 0.8188636363636363 0.4523648648648649 0.003181818181818182 0.00472972972972973
0 0.8290909090909091 0.45337837837837835 0.0036363636363636364 0.006756756756756757
0 0.8381818181818181 0.4516891891891892 0.0027272727272727275 0.006081081081081081
0 0.8713636363636363 0.4506756756756757 0.0027272727272727275 0.005405405405405406
0 0.8740909090909091 0.4527027027027027 0.0036363636363636364 0.006756756756756757
4 0.8577272727272728 0.452027027027027 0.0036363636363636364 0.006756756756756757
4 0.8677272727272727 0.45135135135135135 0.0036363636363636364 0.006756756756756757
4 0.8802272727272727 0.452027027027027 0.004090909090909091 0.008108108108108109
4 0.9045454545454545 0.4503378378378378 0.004545454545454545 0.006081081081081081
0 0.9279545454545455 0.44966216216216215 0.004090909090909091 0.006081081081081081