0 0.4611363636363636 0.5716216216216217 0.029545454545454545 0.05540540540540541
0 0.4561363636363636 0.4760135135135135 0.010454545454545454 0.016891891891891893
0 0.4975 0.485472972972973 0.012272727272727272 0.02364864864864865
0 0.8977272727272727 0.4516891891891892 0.00909090909090909 0.01418918918918919
0 0.8222727272727273 0.4510135135135135 0.008181818181818182 0.01418918918918919
4 0.8397727272727272 0.497972972972973 0.021363636363636362 0.033783783783783786
4 0.8427272727272728 0.4557432432432432 0.008181818181818182 0.015540540540540541
4 0.9238636363636363 0.4591216216216216 0.012272727272727272 0.018243243243243244
0 0.45590909090909093 0.4689189189189189 0.007272727272727273 0.013513513513513514
0 0.4793181818181818 0.4618243243243243 0.006818181818181818 0.011486486486486487
4 0.6997727272727273 0.48445945945945945 0.011363636363636364 0.022972972972972974
4 0.7461363636363636 0.4557432432432432 0.004090909090909091 0.011486486486486487
0 0.7379545454545454 0.452027027027027 0.004090909090909091 0.008108108108108109
4 0.6072727272727273 0.47533783783783784 0.00909090909090909 0.019594594594594596