0 0.31431818181818183 0.21283783783783783 0.011363636363636364 0.022972972972972974
0 0.3259090909090909 0.20608108108108109 0.01 0.02027027027027027
0 0.3459090909090909 0.21587837837837837 0.011818181818181818 0.025
0 0.3497727272727273 0.19966216216216215 0.006818181818181818 0.018243243243243244
0 0.35568181818181815 0.1902027027027027 0.006818181818181818 0.01418918918918919
0 0.36363636363636365 0.19425675675675674 0.008181818181818182 0.016891891891891893
0 0.45295454545454544 0.21013513513513513 0.011363636363636364 0.025675675675675677
0 0.5375 0.19932432432432431 0.011363636363636364 0.024324324324324326
0 0.5570454545454545 0.19087837837837837 0.009545454545454546 0.020945945945945947
0 0.5675 0.18141891891891893 0.007727272727272728 0.016891891891891893
0 0.5779545454545455 0.175 0.006818181818181818 0.014864864864864866
0 0.5836363636363636 0.17128378378378378 0.006363636363636364 0.01418918918918919
0 0.5995454545454545 0.16655405405405405 0.006363636363636364 0.012837837837837839
0 0.6252272727272727 0.1625 0.005 0.011486486486486487
4 0.7277272727272728 0.1554054054054054 0.005454545454545455 0.012162162162162163
4 0.6956818181818182 0.16013513513513514 0.005909090909090909 0.013513513513513514
4 0.6820454545454545 0.16385135135135134 0.004090909090909091 0.01418918918918919
4 0.6786363636363636 0.16959459459459458 0.007272727272727273 0.014864864864864866
4 0.6952272727272727 0.17297297297297298 0.008636363636363636 0.01756756756756757
4 0.7104545454545454 0.1810810810810811 0.00909090909090909 0.021621621621621623
4 0.7170454545454545 0.18986486486486487 0.012272727272727272 0.024324324324324326
4 0.6681818181818182 0.21047297297297296 0.015454545454545455 0.03175675675675676
0 0.65 0.15912162162162163 0.005454545454545455 0.011486486486486487
4 0.4618181818181818 0.23243243243243245 0.01818181818181818 0.03648648648648649
4 0.18931818181818183 0.2168918918918919 0.010454545454545454 0.02027027027027027
4 0.22568181818181818 0.2087837837837838 0.008636363636363636 0.01891891891891892
4 0.2459090909090909 0.20168918918918918 0.007272727272727273 0.015540540540540541
4 0.23613636363636364 0.19898648648648648 0.006818181818181818 0.01418918918918919
4 0.13886363636363636 0.22702702702702704 0.012272727272727272 0.022972972972972974
4 0.25613636363636366 0.24797297297297297 0.019545454545454546 0.03783783783783784
4 0.24136363636363636 0.4804054054054054 0.06454545454545454 0.13378378378378378
4 0.22613636363636364 0.19763513513513514 0.006818181818181818 0.01418918918918919
0 0.3443181818181818 0.18885135135135134 0.005 0.012837837837837839
0 0.3456818181818182 0.1820945945945946 0.005 0.010135135135135136
0 0.33954545454545454 0.1864864864864865 0.005454545454545455 0.013513513513513514
0 0.33386363636363636 0.1847972972972973 0.005 0.011486486486486487
0 0.3261363636363636 0.18277027027027026 0.005 0.010135135135135136
0 0.6886363636363636 0.15506756756756757 0.005454545454545455 0.011486486486486487
0 0.7234090909090909 0.15202702702702703 0.004090909090909091 0.010810810810810811
4 0.0959090909090909 0.25033783783783786 0.023636363636363636 0.03445945945945946
4 0.10113636363636364 0.23817567567567569 0.01681818181818182 0.029054054054054056
4 0.06636363636363636 0.19966216216216215 0.005454545454545455 0.010135135135135136
4 0.12113636363636364 0.19527027027027027 0.007727272727272728 0.012162162162162163
0 0.11113636363636363 0.19493243243243244 0.006818181818181818 0.010135135135135136
4 0.1643181818181818 0.19358108108108107 0.005909090909090909 0.010135135135135136
4 0.19545454545454546 0.19087837837837837 0.005454545454545455 0.010135135135135136
0 0.20863636363636365 0.1885135135135135 0.004545454545454545 0.00945945945945946
4 0.21431818181818182 0.18986486486486487 0.005909090909090909 0.010810810810810811
4 0.22886363636363635 0.1885135135135135 0.005 0.010810810810810811
4 0.2409090909090909 0.1891891891891892 0.005454545454545455 0.012162162162162163
4 0.24818181818181817 0.19054054054054054 0.005454545454545455 0.012162162162162163
4 0.2545454545454545 0.1918918918918919 0.006363636363636364 0.013513513513513514
0 0.24863636363636363 0.18513513513513513 0.005454545454545455 0.00945945945945946
0 0.27545454545454545 0.18344594594594596 0.005454545454545455 0.010135135135135136
0 0.29659090909090907 0.18175675675675676 0.005 0.010810810810810811
0 0.3145454545454546 0.18175675675675676 0.005454545454545455 0.012162162162162163
4 0.7627272727272727 0.1516891891891892 0.006363636363636364 0.012837837837837839
0 0.7825 0.14797297297297296 0.005 0.010810810810810811
4 0.8154545454545454 0.14763513513513513 0.007272727272727273 0.012837837837837839
0 0.855 0.14222972972972972 0.007272727272727273 0.011486486486486487
4 0.8868181818181818 0.14155405405405405 0.00909090909090909 0.01418918918918919
0 0.9075 0.13783783783783785 0.008636363636363636 0.013513513513513514