4 0.23318181818181818 0.5337837837837838 0.08181818181818182 0.1527027027027027
4 0.15818181818181817 0.37094594594594593 0.04454545454545455 0.08378378378378379
4 0.1393181818181818 0.2685810810810811 0.023181818181818182 0.04121621621621622
4 0.15272727272727274 0.23445945945945945 0.015454545454545455 0.02702702702702703
4 0.1709090909090909 0.2195945945945946 0.011818181818181818 0.021621621621621623
4 0.18386363636363637 0.2097972972972973 0.009545454545454546 0.016891891891891893
4 0.18863636363636363 0.20439189189189189 0.007272727272727273 0.015540540540540541
4 0.1968181818181818 0.19898648648648648 0.006363636363636364 0.01418918918918919
4 0.803409090909091 0.18445945945945946 0.010454545454545454 0.02027027027027027
0 0.7759090909090909 0.17331081081081082 0.007272727272727273 0.01418918918918919
0 0.7852272727272728 0.17094594594594595 0.006818181818181818 0.013513513513513514
0 0.8147727272727273 0.17432432432432432 0.007727272727272728 0.016216216216216217
0 0.9015909090909091 0.17466216216216215 0.009545454545454546 0.018243243243243244
4 0.6872727272727273 0.18006756756756756 0.007272727272727273 0.01418918918918919
4 0.9293181818181818 0.1885135135135135 0.014090909090909091 0.025675675675675677
0 0.06704545454545455 0.20945945945945946 0.006818181818181818 0.014864864864864866
0 0.09772727272727273 0.20371621621621622 0.01 0.01418918918918919
0 0.11886363636363637 0.19898648648648648 0.008636363636363636 0.012837837837837839
0 0.13045454545454546 0.19628378378378378 0.008181818181818182 0.011486486486486487
0 0.1434090909090909 0.1939189189189189 0.006818181818181818 0.010810810810810811
0 0.1552272727272727 0.19256756756756757 0.005909090909090909 0.00945945945945946
0 0.17886363636363636 0.18986486486486487 0.005909090909090909 0.00945945945945946
4 0.2025 0.19527027027027027 0.006818181818181818 0.013513513513513514
4 0.2075 0.19256756756756757 0.005909090909090909 0.010810810810810811
4 0.21477272727272728 0.1902027027027027 0.005909090909090909 0.011486486486486487
4 0.22022727272727272 0.18885135135135134 0.005 0.010135135135135136
4 0.24636363636363637 0.1858108108108108 0.005454545454545455 0.010810810810810811
0 0.26386363636363636 0.1837837837837838 0.005 0.00945945945945946
4 0.2863636363636364 0.1831081081081081 0.005454545454545455 0.00945945945945946
0 0.30068181818181816 0.1820945945945946 0.004090909090909091 0.008783783783783784
4 0.3352272727272727 0.1810810810810811 0.005 0.00945945945945946
0 0.34454545454545454 0.17972972972972973 0.0036363636363636364 0.008108108108108109
4 0.38545454545454544 0.1793918918918919 0.004545454545454545 0.010135135135135136
0 0.3936363636363636 0.17736486486486486 0.0036363636363636364 0.007432432432432433
4 0.4168181818181818 0.1783783783783784 0.005454545454545455 0.00945945945945946
0 0.42863636363636365 0.17567567567567569 0.0036363636363636364 0.008108108108108109
4 0.45181818181818184 0.1777027027027027 0.004545454545454545 0.010810810810810811
4 0.485 0.1766891891891892 0.004545454545454545 0.010135135135135136
0 0.5131818181818182 0.17398648648648649 0.0036363636363636364 0.008783783783783784
0 0.5497727272727273 0.17229729729729729 0.004090909090909091 0.00945945945945946
0 0.6004545454545455 0.17060810810810811 0.0027272727272727275 0.008783783783783784
4 0.6281818181818182 0.17094594594594595 0.0036363636363636364 0.010810810810810811
0 0.6347727272727273 0.16689189189189188 0.003181818181818182 0.006756756756756757
0 0.6415909090909091 0.16689189189189188 0.003181818181818182 0.006756756756756757
0 0.6447727272727273 0.16722972972972974 0.003181818181818182 0.007432432432432433
0 0.6495454545454545 0.16587837837837838 0.0027272727272727275 0.006081081081081081
0 0.6654545454545454 0.16655405405405405 0.0036363636363636364 0.007432432432432433
4 0.6702272727272728 0.1766891891891892 0.005909090909090909 0.012837837837837839
0 0.6843181818181818 0.16756756756756758 0.004090909090909091 0.008108108108108109
0 0.7059090909090909 0.1662162162162162 0.0036363636363636364 0.008108108108108109
4 0.7102272727272727 0.16486486486486487 0.003181818181818182 0.008108108108108109
4 0.7143181818181819 0.17128378378378378 0.005909090909090909 0.012837837837837839
4 0.7236363636363636 0.18141891891891893 0.007272727272727273 0.015540540540540541
4 0.7429545454545454 0.16418918918918918 0.004090909090909091 0.008108108108108109
4 0.7475 0.16587837837837838 0.005 0.011486486486486487
4 0.7604545454545455 0.16756756756756758 0.004545454545454545 0.010810810810810811
0 0.7631818181818182 0.1635135135135135 0.0036363636363636364 0.008108108108108109
4 0.7704545454545455 0.1652027027027027 0.005454545454545455 0.010135135135135136
4 0.7797727272727273 0.16317567567567567 0.003181818181818182 0.007432432432432433
0 0.7834090909090909 0.16283783783783784 0.003181818181818182 0.006756756756756757
4 0.8040909090909091 0.16283783783783784 0.004545454545454545 0.008108108108108109
4 0.8113636363636364 0.16182432432432434 0.004545454545454545 0.007432432432432433
4 0.8336363636363636 0.16114864864864864 0.004545454545454545 0.007432432432432433
0 0.8356818181818182 0.16756756756756758 0.007727272727272728 0.016216216216216217
4 0.8420454545454545 0.16554054054054054 0.005909090909090909 0.013513513513513514
4 0.8684090909090909 0.1597972972972973 0.005 0.007432432432432433
0 0.8929545454545454 0.1652027027027027 0.009545454545454546 0.015540540540540541
4 0.9090909090909091 0.16283783783783784 0.007272727272727273 0.013513513513513514