0 0.4556818181818182 0.4902027027027027 0.012272727272727272 0.0222972972972973
0 0.3886363636363636 0.5391891891891892 0.023636363636363636 0.041891891891891894
0 0.47204545454545455 0.4722972972972973 0.008636363636363636 0.016216216216216217
4 0.8768181818181818 0.4608108108108108 0.008181818181818182 0.013513513513513514
0 0.48613636363636364 0.46452702702702703 0.005909090909090909 0.011486486486486487
4 0.7929545454545455 0.4577702702702703 0.005909090909090909 0.010135135135135136
0 0.49636363636363634 0.4591216216216216 0.005454545454545455 0.011486486486486487
4 0.7097727272727272 0.4557432432432432 0.005 0.010135135135135136
0 0.5197727272727273 0.45675675675675675 0.005 0.00945945945945946
4 0.6434090909090909 0.45506756756756755 0.005 0.008783783783783784
0 0.5609090909090909 0.4537162162162162 0.004545454545454545 0.008783783783783784
0 0.6072727272727273 0.4527027027027027 0.004545454545454545 0.008108108108108109
4 0.5995454545454545 0.4560810810810811 0.004545454545454545 0.00945945945945946
4 0.5731818181818182 0.45878378378378376 0.0036363636363636364 0.00945945945945946
0 0.6481818181818182 0.4527027027027027 0.004545454545454545 0.008108108108108109
0 0.7043181818181818 0.45304054054054055 0.004090909090909091 0.008783783783783784
4 0.5772727272727273 0.46283783783783783 0.006363636363636364 0.012162162162162163
0 0.7756818181818181 0.4543918918918919 0.005 0.010135135135135136
0 0.845 0.4557432432432432 0.006363636363636364 0.010135135135135136
0 0.9177272727272727 0.4577702702702703 0.007272727272727273 0.011486486486486487
4 0.7029545454545455 0.5408783783783784 0.028636363636363637 0.046621621621621624
4 0.6147727272727272 0.48817567567567566 0.011363636363636364 0.02364864864864865
4 0.5836363636363636 0.4706081081081081 0.007272727272727273 0.015540540540540541