0 0.29659090909090907 0.6587837837837838 0.05045454545454545 0.0945945945945946
0 0.33181818181818185 0.5574324324324325 0.026363636363636363 0.0472972972972973
0 0.27045454545454545 0.5256756756756756 0.02090909090909091 0.031081081081081083
0 0.18409090909090908 0.5158783783783784 0.01818181818181818 0.026351351351351353
0 0.09045454545454545 0.5168918918918919 0.015454545454545455 0.021621621621621623
0 0.5354545454545454 0.4564189189189189 0.004545454545454545 0.008783783783783784
0 0.5422727272727272 0.4574324324324324 0.004545454545454545 0.010810810810810811
0 0.5461363636363636 0.4543918918918919 0.004090909090909091 0.008783783783783784
0 0.5822727272727273 0.45675675675675675 0.005454545454545455 0.010810810810810811
0 0.6254545454545455 0.4540540540540541 0.005454545454545455 0.010810810810810811
0 0.6463636363636364 0.4506756756756757 0.005454545454545455 0.00945945945945946
0 0.6677272727272727 0.4472972972972973 0.004545454545454545 0.008108108108108109
0 0.6847727272727273 0.44391891891891894 0.004090909090909091 0.008108108108108109
0 0.6952272727272727 0.44256756756756754 0.003181818181818182 0.008108108108108109
0 0.860909090909091 0.43108108108108106 0.0036363636363636364 0.005405405405405406
4 0.7911363636363636 0.558445945945946 0.03954545454545454 0.05878378378378379
4 0.5536363636363636 0.5006756756756757 0.012727272727272728 0.02702702702702703
4 0.42454545454545456 0.49155405405405406 0.011818181818181818 0.0222972972972973
4 0.32681818181818184 0.4891891891891892 0.01 0.01891891891891892
4 0.23318181818181818 0.4925675675675676 0.00909090909090909 0.016216216216216217
4 0.12363636363636364 0.5013513513513513 0.00909090909090909 0.016216216216216217
4 0.44886363636363635 0.46587837837837837 0.005 0.011486486486486487
4 0.4547727272727273 0.46283783783783783 0.005 0.010810810810810811
4 0.47204545454545455 0.4597972972972973 0.004090909090909091 0.010135135135135136
4 0.4913636363636364 0.4652027027027027 0.005454545454545455 0.012837837837837839
4 0.49477272727272725 0.45675675675675675 0.003181818181818182 0.008108108108108109
4 0.5129545454545454 0.4540540540540541 0.004090909090909091 0.008108108108108109
4 0.5618181818181818 0.46283783783783783 0.007272727272727273 0.013513513513513514
4 0.6552272727272728 0.45878378378378376 0.007727272727272728 0.013513513513513514
4 0.71 0.4527027027027027 0.007272727272727273 0.012162162162162163
4 0.730909090909091 0.4483108108108108 0.005454545454545455 0.011486486486486487
4 0.7381818181818182 0.4445945945945946 0.004545454545454545 0.00945945945945946
4 0.7440909090909091 0.44222972972972974 0.004545454545454545 0.008783783783783784
4 0.7579545454545454 0.4402027027027027 0.004090909090909091 0.007432432432432433
4 0.8059090909090909 0.4358108108108108 0.0036363636363636364 0.006756756756756757
4 0.8372727272727273 0.43277027027027026 0.0036363636363636364 0.007432432432432433
4 0.9325 0.42905405405405406 0.005 0.008108108108108109
0 0.5602272727272727 0.4523648648648649 0.005 0.008783783783783784
0 0.5727272727272728 0.44932432432432434 0.004545454545454545 0.00945945945945946
0 0.7138636363636364 0.43986486486486487 0.003181818181818182 0.008108108108108109
0 0.7361363636363636 0.43783783783783786 0.004090909090909091 0.006756756756756757
0 0.7556818181818182 0.43716216216216214 0.003181818181818182 0.006756756756756757
0 0.8145454545454546 0.4320945945945946 0.0036363636363636364 0.007432432432432433
0 0.9175 0.4283783783783784 0.004090909090909091 0.006756756756756757
4 0.8777272727272727 0.43074324324324326 0.004545454545454545 0.008783783783783784
4 0.774090909090909 0.43783783783783786 0.0027272727272727275 0.008108108108108109
4 0.5247727272727273 0.4516891891891892 0.004090909090909091 0.007432432432432433