0 0.49363636363636365 0.5206081081081081 0.019090909090909092 0.03445945945945946
0 0.5561363636363637 0.4804054054054054 0.009545454545454546 0.01891891891891892
0 0.5781818181818181 0.46655405405405403 0.007272727272727273 0.01418918918918919
0 0.5929545454545454 0.45844594594594595 0.005909090909090909 0.011486486486486487
0 0.6013636363636363 0.4540540540540541 0.004545454545454545 0.00945945945945946
0 0.6145454545454545 0.45135135135135135 0.004545454545454545 0.008108108108108109
0 0.6227272727272727 0.4483108108108108 0.0036363636363636364 0.007432432432432433
0 0.6259090909090909 0.44594594594594594 0.0036363636363636364 0.006756756756756757
0 0.7011363636363637 0.439527027027027 0.004090909090909091 0.006081081081081081
0 0.7265909090909091 0.43885135135135134 0.003181818181818182 0.00472972972972973
0 0.8347727272727272 0.4358108108108108 0.003181818181818182 0.005405405405405406
0 0.8647727272727272 0.435472972972973 0.004090909090909091 0.006081081081081081
0 0.8952272727272728 0.4347972972972973 0.004090909090909091 0.007432432432432433
4 0.7684090909090909 0.522972972972973 0.022272727272727274 0.04054054054054054
4 0.7013636363636364 0.4783783783783784 0.01090909090909091 0.02027027027027027
4 0.6886363636363636 0.46452702702702703 0.007272727272727273 0.015540540540540541
4 0.6811363636363637 0.4560810810810811 0.005 0.010810810810810811
4 0.6765909090909091 0.4523648648648649 0.003181818181818182 0.008783783783783784
4 0.6915909090909091 0.4402027027027027 0.003181818181818182 0.006081081081081081
4 0.7979545454545455 0.43783783783783786 0.004090909090909091 0.006756756756756757
4 0.8293181818181818 0.43682432432432433 0.004090909090909091 0.007432432432432433
4 0.8672727272727273 0.43682432432432433 0.004545454545454545 0.007432432432432433
4 0.9061363636363636 0.43614864864864866 0.005 0.008783783783783784
0 0.6356818181818182 0.44324324324324327 0.003181818181818182 0.005405405405405406
0 0.6486363636363637 0.44222972972972974 0.004545454545454545 0.006081081081081081
0 0.6306818181818182 0.44391891891891894 0.004090909090909091 0.006756756756756757
4 0.6743181818181818 0.4483108108108108 0.0022727272727272726 0.008783783783783784
4 0.6713636363636364 0.44391891891891894 0.0036363636363636364 0.008108108108108109
4 0.6747727272727273 0.44155405405405407 0.004090909090909091 0.007432432432432433
4 0.7184090909090909 0.4391891891891892 0.003181818181818182 0.006756756756756757
4 0.7552272727272727 0.43783783783783786 0.004090909090909091 0.006756756756756757
0 0.7602272727272728 0.4375 0.003181818181818182 0.006081081081081081
0 0.8015909090909091 0.43648648648648647 0.003181818181818182 0.006756756756756757
0 0.9302272727272727 0.4341216216216216 0.004090909090909091 0.007432432432432433