0 0.7225 0.5972972972972973 0.06863636363636363 0.10810810810810811
0 0.9115909090909091 0.38547297297297295 0.009545454545454546 0.018243243243243244
4 0.905 0.3793918918918919 0.008181818181818182 0.01418918918918919
4 0.7704545454545455 0.372972972972973 0.007272727272727273 0.013513513513513514
0 0.7436363636363637 0.37635135135135134 0.008181818181818182 0.016216216216216217
4 0.6836363636363636 0.3662162162162162 0.008181818181818182 0.013513513513513514
0 0.6290909090909091 0.3672297297297297 0.007272727272727273 0.01418918918918919
0 0.555 0.3608108108108108 0.007272727272727273 0.013513513513513514
4 0.5729545454545455 0.35743243243243245 0.006818181818181818 0.012162162162162163
4 0.5197727272727273 0.3527027027027027 0.005909090909090909 0.010810810810810811
0 0.4915909090909091 0.3543918918918919 0.006818181818181818 0.012837837837837839
0 0.4540909090909091 0.35 0.005454545454545455 0.010810810810810811
0 0.4415909090909091 0.3476351351351351 0.005909090909090909 0.010135135135135136
0 0.46295454545454545 0.3456081081081081 0.004090909090909091 0.007432432432432433
0 0.4859090909090909 0.3456081081081081 0.004545454545454545 0.008783783783783784
0 0.5113636363636364 0.34662162162162163 0.0036363636363636364 0.008108108108108109
4 0.5081818181818182 0.34966216216216217 0.005454545454545455 0.010135135135135136
4 0.5297727272727273 0.34864864864864864 0.005 0.00945945945945946
4 0.5731818181818182 0.35033783783783784 0.004545454545454545 0.010135135135135136
4 0.6111363636363636 0.3530405405405405 0.004090909090909091 0.011486486486486487
0 0.55 0.3476351351351351 0.0036363636363636364 0.008783783783783784
0 0.6040909090909091 0.3493243243243243 0.0036363636363636364 0.008108108108108109
0 0.6809090909090909 0.3543918918918919 0.004545454545454545 0.007432432432432433
0 0.7565909090909091 0.3581081081081081 0.003181818181818182 0.006756756756756757
4 0.6956818181818182 0.3564189189189189 0.005 0.010135135135135136
4 0.7804545454545454 0.3608108108108108 0.0036363636363636364 0.00945945945945946
4 0.8534090909090909 0.36317567567567566 0.005 0.010135135135135136
0 0.8218181818181818 0.360472972972973 0.004545454545454545 0.007432432432432433
0 0.895 0.36317567567567566 0.005454545454545455 0.007432432432432433