1 0.09704545454545455 0.7202702702702702 0.06681818181818182 0.22432432432432434
1 0.8947727272727273 0.7094594594594594 0.08318181818181818 0.21756756756756757
0 0.31022727272727274 0.5726351351351351 0.03590909090909091 0.056081081081081084
0 0.39704545454545453 0.5114864864864865 0.015 0.02972972972972973
0 0.45340909090909093 0.4864864864864865 0.010454545454545454 0.02027027027027027
0 0.5043181818181818 0.47297297297297297 0.007727272727272728 0.014864864864864866
0 0.5422727272727272 0.46587837837837837 0.006363636363636364 0.011486486486486487
0 0.5925 0.4608108108108108 0.005909090909090909 0.010810810810810811
0 0.6570454545454546 0.45878378378378376 0.005 0.00945945945945946
0 0.7240909090909091 0.4574324324324324 0.005454545454545455 0.010810810810810811
0 0.7886363636363637 0.4577702702702703 0.005454545454545455 0.010135135135135136
0 0.8795454545454545 0.4574324324324324 0.007272727272727273 0.010810810810810811
4 0.6972727272727273 0.5722972972972973 0.03 0.05810810810810811
4 0.6375 0.5131756756756757 0.01681818181818182 0.03310810810810811
4 0.6102272727272727 0.48817567567567566 0.010454545454545454 0.02364864864864865
4 0.6154545454545455 0.475 0.006363636363636364 0.016216216216216217
4 0.6315909090909091 0.46824324324324323 0.006818181818181818 0.014864864864864866
4 0.6765909090909091 0.46418918918918917 0.005909090909090909 0.012162162162162163
4 0.7518181818181818 0.46216216216216216 0.006363636363636364 0.013513513513513514
4 0.8193181818181818 0.4618243243243243 0.006818181818181818 0.01418918918918919
4 0.9034090909090909 0.4618243243243243 0.008636363636363636 0.01418918918918919