0 0.11681818181818182 0.3277027027027027 0.012727272727272728 0.01891891891891892
0 0.2777272727272727 0.33378378378378376 0.011818181818181818 0.022972972972972974
0 0.30363636363636365 0.34459459459459457 0.013636363636363636 0.025675675675675677
0 0.4238636363636364 0.3587837837837838 0.015909090909090907 0.032432432432432434
0 0.649090909090909 0.35777027027027025 0.017272727272727273 0.03581081081081081
0 0.8625 0.4466216216216216 0.05136363636363636 0.07837837837837838
0 0.42272727272727273 0.6368243243243243 0.060909090909090906 0.15202702702702703
4 0.07954545454545454 0.32094594594594594 0.00909090909090909 0.016216216216216217
4 0.3018181818181818 0.31148648648648647 0.006363636363636364 0.016216216216216217
4 0.37318181818181817 0.31283783783783786 0.007272727272727273 0.016216216216216217
4 0.42772727272727273 0.31756756756756754 0.008181818181818182 0.014864864864864866
4 0.4884090909090909 0.3239864864864865 0.009545454545454546 0.015540540540540541
4 0.6134090909090909 0.32432432432432434 0.012272727272727272 0.022972972972972974
4 0.885 0.31554054054054054 0.01818181818181818 0.02837837837837838
1 0.7686363636363637 0.31148648648648647 0.01818181818181818 0.041891891891891894
1 0.8461363636363637 0.3402027027027027 0.03590909090909091 0.06554054054054054