4 0.3159090909090909 0.3314189189189189 0.01818181818181818 0.037162162162162164
4 0.4777272727272727 0.3202702702702703 0.016363636363636365 0.032432432432432434
4 0.6240909090909091 0.30743243243243246 0.014545454545454545 0.02972972972972973
4 0.7340909090909091 0.2996621621621622 0.014545454545454545 0.026351351351351353
4 0.7461363636363636 0.28986486486486485 0.012272727272727272 0.022972972972972974
4 0.7425 0.2793918918918919 0.007727272727272728 0.018243243243243244
4 0.7545454545454545 0.2733108108108108 0.008181818181818182 0.01418918918918919
4 0.7522727272727273 0.2662162162162162 0.005454545454545455 0.012162162162162163
4 0.7725 0.26216216216216215 0.006818181818181818 0.013513513513513514
4 0.8268181818181818 0.2594594594594595 0.008181818181818182 0.012162162162162163
4 0.9077272727272727 0.2577702702702703 0.007272727272727273 0.012837837837837839
0 0.6018181818181818 0.3668918918918919 0.03090909090909091 0.052702702702702706
0 0.8831818181818182 0.3402027027027027 0.031818181818181815 0.04391891891891892
0 0.9202272727272728 0.2827702702702703 0.015 0.020945945945945947
0 0.8768181818181818 0.27364864864864863 0.011818181818181818 0.01756756756756757
0 0.8802272727272727 0.2628378378378378 0.007727272727272728 0.013513513513513514
0 0.8661363636363636 0.2679054054054054 0.009545454545454546 0.015540540540540541
0 0.6190909090909091 0.5378378378378378 0.07181818181818182 0.12567567567567567
0 0.5145454545454545 0.5787162162162162 0.07727272727272727 0.14391891891891892
0 0.35 0.38716216216216215 0.034545454545454546 0.05945945945945946