0 0.24886363636363637 0.6625 0.065 0.09932432432432432
0 0.41363636363636364 0.5152027027027027 0.017272727272727273 0.03310810810810811
0 0.44522727272727275 0.48783783783783785 0.011363636363636364 0.022972972972972974
0 0.46454545454545454 0.4726351351351351 0.00909090909090909 0.016891891891891893
0 0.4827272727272727 0.4597972972972973 0.005454545454545455 0.011486486486486487
0 0.48818181818181816 0.4557432432432432 0.004545454545454545 0.010135135135135136
0 0.5022727272727273 0.45337837837837835 0.004545454545454545 0.008108108108108109
0 0.5236363636363637 0.45 0.0036363636363636364 0.008108108108108109
0 0.5447727272727273 0.44797297297297295 0.003181818181818182 0.006756756756756757
0 0.9325 0.4456081081081081 0.005909090909090909 0.008783783783783784
0 0.7440909090909091 0.4449324324324324 0.004545454545454545 0.007432432432432433
1 0.4772727272727273 0.4597972972972973 0.008181818181818182 0.020945945945945947
1 0.5672727272727273 0.4591216216216216 0.007272727272727273 0.020945945945945947
4 0.9006818181818181 0.677027027027027 0.07045454545454545 0.10675675675675676
4 0.678409090909091 0.5331081081081082 0.02590909090909091 0.041891891891891894
4 0.6129545454545454 0.49493243243243246 0.013181818181818182 0.026351351351351353
4 0.5843181818181818 0.4780405405405405 0.007727272727272728 0.018243243243243244
4 0.5713636363636364 0.46790540540540543 0.006363636363636364 0.015540540540540541
4 0.5631818181818182 0.4594594594594595 0.004545454545454545 0.012162162162162163
4 0.9006818181818181 0.44763513513513514 0.005909090909090909 0.008783783783783784
0 0.5752272727272727 0.44594594594594594 0.0022727272727272726 0.006756756756756757
0 0.6156818181818182 0.4449324324324324 0.003181818181818182 0.007432432432432433
0 0.6565909090909091 0.4452702702702703 0.003181818181818182 0.006756756756756757
0 0.6956818181818182 0.4452702702702703 0.003181818181818182 0.006756756756756757
0 0.8029545454545455 0.4452702702702703 0.003181818181818182 0.006756756756756757
0 0.8579545454545454 0.4445945945945946 0.004090909090909091 0.008108108108108109
4 0.8259090909090909 0.4472972972972973 0.0036363636363636364 0.006756756756756757
4 0.7822727272727272 0.4472972972972973 0.0036363636363636364 0.006756756756756757
4 0.7397727272727272 0.4472972972972973 0.003181818181818182 0.006756756756756757
4 0.6997727272727273 0.4466216216216216 0.003181818181818182 0.006756756756756757
4 0.6618181818181819 0.4466216216216216 0.0027272727272727275 0.006756756756756757
4 0.6188636363636364 0.44763513513513514 0.0022727272727272726 0.006081081081081081
4 0.5904545454545455 0.4486486486486487 0.0027272727272727275 0.006756756756756757
4 0.5763636363636364 0.45135135135135135 0.0027272727272727275 0.006756756756756757
4 0.3159090909090909 0.4300675675675676 0.0036363636363636364 0.008783783783783784
4 0.3225 0.43175675675675673 0.004090909090909091 0.00945945945945946
4 0.3190909090909091 0.43243243243243246 0.0036363636363636364 0.008108108108108109