4 0.48704545454545456 0.5567567567567567 0.028636363636363637 0.05
4 0.3434090909090909 0.5131756756756757 0.014090909090909091 0.027702702702702704
4 0.2877272727272727 0.4972972972972973 0.01 0.02027027027027027
4 0.2768181818181818 0.4871621621621622 0.007272727272727273 0.016216216216216217
4 0.2865909090909091 0.4797297297297297 0.006818181818181818 0.012162162162162163
4 0.3134090909090909 0.47195945945945944 0.005909090909090909 0.011486486486486487
4 0.38272727272727275 0.4631756756756757 0.004545454545454545 0.008783783783783784
4 0.6063636363636363 0.45506756756756755 0.005454545454545455 0.010135135135135136
4 0.5193181818181818 0.4564189189189189 0.004090909090909091 0.008783783783783784
4 0.48613636363636364 0.45675675675675675 0.004090909090909091 0.00945945945945946
0 0.5654545454545454 0.452027027027027 0.004545454545454545 0.008108108108108109
0 0.6477272727272727 0.4506756756756757 0.005454545454545455 0.00945945945945946
4 0.7202272727272727 0.4537162162162162 0.006818181818181818 0.012837837837837839
4 0.8547727272727272 0.45304054054054055 0.010454545454545454 0.015540540540540541
0 0.8831818181818182 0.4462837837837838 0.008181818181818182 0.012837837837837839
0 0.2675 0.47195945945945944 0.005 0.010135135135135136
0 0.3009090909090909 0.46756756756756757 0.004545454545454545 0.008108108108108109
0 0.22477272727272726 0.47871621621621624 0.006818181818181818 0.011486486486486487
0 0.19340909090909092 0.4847972972972973 0.007727272727272728 0.012837837837837839
0 0.15204545454545454 0.49358108108108106 0.009545454545454546 0.015540540540540541
0 0.11863636363636364 0.5094594594594595 0.013636363636363636 0.02027027027027027
0 0.09568181818181819 0.5246621621621622 0.019545454545454546 0.027702702702702704
4 0.7390909090909091 0.691554054054054 0.07181818181818182 0.1195945945945946
4 0.34136363636363637 0.4668918918918919 0.004545454545454545 0.010810810810810811
0 0.3509090909090909 0.46283783783783783 0.0036363636363636364 0.008108108108108109
0 0.40545454545454546 0.45844594594594595 0.004545454545454545 0.008783783783783784
0 0.47545454545454546 0.45472972972972975 0.004545454545454545 0.008108108108108109
0 0.7545454545454545 0.4483108108108108 0.006363636363636364 0.011486486486486487
0 0.44136363636363635 0.4564189189189189 0.0036363636363636364 0.007432432432432433
4 0.4354545454545454 0.45844594594594595 0.005454545454545455 0.008783783783783784
0 0.5152272727272728 0.45337837837837835 0.003181818181818182 0.008108108108108109