4 0.64 0.5773648648648648 0.034545454545454546 0.06283783783783783
4 0.7886363636363637 0.47094594594594597 0.011818181818181818 0.02027027027027027
4 0.7275 0.4614864864864865 0.009545454545454546 0.014864864864864866
4 0.3447727272727273 0.5503378378378379 0.023181818181818182 0.04121621621621622
0 0.8977272727272727 0.45878378378378376 0.011818181818181818 0.01756756756756757
0 0.8568181818181818 0.45506756756756755 0.00909090909090909 0.015540540540540541
0 0.8497727272727272 0.4516891891891892 0.006818181818181818 0.012837837837837839
0 0.8388636363636364 0.4456081081081081 0.005909090909090909 0.010135135135135136
0 0.8452272727272727 0.44797297297297295 0.005909090909090909 0.010810810810810811
4 0.7325 0.4570945945945946 0.007727272727272728 0.012837837837837839
4 0.7518181818181818 0.4516891891891892 0.006363636363636364 0.011486486486486487
4 0.7602272727272728 0.44797297297297295 0.005909090909090909 0.010810810810810811
0 0.1765909090909091 0.4851351351351351 0.005 0.010810810810810811
4 0.1734090909090909 0.4891891891891892 0.007727272727272728 0.013513513513513514
4 0.26681818181818184 0.4800675675675676 0.004545454545454545 0.011486486486486487
4 0.37204545454545457 0.47128378378378377 0.004090909090909091 0.010135135135135136
4 0.46 0.46385135135135136 0.004545454545454545 0.010135135135135136
4 0.5354545454545454 0.45675675675675675 0.0036363636363636364 0.00945945945945946
4 0.5845454545454546 0.45337837837837835 0.0036363636363636364 0.008108108108108109
4 0.6240909090909091 0.44966216216216215 0.0036363636363636364 0.007432432432432433
4 0.6609090909090909 0.4472972972972973 0.004545454545454545 0.008108108108108109
4 0.7027272727272728 0.4456081081081081 0.004545454545454545 0.008783783783783784
4 0.7327272727272728 0.4462837837837838 0.005454545454545455 0.010135135135135136
0 0.8234090909090909 0.44324324324324327 0.005 0.010810810810810811
0 0.7831818181818182 0.44324324324324327 0.0036363636363636364 0.008108108108108109
0 0.7470454545454546 0.4429054054054054 0.004090909090909091 0.008783783783783784
0 0.7143181818181819 0.4435810810810811 0.005 0.007432432432432433
0 0.6711363636363636 0.4452702702702703 0.003181818181818182 0.006756756756756757
0 0.6275 0.44797297297297295 0.004090909090909091 0.006756756756756757
0 0.5922727272727273 0.45 0.004545454545454545 0.008108108108108109
0 0.4993181818181818 0.4574324324324324 0.004090909090909091 0.00945945945945946
0 0.4368181818181818 0.46283783783783783 0.004545454545454545 0.00945945945945946
0 0.3593181818181818 0.46959459459459457 0.005 0.00945945945945946
0 0.2736363636363636 0.47702702702702704 0.006363636363636364 0.010810810810810811
0 0.5488636363636363 0.4537162162162162 0.004090909090909091 0.008783783783783784