0 0.1784090909090909 0.6189189189189189 0.04045454545454545 0.07297297297297298
0 0.3434090909090909 0.5337837837837838 0.019545454545454546 0.03648648648648649
0 0.43977272727272726 0.4918918918918919 0.010454545454545454 0.021621621621621623
0 0.4993181818181818 0.4756756756756757 0.008636363636363636 0.016216216216216217
0 0.5390909090909091 0.46756756756756757 0.007272727272727273 0.013513513513513514
0 0.5897727272727272 0.46013513513513515 0.005909090909090909 0.012162162162162163
0 0.6295454545454545 0.4554054054054054 0.006363636363636364 0.010810810810810811
0 0.6925 0.45135135135135135 0.005 0.00945945945945946
0 0.7727272727272727 0.4472972972972973 0.005454545454545455 0.010810810810810811
0 0.9059090909090909 0.4449324324324324 0.008181818181818182 0.011486486486486487
4 0.836590909090909 0.4506756756756757 0.006818181818181818 0.013513513513513514
4 0.7438636363636364 0.45304054054054055 0.005909090909090909 0.012837837837837839
4 0.685 0.4574324324324324 0.006363636363636364 0.013513513513513514
4 0.6486363636363637 0.46452702702702703 0.007272727272727273 0.01418918918918919
4 0.6138636363636364 0.4793918918918919 0.010454545454545454 0.019594594594594596
4 0.5979545454545454 0.49898648648648647 0.013181818181818182 0.026351351351351353
4 0.6190909090909091 0.5611486486486487 0.025454545454545455 0.05337837837837838
0 0.8352272727272727 0.4456081081081081 0.005909090909090909 0.011486486486486487