0 0.28204545454545454 0.23344594594594595 0.018636363636363635 0.037162162162162164
0 0.4890909090909091 0.20371621621621622 0.015454545454545455 0.030405405405405407
0 0.6247727272727273 0.18885135135135134 0.015 0.029054054054054056
0 0.7475 0.17567567567567569 0.015909090909090907 0.02837837837837838
4 0.9061363636363636 0.18682432432432433 0.023181818181818182 0.04121621621621622
4 0.7452272727272727 0.20506756756756755 0.022272727272727274 0.03986486486486487
4 0.5009090909090909 0.23614864864864865 0.022727272727272728 0.04391891891891892
4 0.34454545454545454 0.2959459459459459 0.03636363636363636 0.06486486486486487
4 0.2184090909090909 0.4297297297297297 0.06681818181818182 0.10810810810810811
0 0.835 0.16182432432432434 0.012727272727272728 0.025
0 0.8806818181818182 0.14560810810810812 0.011363636363636364 0.020945945945945947
0 0.9086363636363637 0.1331081081081081 0.011818181818181818 0.02027027027027027
0 0.9293181818181818 0.12702702702702703 0.007727272727272728 0.01756756756756757