0 0.425 0.6462837837837838 0.06636363636363636 0.13716216216216215
0 0.8179545454545455 0.5516891891891892 0.06227272727272727 0.08445945945945946
0 0.81 0.3945945945945946 0.011818181818181818 0.02027027027027027
0 0.6470454545454546 0.3875 0.011363636363636364 0.020945945945945947
0 0.5259090909090909 0.3820945945945946 0.01 0.020945945945945947
0 0.3525 0.3733108108108108 0.011363636363636364 0.019594594594594596
0 0.23931818181818182 0.36486486486486486 0.010454545454545454 0.01756756756756757
0 0.1693181818181818 0.3581081081081081 0.010454545454545454 0.01756756756756757
0 0.12318181818181818 0.35033783783783784 0.01 0.015540540540540541
0 0.10477272727272727 0.34594594594594597 0.008636363636363636 0.013513513513513514
4 0.8422727272727273 0.3841216216216216 0.008181818181818182 0.015540540540540541
4 0.7084090909090909 0.38006756756756754 0.008636363636363636 0.015540540540540541
4 0.5768181818181818 0.375 0.007272727272727273 0.01891891891891892
4 0.4434090909090909 0.36925675675675673 0.006818181818181818 0.015540540540540541
4 0.3577272727272727 0.3635135135135135 0.008181818181818182 0.014864864864864866
4 0.2520454545454546 0.3547297297297297 0.007727272727272728 0.014864864864864866
4 0.21113636363636365 0.3506756756756757 0.006818181818181818 0.012162162162162163
4 0.22318181818181818 0.34797297297297297 0.006363636363636364 0.012162162162162163
0 0.12840909090909092 0.34290540540540543 0.006818181818181818 0.011486486486486487
0 0.18886363636363637 0.34290540540540543 0.005909090909090909 0.010135135135135136
0 0.23272727272727273 0.3435810810810811 0.004545454545454545 0.010135135135135136
0 0.3259090909090909 0.34594594594594597 0.004545454545454545 0.008108108108108109
4 0.3356818181818182 0.34864864864864864 0.005 0.00945945945945946
4 0.2740909090909091 0.3476351351351351 0.006363636363636364 0.010135135135135136
4 0.38136363636363635 0.35 0.0036363636363636364 0.00945945945945946
0 0.38977272727272727 0.3476351351351351 0.004090909090909091 0.008783783783783784
4 0.47704545454545455 0.35202702702702704 0.005 0.00945945945945946
4 0.565 0.35574324324324325 0.004545454545454545 0.010135135135135136
0 0.5536363636363636 0.3530405405405405 0.0036363636363636364 0.007432432432432433
0 0.6154545454545455 0.3560810810810811 0.0036363636363636364 0.008108108108108109
4 0.6343181818181818 0.3587837837837838 0.004090909090909091 0.00945945945945946
4 0.7090909090909091 0.3625 0.004545454545454545 0.008783783783783784
0 0.6820454545454545 0.35945945945945945 0.003181818181818182 0.008108108108108109
0 0.7354545454545455 0.3618243243243243 0.0036363636363636364 0.007432432432432433
0 0.7931818181818182 0.3638513513513513 0.0036363636363636364 0.007432432432432433
4 0.7584090909090909 0.3638513513513513 0.005 0.008783783783783784
4 0.8252272727272727 0.36655405405405406 0.005 0.008783783783783784
4 0.8945454545454545 0.36824324324324326 0.0036363636363636364 0.00945945945945946
0 0.8543181818181819 0.3658783783783784 0.004090909090909091 0.007432432432432433
0 0.9109090909090909 0.3672297297297297 0.005454545454545455 0.007432432432432433
0 0.2743181818181818 0.34425675675675677 0.004090909090909091 0.008783783783783784
0 0.47454545454545455 0.3506756756756757 0.004545454545454545 0.00945945945945946