4 0.9209090909090909 0.45135135135135135 0.006363636363636364 0.00945945945945946
0 0.8931818181818182 0.44966216216216215 0.004545454545454545 0.007432432432432433
4 0.831590909090909 0.45 0.004090909090909091 0.008108108108108109
0 0.5636363636363636 0.4483108108108108 0.0027272727272727275 0.006081081081081081
0 0.5590909090909091 0.45 0.0027272727272727275 0.006756756756756757
0 0.5559090909090909 0.4523648648648649 0.0036363636363636364 0.007432432432432433
0 0.5481818181818182 0.45506756756756755 0.004545454545454545 0.008783783783783784
0 0.5343181818181818 0.4597972972972973 0.005 0.010135135135135136
0 0.5252272727272728 0.4652027027027027 0.005909090909090909 0.012837837837837839
0 0.5072727272727273 0.47635135135135137 0.008181818181818182 0.016216216216216217
0 0.47613636363636364 0.49898648648648647 0.014090909090909091 0.026351351351351353
0 0.32795454545454544 0.6121621621621621 0.042272727272727274 0.07702702702702703
4 0.6134090909090909 0.4554054054054054 0.004090909090909091 0.00945945945945946
4 0.6184090909090909 0.46013513513513515 0.005 0.010810810810810811
4 0.6254545454545455 0.46587837837837837 0.006363636363636364 0.012837837837837839
4 0.6418181818181818 0.47702702702702704 0.008181818181818182 0.01756756756756757
4 0.6718181818181819 0.5020270270270271 0.016363636363636365 0.02972972972972973
4 0.9059090909090909 0.6456081081081081 0.05818181818181818 0.09797297297297297
4 0.7945454545454546 0.44932432432432434 0.004545454545454545 0.008108108108108109
4 0.6093181818181819 0.4523648648648649 0.003181818181818182 0.007432432432432433
4 0.6061363636363636 0.44966216216216215 0.003181818181818182 0.007432432432432433
4 0.6084090909090909 0.4472972972972973 0.0022727272727272726 0.005405405405405406
4 0.6247727272727273 0.4462837837837838 0.003181818181818182 0.006081081081081081
4 0.6509090909090909 0.44594594594594594 0.0027272727272727275 0.006756756756756757
4 0.6870454545454545 0.4466216216216216 0.003181818181818182 0.006756756756756757
4 0.7277272727272728 0.4469594594594595 0.0027272727272727275 0.007432432432432433
4 0.7577272727272727 0.44763513513513514 0.0036363636363636364 0.007432432432432433
0 0.850909090909091 0.4489864864864865 0.0036363636363636364 0.007432432432432433
0 0.8184090909090909 0.44763513513513514 0.004090909090909091 0.007432432432432433
0 0.7893181818181818 0.44797297297297295 0.003181818181818182 0.006756756756756757
0 0.7613636363636364 0.4469594594594595 0.0027272727272727275 0.006081081081081081
0 0.73 0.4462837837837838 0.0018181818181818182 0.006081081081081081
0 0.6909090909090909 0.44594594594594594 0.0027272727272727275 0.005405405405405406
0 0.6584090909090909 0.4456081081081081 0.003181818181818182 0.006081081081081081
0 0.6334090909090909 0.44594594594594594 0.0022727272727272726 0.005405405405405406
0 0.5811363636363637 0.44594594594594594 0.0022727272727272726 0.006756756756756757
0 0.5684090909090909 0.4472972972972973 0.0022727272727272726 0.005405405405405406