0 0.4690909090909091 0.5716216216216217 0.031818181818181815 0.05675675675675676
0 0.6506818181818181 0.5158783783783784 0.018636363636363635 0.03445945945945946
0 0.7888636363636363 0.5013513513513513 0.017727272727272727 0.02837837837837838
0 0.9040909090909091 0.49493243243243246 0.019090909090909092 0.025
0 0.9065909090909091 0.46216216216216216 0.006818181818181818 0.010810810810810811
0 0.8581818181818182 0.46047297297297296 0.006363636363636364 0.010135135135135136
0 0.8061363636363637 0.46047297297297296 0.005 0.010135135135135136
0 0.7434090909090909 0.4597972972972973 0.005909090909090909 0.010135135135135136
4 0.7834090909090909 0.4577702702702703 0.005 0.008783783783783784
4 0.7293181818181819 0.4570945945945946 0.005 0.010135135135135136
4 0.8322727272727273 0.45844594594594595 0.004545454545454545 0.010135135135135136
4 0.6759090909090909 0.4570945945945946 0.004545454545454545 0.010135135135135136
0 0.6843181818181818 0.4597972972972973 0.005909090909090909 0.010135135135135136
0 0.6120454545454546 0.45844594594594595 0.005 0.010135135135135136
4 0.6286363636363637 0.4570945945945946 0.004545454545454545 0.008783783783783784
0 0.5713636363636364 0.4574324324324324 0.004545454545454545 0.00945945945945946
0 0.5420454545454545 0.4557432432432432 0.003181818181818182 0.007432432432432433
0 0.5354545454545454 0.4543918918918919 0.0027272727272727275 0.007432432432432433
4 0.5979545454545454 0.4560810810810811 0.004090909090909091 0.008108108108108109
4 0.5911363636363637 0.45472972972972975 0.003181818181818182 0.008108108108108109
4 0.9002272727272728 0.4597972972972973 0.005909090909090909 0.010135135135135136
4 0.8722727272727273 0.4543918918918919 0.0027272727272727275 0.006081081081081081
4 0.8277272727272728 0.4537162162162162 0.0027272727272727275 0.006081081081081081
4 0.7693181818181818 0.45304054054054055 0.003181818181818182 0.006081081081081081
4 0.7068181818181818 0.4527027027027027 0.0018181818181818182 0.005405405405405406
4 0.6411363636363636 0.452027027027027 0.0013636363636363637 0.005405405405405406
4 0.6218181818181818 0.4510135135135135 0.0018181818181818182 0.006081081081081081
4 0.6011363636363637 0.4523648648648649 0.0013636363636363637 0.006081081081081081
4 0.6036363636363636 0.4540540540540541 0.0018181818181818182 0.006756756756756757
4 0.6136363636363636 0.4527027027027027 0.0018181818181818182 0.006756756756756757
4 0.5752272727272727 0.452027027027027 0.0013636363636363637 0.005405405405405406
0 0.5481818181818182 0.45337837837837835 0.0018181818181818182 0.006756756756756757
0 0.553409090909091 0.4523648648648649 0.0022727272727272726 0.006081081081081081
0 0.56 0.4527027027027027 0.0018181818181818182 0.006756756756756757
0 0.5020454545454546 0.4510135135135135 0.0013636363636363637 0.006081081081081081
0 0.6643181818181818 0.45135135135135135 0.0022727272727272726 0.005405405405405406
0 0.6934090909090909 0.4523648648648649 0.0022727272727272726 0.006081081081081081