0 0.3875 0.5317567567567567 0.022272727272727274 0.03918918918918919
0 0.4368181818181818 0.4905405405405405 0.01090909090909091 0.021621621621621623
0 0.4531818181818182 0.47635135135135137 0.00909090909090909 0.016216216216216217
0 0.4640909090909091 0.46621621621621623 0.006363636363636364 0.012162162162162163
0 0.4697727272727273 0.46216216216216216 0.005 0.010810810810810811
0 0.4747727272727273 0.4581081081081081 0.005 0.00945945945945946
1 0.4797727272727273 0.45304054054054055 0.005 0.012837837837837839
0 0.48204545454545455 0.4540540540540541 0.0022727272727272726 0.008108108108108109
4 0.8529545454545454 0.6489864864864865 0.06954545454545455 0.09527027027027027
4 0.6152272727272727 0.5070945945945946 0.015909090909090907 0.029054054054054056
4 0.5768181818181818 0.48445945945945945 0.00909090909090909 0.01891891891891892
4 0.5622727272727273 0.475 0.007272727272727273 0.016216216216216217
4 0.5513636363636364 0.46756756756756757 0.006363636363636364 0.013513513513513514
4 0.5415909090909091 0.46216216216216216 0.005 0.012162162162162163
4 0.5361363636363636 0.4591216216216216 0.004090909090909091 0.008783783783783784
4 0.7986363636363636 0.4469594594594595 0.004545454545454545 0.008783783783783784
4 0.8327272727272728 0.4472972972972973 0.004545454545454545 0.008108108108108109
0 0.48522727272727273 0.452027027027027 0.003181818181818182 0.006756756756756757
0 0.4940909090909091 0.4506756756756757 0.0027272727272727275 0.006756756756756757
0 0.5095454545454545 0.44932432432432434 0.0027272727272727275 0.005405405405405406
0 0.525 0.44797297297297295 0.0027272727272727275 0.005405405405405406
0 0.548409090909091 0.4469594594594595 0.0022727272727272726 0.00472972972972973
0 0.711590909090909 0.4452702702702703 0.003181818181818182 0.005405405405405406
0 0.7452272727272727 0.4452702702702703 0.003181818181818182 0.005405405405405406
0 0.7865909090909091 0.4456081081081081 0.003181818181818182 0.006081081081081081
0 0.825 0.44594594594594594 0.0036363636363636364 0.006756756756756757
0 0.6738636363636363 0.4452702702702703 0.0022727272727272726 0.005405405405405406
0 0.6393181818181818 0.4456081081081081 0.0022727272727272726 0.00472972972972973
0 0.6097727272727272 0.4452702702702703 0.0022727272727272726 0.005405405405405406
4 0.5327272727272727 0.4570945945945946 0.0027272727272727275 0.006081081081081081
1 0.5320454545454546 0.4516891891891892 0.003181818181818182 0.011486486486486487
4 0.5354545454545454 0.4506756756756757 0.0027272727272727275 0.006756756756756757
4 0.5379545454545455 0.45 0.0022727272727272726 0.006756756756756757
4 0.5459090909090909 0.4486486486486487 0.0027272727272727275 0.006756756756756757
4 0.5572727272727273 0.44763513513513514 0.0027272727272727275 0.006081081081081081
4 0.5786363636363636 0.4466216216216216 0.0027272727272727275 0.006756756756756757
4 0.610909090909091 0.4469594594594595 0.0018181818181818182 0.006081081081081081
4 0.6379545454545454 0.4469594594594595 0.0022727272727272726 0.00472972972972973
4 0.6661363636363636 0.44594594594594594 0.0022727272727272726 0.006756756756756757
4 0.6931818181818182 0.4462837837837838 0.0027272727272727275 0.006081081081081081
4 0.7193181818181819 0.44594594594594594 0.003181818181818182 0.006756756756756757
4 0.7602272727272728 0.4466216216216216 0.003181818181818182 0.006756756756756757
4 0.8804545454545455 0.4486486486486487 0.004545454545454545 0.010810810810810811
4 0.3643181818181818 0.435472972972973 0.003181818181818182 0.007432432432432433