0 0.6415909090909091 0.46216216216216216 0.006818181818181818 0.012162162162162163
4 0.6422727272727272 0.47094594594594597 0.008181818181818182 0.014864864864864866
4 0.7084090909090909 0.4668918918918919 0.007727272727272728 0.014864864864864866
0 0.9197727272727273 0.46418918918918917 0.009545454545454546 0.014864864864864866
0 0.7918181818181819 0.4625 0.007272727272727273 0.012837837837837839
0 0.7025 0.4618243243243243 0.005909090909090909 0.011486486486486487
0 0.5731818181818182 0.4652027027027027 0.006363636363636364 0.012837837837837839
4 0.826590909090909 0.4685810810810811 0.009545454545454546 0.016891891891891893
0 0.5106818181818182 0.47094594594594597 0.007727272727272728 0.014864864864864866
4 0.6056818181818182 0.47736486486486485 0.008636363636363636 0.018243243243243244
0 0.47113636363636363 0.4793918918918919 0.008636363636363636 0.016891891891891893
4 0.6277272727272727 0.49324324324324326 0.012727272727272728 0.024324324324324326
0 0.4420454545454545 0.4983108108108108 0.014090909090909091 0.025
4 0.6859090909090909 0.5337837837837838 0.023636363636363636 0.04054054054054054
0 0.37613636363636366 0.5472972972972973 0.028636363636363637 0.0445945945945946