0 0.923409090909091 0.44966216216216215 0.005909090909090909 0.010135135135135136
0 0.9165909090909091 0.4618243243243243 0.006818181818181818 0.01418918918918919
0 0.9231818181818182 0.46655405405405403 0.01 0.016891891891891893
0 0.8981818181818182 0.4577702702702703 0.007272727272727273 0.012837837837837839
0 0.8868181818181818 0.4516891891891892 0.005454545454545455 0.010135135135135136
0 0.8777272727272727 0.4543918918918919 0.006363636363636364 0.011486486486486487
0 0.8377272727272728 0.4672297297297297 0.00909090909090909 0.016891891891891893
0 0.7322727272727273 0.46621621621621623 0.008181818181818182 0.016216216216216217
0 0.6470454545454546 0.4672297297297297 0.006818181818181818 0.01418918918918919
0 0.59 0.46587837837837837 0.006363636363636364 0.011486486486486487
0 0.5704545454545454 0.46385135135135136 0.005454545454545455 0.010135135135135136
0 0.10295454545454545 0.4847972972972973 0.006818181818181818 0.010135135135135136
4 0.12568181818181817 0.4858108108108108 0.008636363636363636 0.012162162162162163
4 0.175 0.5337837837837838 0.022727272727272728 0.033783783783783786
4 0.23863636363636365 0.47635135135135137 0.006363636363636364 0.010810810810810811
4 0.4018181818181818 0.5253378378378378 0.017272727272727273 0.03445945945945946
4 0.49727272727272726 0.45844594594594595 0.0036363636363636364 0.007432432432432433
4 0.5165909090909091 0.4594594594594595 0.004090909090909091 0.008108108108108109
4 0.5088636363636364 0.46283783783783783 0.004090909090909091 0.00945945945945946
4 0.5209090909090909 0.4739864864864865 0.007272727272727273 0.01418918918918919
4 0.49204545454545456 0.46554054054054056 0.005 0.010810810810810811
4 0.48568181818181816 0.4685810810810811 0.004090909090909091 0.011486486486486487
0 0.5606818181818182 0.4564189189189189 0.004090909090909091 0.007432432432432433
4 0.6075 0.4760135135135135 0.009545454545454546 0.018243243243243244
4 0.7413636363636363 0.47736486486486485 0.01090909090909091 0.020945945945945947
4 0.5970454545454545 0.5300675675675676 0.022272727272727274 0.038513513513513516
0 0.10022727272727272 0.7837837837837838 0.06954545454545455 0.1581081081081081
0 0.20795454545454545 0.47635135135135137 0.005909090909090909 0.00945945945945946
0 0.28204545454545454 0.4702702702702703 0.004090909090909091 0.008108108108108109
0 0.335 0.46655405405405403 0.0036363636363636364 0.007432432432432433
4 0.32181818181818184 0.46925675675675677 0.004545454545454545 0.008783783783783784
4 0.37068181818181817 0.46418918918918917 0.004090909090909091 0.008108108108108109
0 0.3784090909090909 0.4625 0.003181818181818182 0.007432432432432433
0 0.41113636363636363 0.46047297297297296 0.003181818181818182 0.007432432432432433
4 0.4075 0.4614864864864865 0.003181818181818182 0.008108108108108109
4 0.44113636363636366 0.4594594594594595 0.003181818181818182 0.006756756756756757
0 0.4495454545454545 0.4577702702702703 0.0036363636363636364 0.006081081081081081
0 0.48522727272727273 0.4560810810810811 0.003181818181818182 0.006756756756756757
4 0.4747727272727273 0.4577702702702703 0.004090909090909091 0.007432432432432433
0 0.51 0.4560810810810811 0.0036363636363636364 0.006756756756756757
0 0.5354545454545454 0.4554054054054054 0.0036363636363636364 0.008108108108108109
0 0.5688636363636363 0.4594594594594595 0.0022727272727272726 0.008108108108108109
0 0.5677272727272727 0.4574324324324324 0.0018181818181818182 0.008108108108108109