0 0.14704545454545453 0.7013513513513514 0.07772727272727273 0.11216216216216217
0 0.5263636363636364 0.5297297297297298 0.02090909090909091 0.03918918918918919
0 0.6638636363636363 0.4797297297297297 0.011363636363636364 0.021621621621621623
0 0.7213636363636363 0.4608108108108108 0.008181818181818182 0.014864864864864866
0 0.7493181818181818 0.452027027027027 0.005909090909090909 0.012162162162162163
0 0.7706818181818181 0.4466216216216216 0.005909090909090909 0.010810810810810811
0 0.7831818181818182 0.44256756756756754 0.005454545454545455 0.00945945945945946
0 0.8022727272727272 0.439527027027027 0.004545454545454545 0.008783783783783784
0 0.8152272727272727 0.43682432432432433 0.004090909090909091 0.007432432432432433
0 0.8218181818181818 0.43445945945945946 0.0036363636363636364 0.006756756756756757
0 0.8304545454545454 0.43344594594594593 0.0036363636363636364 0.007432432432432433
0 0.8381818181818181 0.43243243243243246 0.0036363636363636364 0.005405405405405406
0 0.9315909090909091 0.42736486486486486 0.004090909090909091 0.006081081081081081
4 0.9290909090909091 0.589527027027027 0.013636363636363636 0.04391891891891892
4 0.8636363636363636 0.4858108108108108 0.015454545454545455 0.02837837837837838
4 0.8575 0.46013513513513515 0.008636363636363636 0.01891891891891892
4 0.865909090909091 0.4516891891891892 0.008181818181818182 0.015540540540540541
4 0.8706818181818182 0.4445945945945946 0.005909090909090909 0.010810810810810811
4 0.8729545454545454 0.4412162162162162 0.005 0.010810810810810811
4 0.8768181818181818 0.43783783783783786 0.005454545454545455 0.010810810810810811
4 0.8795454545454545 0.4347972972972973 0.0036363636363636364 0.008783783783783784
4 0.8820454545454546 0.43277027027027026 0.004090909090909091 0.007432432432432433
4 0.8870454545454546 0.4314189189189189 0.004090909090909091 0.007432432432432433
4 0.9159090909090909 0.4283783783783784 0.005454545454545455 0.008108108108108109
0 0.8556818181818182 0.43108108108108106 0.004090909090909091 0.006756756756756757
4 0.8915909090909091 0.43108108108108106 0.003181818181818182 0.006756756756756757