1 0.9090909090909091 0.314527027027027 0.034545454545454546 0.06148648648648649
1 0.8152272727272727 0.28885135135135137 0.017727272727272727 0.04121621621621622
4 0.12363636363636364 0.2814189189189189 0.01 0.015540540540540541
4 0.23636363636363636 0.2793918918918919 0.008181818181818182 0.015540540540540541
4 0.34 0.27837837837837837 0.006363636363636364 0.014864864864864866
4 0.4147727272727273 0.28175675675675677 0.006818181818181818 0.014864864864864866
4 0.4734090909090909 0.2868243243243243 0.007727272727272728 0.01418918918918919
4 0.5397727272727273 0.29324324324324325 0.009545454545454546 0.01756756756756757
4 0.6656818181818182 0.2976351351351351 0.009545454545454546 0.0222972972972973
4 0.9281818181818182 0.2945945945945946 0.013636363636363636 0.025675675675675677
0 0.6956818181818182 0.5033783783783784 0.05590909090909091 0.10810810810810811
0 0.7247727272727272 0.327027027027027 0.020454545454545454 0.033783783783783786
0 0.5102272727272728 0.32297297297297295 0.014090909090909091 0.031081081081081083
0 0.3775 0.30777027027027026 0.012272727272727272 0.025
0 0.3390909090909091 0.2976351351351351 0.01090909090909091 0.020945945945945947
0 0.27636363636363637 0.28885135135135137 0.00909090909090909 0.016891891891891893