0 0.5675 0.4766891891891892 0.06409090909090909 0.13716216216216215
0 0.7284090909090909 0.3010135135135135 0.03318181818181818 0.06418918918918919
0 0.7818181818181819 0.24054054054054055 0.025454545454545455 0.03918918918918919
0 0.8113636363636364 0.21554054054054053 0.019090909090909092 0.02972972972972973
0 0.6813636363636364 0.18513513513513513 0.01 0.01891891891891892
0 0.7975 0.19898648648648648 0.012272727272727272 0.02364864864864865
0 0.5990909090909091 0.17635135135135135 0.008181818181818182 0.01756756756756757
0 0.5197727272727273 0.16925675675675675 0.007727272727272728 0.015540540540540541
0 0.45545454545454545 0.16317567567567567 0.007272727272727273 0.01418918918918919
0 0.2772727272727273 0.17804054054054055 0.011818181818181818 0.0222972972972973
0 0.3575 0.17060810810810811 0.009545454545454546 0.018243243243243244
0 0.36886363636363634 0.16283783783783784 0.007727272727272728 0.014864864864864866
0 0.3784090909090909 0.15304054054054053 0.005909090909090909 0.011486486486486487
0 0.16386363636363635 0.18141891891891893 0.015 0.026351351351351353
4 0.19113636363636363 0.1625 0.010454545454545454 0.019594594594594596
4 0.2556818181818182 0.15844594594594594 0.008636363636363636 0.016891891891891893
4 0.2938636363636364 0.1516891891891892 0.006818181818181818 0.01418918918918919
4 0.07340909090909091 0.16385135135135134 0.015 0.02364864864864865
1 0.2806818181818182 0.14932432432432433 0.011363636363636364 0.024324324324324326
0 0.4156818181818182 0.15878378378378377 0.005909090909090909 0.010810810810810811
0 0.42568181818181816 0.15135135135135136 0.005 0.010810810810810811
4 0.8463636363636363 0.1885135135135135 0.012727272727272728 0.021621621621621623
4 0.7563636363636363 0.18074324324324326 0.00909090909090909 0.019594594594594596
4 0.6518181818181819 0.17331081081081082 0.006363636363636364 0.015540540540540541
4 0.5922727272727273 0.16858108108108108 0.006363636363636364 0.01418918918918919
4 0.5288636363636363 0.16283783783783784 0.005909090909090909 0.012162162162162163
4 0.49818181818181817 0.15945945945945947 0.005454545454545455 0.012162162162162163
4 0.4909090909090909 0.15675675675675677 0.004545454545454545 0.010810810810810811
4 0.48409090909090907 0.15405405405405406 0.0027272727272727275 0.00945945945945946
4 0.4781818181818182 0.14932432432432433 0.0036363636363636364 0.00945945945945946
4 0.31613636363636366 0.14695945945945946 0.005 0.012837837837837839
4 0.33 0.14425675675675675 0.005454545454545455 0.011486486486486487
4 0.3390909090909091 0.14290540540540542 0.004545454545454545 0.010135135135135136
1 0.3729545454545454 0.15405405405405406 0.007727272727272728 0.022972972972972974
0 0.3834090909090909 0.14797297297297296 0.004090909090909091 0.010810810810810811
0 0.38772727272727275 0.14594594594594595 0.0036363636363636364 0.00945945945945946
0 0.39 0.14391891891891892 0.0036363636363636364 0.008108108108108109
0 0.4175 0.15337837837837837 0.004090909090909091 0.012162162162162163
0 0.4325 0.14932432432432433 0.004090909090909091 0.00945945945945946
0 0.43613636363636366 0.14763513513513513 0.004090909090909091 0.010135135135135136
0 0.44363636363636366 0.1472972972972973 0.0027272727272727275 0.008108108108108109
2 0.44545454545454544 0.14695945945945946 0.0027272727272727275 0.008783783783783784
2 0.44931818181818184 0.14560810810810812 0.003181818181818182 0.007432432432432433
2 0.4681818181818182 0.14662162162162162 0.0027272727272727275 0.006756756756756757
2 0.4859090909090909 0.1472972972972973 0.0027272727272727275 0.006756756756756757