0 0.9118181818181819 0.4570945945945946 0.006363636363636364 0.011486486486486487
0 0.8436363636363636 0.4557432432432432 0.004545454545454545 0.010135135135135136
4 0.8468181818181818 0.46013513513513515 0.007272727272727273 0.012162162162162163
0 0.7840909090909091 0.4554054054054054 0.005454545454545455 0.00945945945945946
0 0.7072727272727273 0.45675675675675675 0.004545454545454545 0.00945945945945946
0 0.6475 0.45878378378378376 0.005 0.00945945945945946
0 0.6118181818181818 0.4614864864864865 0.005454545454545455 0.010810810810810811
0 0.5675 0.4668918918918919 0.005909090909090909 0.012162162162162163
0 0.5354545454545454 0.47297297297297297 0.007272727272727273 0.014864864864864866
0 0.49113636363636365 0.48412162162162165 0.009545454545454546 0.019594594594594596
0 0.4365909090909091 0.5128378378378379 0.015909090909090907 0.031081081081081083
0 0.3715909090909091 0.5621621621621622 0.026818181818181817 0.051351351351351354
0 0.0775 0.4689189189189189 0.004090909090909091 0.006756756756756757
0 0.11545454545454545 0.46824324324324323 0.004545454545454545 0.008108108108108109
0 0.12772727272727272 0.4689189189189189 0.004545454545454545 0.00945945945945946
0 0.13318181818181818 0.4706081081081081 0.005454545454545455 0.010135135135135136
0 0.12545454545454546 0.4743243243243243 0.007272727272727273 0.012162162162162163
0 0.1065909090909091 0.4793918918918919 0.008636363636363636 0.01418918918918919
0 0.09045454545454545 0.48614864864864865 0.011818181818181818 0.016891891891891893
4 0.7579545454545454 0.4597972972972973 0.005909090909090909 0.012837837837837839
4 0.7027272727272728 0.4625 0.006363636363636364 0.012837837837837839
4 0.6711363636363636 0.4668918918918919 0.006818181818181818 0.014864864864864866
4 0.6477272727272727 0.47871621621621624 0.008181818181818182 0.018243243243243244
4 0.64 0.49358108108108106 0.011818181818181818 0.02364864864864865
4 0.6854545454545454 0.5371621621621622 0.024545454545454544 0.043243243243243246