0 0.11204545454545455 0.30675675675675673 0.011363636363636364 0.01756756756756757
0 0.31886363636363635 0.3010135135135135 0.008636363636363636 0.016891891891891893
0 0.37886363636363635 0.3091216216216216 0.009545454545454546 0.019594594594594596
0 0.4152272727272727 0.31925675675675674 0.011363636363636364 0.02364864864864865
0 0.5456818181818182 0.3344594594594595 0.014090909090909091 0.02972972972972973
0 0.7679545454545454 0.3381756756756757 0.021363636363636362 0.03581081081081081
0 0.7361363636363636 0.5165540540540541 0.05954545454545455 0.11013513513513513
1 0.8665909090909091 0.2976351351351351 0.019545454545454546 0.04256756756756757
4 0.7036363636363636 0.3081081081081081 0.011818181818181818 0.022972972972972974
4 0.5756818181818182 0.3050675675675676 0.009545454545454546 0.018243243243243244
4 0.509090909090909 0.2993243243243243 0.007272727272727273 0.016216216216216217
4 0.45136363636363636 0.2939189189189189 0.006363636363636364 0.014864864864864866
4 0.3790909090909091 0.2902027027027027 0.007272727272727273 0.015540540540540541
4 0.2818181818181818 0.2925675675675676 0.007272727272727273 0.014864864864864866