4 0.3977272727272727 0.5317567567567567 0.09 0.15405405405405406
4 0.22340909090909092 0.22702702702702704 0.012272727272727272 0.021621621621621623
0 0.2834090909090909 0.21317567567567566 0.009545454545454546 0.019594594594594596
0 0.39295454545454545 0.20574324324324325 0.008636363636363636 0.019594594594594596
0 0.49522727272727274 0.19864864864864865 0.009545454545454546 0.01891891891891892
0 0.5931818181818181 0.1918918918918919 0.00909090909090909 0.021621621621621623
0 0.6756818181818182 0.1858108108108108 0.006818181818181818 0.01891891891891892
4 0.3790909090909091 0.21655405405405406 0.012727272727272728 0.0222972972972973
0 0.4636363636363636 0.18445945945945946 0.005454545454545455 0.00945945945945946
0 0.4727272727272727 0.1847972972972973 0.0036363636363636364 0.010135135135135136
0 0.4788636363636364 0.1831081081081081 0.004090909090909091 0.00945945945945946
0 0.49568181818181817 0.1837837837837838 0.005 0.012162162162162163
0 0.5263636363636364 0.17871621621621622 0.0036363636363636364 0.008783783783783784
4 0.5329545454545455 0.17972972972972973 0.004090909090909091 0.010810810810810811
4 0.5486363636363636 0.18006756756756756 0.004545454545454545 0.011486486486486487
0 0.5606818181818182 0.18074324324324326 0.005909090909090909 0.011486486486486487
4 0.5538636363636363 0.20608108108108109 0.013181818181818182 0.022972972972972974
0 0.6279545454545454 0.1777027027027027 0.005909090909090909 0.012162162162162163
4 0.663409090909091 0.17432432432432432 0.005 0.012162162162162163
4 0.6815909090909091 0.1972972972972973 0.012272727272727272 0.022972972972972974
0 0.7002272727272727 0.17466216216216215 0.005909090909090909 0.012837837837837839
4 0.7354545454545455 0.17094594594594595 0.005454545454545455 0.012162162162162163
0 0.7397727272727272 0.17871621621621622 0.009545454545454546 0.018243243243243244
0 0.7563636363636363 0.17229729729729729 0.006363636363636364 0.012162162162162163
0 0.7645454545454545 0.17364864864864865 0.007272727272727273 0.014864864864864866
0 0.7706818181818181 0.17162162162162162 0.005909090909090909 0.013513513513513514
0 0.15136363636363637 0.2222972972972973 0.011818181818181818 0.021621621621621623
0 0.5179545454545454 0.1804054054054054 0.004090909090909091 0.00945945945945946
0 0.5195454545454545 0.1777027027027027 0.0027272727272727275 0.006756756756756757
0 0.5081818181818182 0.17871621621621622 0.0027272727272727275 0.007432432432432433
0 0.5102272727272728 0.1783783783783784 0.0022727272727272726 0.008108108108108109
4 0.5461363636363636 0.17905405405405406 0.003181818181818182 0.010810810810810811
0 0.5509090909090909 0.1783783783783784 0.0027272727272727275 0.008108108108108109
0 0.5527272727272727 0.17601351351351352 0.0027272727272727275 0.007432432432432433
4 0.5559090909090909 0.17635135135135135 0.0027272727272727275 0.008108108108108109
4 0.5622727272727273 0.17601351351351352 0.0027272727272727275 0.007432432432432433
4 0.5718181818181818 0.17635135135135135 0.0036363636363636364 0.008108108108108109
4 0.5804545454545454 0.17635135135135135 0.0036363636363636364 0.010810810810810811
4 0.5938636363636364 0.17567567567567569 0.004090909090909091 0.00945945945945946
4 0.5977272727272728 0.17702702702702702 0.0036363636363636364 0.012162162162162163
4 0.6118181818181818 0.175 0.0036363636363636364 0.010810810810810811
4 0.6152272727272727 0.175 0.003181818181818182 0.010810810810810811
4 0.6302272727272727 0.17263513513513515 0.003181818181818182 0.007432432432432433
0 0.6343181818181818 0.17229729729729729 0.003181818181818182 0.006756756756756757
4 0.6702272727272728 0.17094594594594595 0.003181818181818182 0.008108108108108109
0 0.6820454545454545 0.17027027027027028 0.004090909090909091 0.006756756756756757
4 0.7047727272727272 0.16959459459459458 0.003181818181818182 0.008108108108108109
0 0.7206818181818182 0.16891891891891891 0.003181818181818182 0.006756756756756757
4 0.7256818181818182 0.16925675675675675 0.004090909090909091 0.008783783783783784
0 0.7484090909090909 0.1679054054054054 0.004090909090909091 0.007432432432432433
0 0.7752272727272728 0.16722972972972974 0.004090909090909091 0.007432432432432433
4 0.7956818181818182 0.16824324324324325 0.006818181818181818 0.013513513513513514
4 0.8184090909090909 0.1652027027027027 0.005 0.010135135135135136
0 0.8156818181818182 0.16486486486486487 0.003181818181818182 0.008108108108108109
4 0.8397727272727272 0.17972972972972973 0.010454545454545454 0.021621621621621623
4 0.8545454545454545 0.16554054054054054 0.00909090909090909 0.016216216216216217
4 0.8879545454545454 0.17027027027027028 0.013181818181818182 0.02027027027027027
4 0.9070454545454546 0.16283783783783784 0.011363636363636364 0.01891891891891892
4 0.8997727272727273 0.16182432432432434 0.008636363636363636 0.016891891891891893
0 0.8956818181818181 0.15844594594594594 0.005 0.007432432432432433
4 0.9247727272727273 0.15608108108108107 0.005909090909090909 0.010810810810810811