4 0.15795454545454546 0.5658783783783784 0.03318181818181818 0.04527027027027027
4 0.5309090909090909 0.5645270270270271 0.03 0.05472972972972973
4 0.2727272727272727 0.47533783783783784 0.007272727272727273 0.011486486486486487
4 0.39090909090909093 0.4668918918918919 0.007272727272727273 0.012162162162162163
4 0.5640909090909091 0.45506756756756755 0.005454545454545455 0.011486486486486487
4 0.6577272727272727 0.44932432432432434 0.005454545454545455 0.00945945945945946
0 0.1943181818181818 0.47702702702702704 0.006818181818181818 0.010810810810810811
0 0.2938636363636364 0.46959459459459457 0.005909090909090909 0.010810810810810811
0 0.39431818181818185 0.4631756756756757 0.004090909090909091 0.010135135135135136
0 0.4727272727272727 0.4574324324324324 0.004545454545454545 0.008108108108108109
0 0.5506818181818182 0.45304054054054055 0.004090909090909091 0.008783783783783784
0 0.6309090909090909 0.4472972972972973 0.004545454545454545 0.00945945945945946
0 0.7034090909090909 0.44324324324324327 0.004090909090909091 0.00945945945945946
0 0.7654545454545455 0.439527027027027 0.004545454545454545 0.008783783783783784
0 0.8254545454545454 0.43513513513513513 0.005454545454545455 0.008108108108108109
4 0.8763636363636363 0.4347972972972973 0.006363636363636364 0.011486486486486487
4 0.8165909090909091 0.43851351351351353 0.006818181818181818 0.010810810810810811
4 0.7495454545454545 0.44324324324324327 0.005454545454545455 0.010810810810810811
4 0.4661363636363636 0.4614864864864865 0.005909090909090909 0.012162162162162163
4 0.15636363636363637 0.48277027027027025 0.008181818181818182 0.01418918918918919