4 0.48818181818181816 0.7405405405405405 0.13818181818181818 0.2581081081081081
4 0.19272727272727272 0.39628378378378376 0.04909090909090909 0.09121621621621621
4 0.265 0.3108108108108108 0.031818181818181815 0.05945945945945946
4 0.3452272727272727 0.24222972972972973 0.015909090909090907 0.03175675675675676
4 0.39090909090909093 0.2152027027027027 0.011818181818181818 0.0222972972972973
4 0.42113636363636364 0.20236486486486485 0.009545454545454546 0.018243243243243244
4 0.4434090909090909 0.19358108108108107 0.006818181818181818 0.01418918918918919
4 0.45386363636363636 0.18952702702702703 0.006818181818181818 0.012837837837837839
4 0.4668181818181818 0.18445945945945946 0.006363636363636364 0.012162162162162163
4 0.47704545454545455 0.18074324324324326 0.005 0.010135135135135136
0 0.12681818181818183 0.2527027027027027 0.017272727272727273 0.031081081081081083
0 0.24113636363636365 0.22364864864864864 0.011363636363636364 0.021621621621621623
0 0.29613636363636364 0.20912162162162162 0.008636363636363636 0.016891891891891893
0 0.3365909090909091 0.19966216216216215 0.006818181818181818 0.01418918918918919
0 0.3613636363636364 0.1939189189189189 0.006363636363636364 0.012162162162162163
0 0.38977272727272727 0.18885135135135134 0.005 0.011486486486486487
0 0.4102272727272727 0.18412162162162163 0.005 0.010135135135135136
0 0.4225 0.1810810810810811 0.004090909090909091 0.00945945945945946
0 0.4354545454545454 0.17905405405405406 0.0036363636363636364 0.008108108108108109
0 0.44681818181818184 0.17702702702702702 0.0036363636363636364 0.008108108108108109
0 0.4672727272727273 0.17466216216216215 0.0036363636363636364 0.007432432432432433
4 0.4847727272727273 0.17804054054054055 0.005 0.010135135135135136
4 0.49363636363636365 0.17567567567567569 0.004545454545454545 0.00945945945945946
4 0.5006818181818182 0.17398648648648649 0.005 0.008783783783783784
0 0.5031818181818182 0.17195945945945945 0.0036363636363636364 0.007432432432432433
4 0.5247727272727273 0.17195945945945945 0.004090909090909091 0.008783783783783784
0 0.5427272727272727 0.16959459459459458 0.0036363636363636364 0.006756756756756757
4 0.5611363636363637 0.16925675675675675 0.004090909090909091 0.008783783783783784
0 0.5761363636363637 0.1679054054054054 0.003181818181818182 0.007432432432432433
4 0.6054545454545455 0.16756756756756758 0.004545454545454545 0.00945945945945946
0 0.6177272727272727 0.16655405405405405 0.0036363636363636364 0.007432432432432433
4 0.6545454545454545 0.16554054054054054 0.004545454545454545 0.010810810810810811
0 0.665 0.16452702702702704 0.0036363636363636364 0.007432432432432433
4 0.6838636363636363 0.1652027027027027 0.004090909090909091 0.010135135135135136
0 0.6993181818181818 0.16317567567567567 0.004090909090909091 0.008783783783783784
4 0.7170454545454545 0.16452702702702704 0.004090909090909091 0.010135135135135136
0 0.7272727272727273 0.1625 0.0036363636363636364 0.008783783783783784
4 0.7511363636363636 0.1635135135135135 0.005909090909090909 0.012162162162162163
0 0.7556818181818182 0.16182432432432434 0.004090909090909091 0.008783783783783784
0 0.8254545454545454 0.15878378378378377 0.006363636363636364 0.010810810810810811
4 0.8359090909090909 0.1597972972972973 0.007272727272727273 0.012837837837837839
0 0.885 0.1543918918918919 0.006363636363636364 0.011486486486486487
4 0.9181818181818182 0.15304054054054053 0.00909090909090909 0.01418918918918919