4 0.3265909090909091 0.37972972972972974 0.01681818181818182 0.03513513513513514
4 0.5752272727272727 0.34493243243243243 0.015 0.027702702702702704
4 0.5929545454545454 0.3422297297297297 0.015909090909090907 0.027702702702702704
4 0.7318181818181818 0.3222972972972973 0.011818181818181818 0.022972972972972974
0 0.5609090909090909 0.40337837837837837 0.03090909090909091 0.051351351351351354
0 0.6 0.3952702702702703 0.02909090909090909 0.04864864864864865
0 0.8018181818181818 0.3560810810810811 0.026363636363636363 0.03783783783783784
0 0.913409090909091 0.3314189189189189 0.02409090909090909 0.03175675675675676
0 0.5763636363636364 0.5766891891891892 0.07181818181818182 0.12905405405405404
4 0.45181818181818184 0.2716216216216216 0.006363636363636364 0.021621621621621623
4 0.45840909090909093 0.2682432432432432 0.007727272727272728 0.022972972972972974
0 0.4647727272727273 0.2665540540540541 0.008636363636363636 0.019594594594594596
0 0.4772727272727273 0.2864864864864865 0.007272727272727273 0.01891891891891892
2 0.8175 0.26554054054054055 0.005 0.010810810810810811