4 0.5625 0.6814189189189189 0.12409090909090909 0.23310810810810811
4 0.8147727272727273 0.19864864864864865 0.015909090909090907 0.02837837837837838
0 0.7829545454545455 0.18547297297297297 0.011363636363636364 0.020945945945945947
0 0.7881818181818182 0.17297297297297298 0.006363636363636364 0.013513513513513514
4 0.6986363636363636 0.17398648648648649 0.006363636363636364 0.01418918918918919
0 0.6802272727272727 0.17601351351351352 0.006818181818181818 0.01418918918918919
4 0.6445454545454545 0.19797297297297298 0.012727272727272728 0.021621621621621623
4 0.639090909090909 0.17601351351351352 0.005454545454545455 0.012837837837837839
0 0.6184090909090909 0.17804054054054055 0.006818181818181818 0.012837837837837839
4 0.5890909090909091 0.1777027027027027 0.006363636363636364 0.013513513513513514
0 0.5722727272727273 0.18716216216216217 0.008181818181818182 0.016216216216216217
0 0.5759090909090909 0.17905405405405406 0.004545454545454545 0.012162162162162163
0 0.5272727272727272 0.1804054054054054 0.005454545454545455 0.010810810810810811
4 0.5075 0.19763513513513514 0.009545454545454546 0.019594594594594596
0 0.4809090909090909 0.1885135135135135 0.007272727272727273 0.013513513513513514
0 0.47704545454545455 0.18277027027027026 0.005 0.011486486486486487
0 0.43477272727272726 0.1885135135135135 0.006818181818181818 0.013513513513513514
4 0.4065909090909091 0.1983108108108108 0.007727272727272728 0.015540540540540541
4 0.3552272727272727 0.1983108108108108 0.006818181818181818 0.015540540540540541
0 0.8665909090909091 0.16858108108108108 0.009545454545454546 0.015540540540540541
0 0.8613636363636363 0.16317567567567567 0.004545454545454545 0.007432432432432433
4 0.8784090909090909 0.16182432432432434 0.005 0.008783783783783784
4 0.8818181818181818 0.16655405405405405 0.00909090909090909 0.015540540540540541
4 0.7911363636363636 0.17060810810810811 0.004090909090909091 0.01418918918918919
0 0.7959090909090909 0.16587837837837838 0.0036363636363636364 0.006081081081081081
4 0.7765909090909091 0.1679054054054054 0.005 0.008783783783783784
0 0.7436363636363637 0.16824324324324325 0.0036363636363636364 0.006756756756756757
4 0.7370454545454546 0.16858108108108108 0.004090909090909091 0.008783783783783784
4 0.6870454545454545 0.16993243243243245 0.004090909090909091 0.008783783783783784
0 0.6852272727272727 0.17027027027027028 0.0022727272727272726 0.005405405405405406
0 0.6813636363636364 0.18682432432432433 0.01 0.016891891891891893
0 0.6288636363636364 0.17229729729729729 0.003181818181818182 0.006756756756756757
4 0.6247727272727273 0.17195945945945945 0.003181818181818182 0.007432432432432433
4 0.5613636363636364 0.175 0.0027272727272727275 0.008108108108108109
4 0.5309090909090909 0.17635135135135135 0.0036363636363636364 0.008108108108108109
4 0.5143181818181818 0.17635135135135135 0.003181818181818182 0.008108108108108109
4 0.5106818181818182 0.17635135135135135 0.003181818181818182 0.008108108108108109
4 0.4984090909090909 0.17601351351351352 0.003181818181818182 0.007432432432432433
4 0.4697727272727273 0.1810810810810811 0.005 0.012162162162162163
4 0.4415909090909091 0.17905405405405406 0.003181818181818182 0.008108108108108109
4 0.41295454545454546 0.17972972972972973 0.003181818181818182 0.006756756756756757
4 0.3968181818181818 0.1847972972972973 0.0036363636363636364 0.012837837837837839
4 0.39386363636363636 0.18175675675675676 0.003181818181818182 0.008108108108108109
4 0.38431818181818184 0.18344594594594596 0.004090909090909091 0.010135135135135136
4 0.37931818181818183 0.1837837837837838 0.004090909090909091 0.00945945945945946
4 0.37386363636363634 0.1831081081081081 0.003181818181818182 0.008108108108108109
4 0.36568181818181816 0.18445945945945946 0.004090909090909091 0.010810810810810811
0 0.3675 0.1820945945945946 0.0022727272727272726 0.006081081081081081
4 0.35659090909090907 0.18952702702702703 0.004090909090909091 0.011486486486486487
4 0.355 0.1837837837837838 0.0027272727272727275 0.00945945945945946
0 0.3527272727272727 0.1831081081081081 0.0036363636363636364 0.006756756756756757
4 0.3393181818181818 0.1837837837837838 0.004090909090909091 0.00945945945945946
0 0.3418181818181818 0.1837837837837838 0.0027272727272727275 0.006756756756756757
4 0.2802272727272727 0.18682432432432433 0.004090909090909091 0.007432432432432433
0 0.26931818181818185 0.1885135135135135 0.005 0.00945945945945946
4 0.27204545454545453 0.18716216216216217 0.003181818181818182 0.008108108108108109
0 0.25772727272727275 0.18986486486486487 0.004545454545454545 0.010810810810810811
4 0.24772727272727274 0.19256756756756757 0.005454545454545455 0.013513513513513514
0 0.24136363636363636 0.18986486486486487 0.004545454545454545 0.00945945945945946
0 0.22704545454545455 0.19087837837837837 0.004090909090909091 0.007432432432432433
0 0.22204545454545455 0.19155405405405404 0.004090909090909091 0.007432432432432433
0 0.20772727272727273 0.19425675675675674 0.005454545454545455 0.010135135135135136
4 0.17068181818181818 0.1983108108108108 0.006818181818181818 0.012837837837837839
0 0.1459090909090909 0.1983108108108108 0.006363636363636364 0.010135135135135136
0 0.09431818181818181 0.2 0.007727272727272728 0.010810810810810811