0 0.20681818181818182 0.6868243243243243 0.07090909090909091 0.10202702702702703
0 0.42613636363636365 0.55 0.022272727272727274 0.041891891891891894
0 0.5636363636363636 0.5064189189189189 0.014545454545454545 0.026351351351351353
0 0.6945454545454546 0.4864864864864865 0.01090909090909091 0.02027027027027027
0 0.7761363636363636 0.4766891891891892 0.011363636363636364 0.019594594594594596
0 0.8675 0.4689189189189189 0.009545454545454546 0.014864864864864866
4 0.8936363636363637 0.5023648648648649 0.022727272727272728 0.030405405405405407
4 0.831590909090909 0.5256756756756756 0.026818181818181817 0.03918918918918919
4 0.8388636363636364 0.5847972972972973 0.038636363636363635 0.06418918918918919
4 0.8822727272727273 0.452027027027027 0.005454545454545455 0.008108108108108109
4 0.8225 0.45337837837837835 0.005 0.006756756756756757
0 0.8725 0.45304054054054055 0.005 0.008783783783783784
4 0.9261363636363636 0.4472972972972973 0.004090909090909091 0.005405405405405406
0 0.899090909090909 0.44763513513513514 0.0036363636363636364 0.00472972972972973
4 0.8681818181818182 0.44932432432432434 0.0036363636363636364 0.005405405405405406
0 0.8465909090909091 0.44932432432432434 0.003181818181818182 0.005405405405405406
0 0.798409090909091 0.45472972972972975 0.004090909090909091 0.008108108108108109
4 0.8025 0.45135135135135135 0.003181818181818182 0.005405405405405406
0 0.7459090909090909 0.45506756756756755 0.0036363636363636364 0.007432432432432433
0 0.7275 0.45304054054054055 0.003181818181818182 0.00472972972972973
4 0.7388636363636364 0.45304054054054055 0.0022727272727272726 0.00472972972972973
4 0.7413636363636363 0.4543918918918919 0.0027272727272727275 0.007432432432432433
4 0.7122727272727273 0.4537162162162162 0.0027272727272727275 0.006081081081081081
4 0.68 0.4554054054054054 0.0027272727272727275 0.006756756756756757
0 0.6627272727272727 0.45506756756756755 0.0027272727272727275 0.00472972972972973
0 0.6593181818181818 0.4564189189189189 0.003181818181818182 0.006081081081081081
0 0.6484090909090909 0.4554054054054054 0.0022727272727272726 0.005405405405405406
0 0.6381818181818182 0.4564189189189189 0.0018181818181818182 0.00472972972972973
0 0.6359090909090909 0.45675675675675675 0.0027272727272727275 0.005405405405405406
0 0.6945454545454546 0.4564189189189189 0.0027272727272727275 0.006081081081081081
4 0.6977272727272728 0.4557432432432432 0.0036363636363636364 0.007432432432432433
4 0.6861363636363637 0.45472972972972975 0.003181818181818182 0.006756756756756757
0 0.7865909090909091 0.4516891891891892 0.003181818181818182 0.006081081081081081