4 0.8722727272727273 0.8 0.12818181818181817 0.21081081081081082
4 0.7756818181818181 0.16993243243243245 0.008636363636363636 0.016891891891891893
4 0.6890909090909091 0.17297297297297298 0.007272727272727273 0.014864864864864866
0 0.803409090909091 0.16452702702702704 0.006818181818181818 0.01418918918918919
0 0.6959090909090909 0.16891891891891891 0.006363636363636364 0.012162162162162163
4 0.5856818181818182 0.17533783783783785 0.006818181818181818 0.01418918918918919
0 0.5829545454545455 0.17229729729729729 0.004090909090909091 0.012162162162162163
0 0.4802272727272727 0.17567567567567569 0.005 0.010810810810810811
4 0.4665909090909091 0.1793918918918919 0.006818181818181818 0.012837837837837839
0 0.3993181818181818 0.17905405405405406 0.005 0.010810810810810811
4 0.3538636363636364 0.1847972972972973 0.005909090909090909 0.012837837837837839
0 0.36727272727272725 0.18006756756756756 0.004545454545454545 0.010135135135135136
0 0.35704545454545455 0.17905405405405406 0.004090909090909091 0.00945945945945946
0 0.3434090909090909 0.17804054054054055 0.004090909090909091 0.008783783783783784
0 0.31681818181818183 0.1783783783783784 0.004545454545454545 0.008108108108108109
4 0.28136363636363637 0.1847972972972973 0.007272727272727273 0.01418918918918919
4 0.2697727272727273 0.18243243243243243 0.005909090909090909 0.010810810810810811
0 0.2640909090909091 0.18074324324324326 0.004545454545454545 0.008783783783783784
0 0.20954545454545453 0.18412162162162163 0.005454545454545455 0.008783783783783784
4 0.175 0.1875 0.006363636363636364 0.011486486486486487
0 0.14886363636363636 0.1875 0.006818181818181818 0.008783783783783784
4 0.11886363636363637 0.18986486486486487 0.007727272727272728 0.012162162162162163
0 0.08159090909090909 0.18952702702702703 0.009545454545454546 0.010135135135135136
4 0.06977272727272728 0.19222972972972974 0.010454545454545454 0.012837837837837839