0 0.6461363636363636 0.3070945945945946 0.041363636363636366 0.0777027027027027
0 0.6509090909090909 0.22297297297297297 0.02181818181818182 0.04594594594594595
0 0.6509090909090909 0.1858108108108108 0.015454545454545455 0.02837837837837838
0 0.6579545454545455 0.16891891891891891 0.007727272727272728 0.02702702702702703
0 0.6361363636363636 0.15608108108108107 0.007727272727272728 0.02027027027027027
0 0.5418181818181819 0.14391891891891892 0.007272727272727273 0.02027027027027027
0 0.1390909090909091 0.13682432432432431 0.012727272727272728 0.027702702702702704
4 0.8625 0.19493243243243244 0.015909090909090907 0.03310810810810811
4 0.0715909090909091 0.11351351351351352 0.012272727272727272 0.021621621621621623
4 0.10681818181818181 0.10608108108108108 0.00909090909090909 0.016216216216216217
1 0.09386363636363636 0.10641891891891891 0.012272727272727272 0.02364864864864865
4 0.7986363636363636 0.17398648648648649 0.01090909090909091 0.025
4 0.7406818181818182 0.16047297297297297 0.009545454545454546 0.020945945945945947
4 0.6645454545454546 0.14864864864864866 0.007272727272727273 0.01756756756756757
4 0.5965909090909091 0.14189189189189189 0.006818181818181818 0.016216216216216217
4 0.5084090909090909 0.13378378378378378 0.005909090909090909 0.013513513513513514
4 0.45181818181818184 0.1304054054054054 0.006363636363636364 0.014864864864864866
0 0.4668181818181818 0.13614864864864865 0.008181818181818182 0.016891891891891893
0 0.3875 0.1293918918918919 0.006818181818181818 0.016891891891891893
4 0.38886363636363636 0.125 0.004090909090909091 0.010810810810810811
4 0.3531818181818182 0.11993243243243243 0.005454545454545455 0.012837837837837839
4 0.3415909090909091 0.11655405405405406 0.005 0.011486486486486487
4 0.3297727272727273 0.11418918918918919 0.005 0.010810810810810811
4 0.32522727272727275 0.11148648648648649 0.004090909090909091 0.010810810810810811
0 0.31477272727272726 0.12331081081081081 0.007727272727272728 0.015540540540540541
4 0.3175 0.10844594594594595 0.004090909090909091 0.008783783783783784
2 0.32181818181818184 0.1070945945945946 0.0036363636363636364 0.008783783783783784
2 0.3013636363636364 0.10472972972972973 0.004545454545454545 0.008108108108108109
0 0.2640909090909091 0.11722972972972973 0.006363636363636364 0.012837837837837839
0 0.2595454545454545 0.1125 0.004545454545454545 0.012837837837837839
0 0.26386363636363636 0.10912162162162162 0.005 0.011486486486486487
0 0.2686363636363636 0.10777027027027027 0.004545454545454545 0.010135135135135136
0 0.2706818181818182 0.10608108108108108 0.004090909090909091 0.00945945945945946
0 0.2765909090909091 0.10540540540540541 0.003181818181818182 0.00945945945945946
0 0.21886363636363637 0.13074324324324324 0.009545454545454546 0.018243243243243244
0 0.21931818181818183 0.12128378378378378 0.006818181818181818 0.015540540540540541
1 0.21386363636363637 0.11114864864864865 0.006818181818181818 0.025
0 0.2084090909090909 0.10270270270270271 0.003181818181818182 0.014864864864864866
4 0.12477272727272727 0.10101351351351351 0.006818181818181818 0.012837837837837839
4 0.1365909090909091 0.09898648648648649 0.005 0.008783783783783784
4 0.14363636363636365 0.09763513513513514 0.005454545454545455 0.006081081081081081