4 0.21636363636363637 0.5239864864864865 0.09090909090909091 0.14797297297297296
4 0.10431818181818182 0.3722972972972973 0.04409090909090909 0.08243243243243244
4 0.09659090909090909 0.31216216216216214 0.03318181818181818 0.05405405405405406
4 0.1415909090909091 0.2665540540540541 0.020454545454545454 0.038513513513513516
4 0.17522727272727273 0.24594594594594596 0.015909090909090907 0.031081081081081083
4 0.1915909090909091 0.23581081081081082 0.014090909090909091 0.025675675675675677
4 0.2747727272727273 0.22128378378378377 0.012272727272727272 0.019594594594594596
0 0.06704545454545455 0.23310810810810811 0.006818181818181818 0.01891891891891892
0 0.15886363636363637 0.21554054054054053 0.009545454545454546 0.014864864864864866
0 0.10568181818181818 0.22533783783783784 0.011363636363636364 0.018243243243243244
0 0.19340909090909092 0.20945945945945946 0.007727272727272728 0.013513513513513514
0 0.22636363636363635 0.20439189189189189 0.006363636363636364 0.012837837837837839
0 0.255 0.20168918918918918 0.006363636363636364 0.011486486486486487
4 0.2775 0.20844594594594595 0.006818181818181818 0.015540540540540541
4 0.3038636363636364 0.20337837837837838 0.007727272727272728 0.013513513513513514
4 0.33136363636363636 0.19864864864864865 0.007272727272727273 0.013513513513513514
0 0.1384090909090909 0.22027027027027027 0.009545454545454546 0.014864864864864866
4 0.27295454545454545 0.2141891891891892 0.009545454545454546 0.01756756756756757
4 0.35568181818181815 0.1945945945945946 0.005909090909090909 0.010810810810810811
4 0.35954545454545456 0.18986486486486487 0.004545454545454545 0.010810810810810811
4 0.36477272727272725 0.19087837837837837 0.005909090909090909 0.011486486486486487
0 0.2309090909090909 0.2 0.005454545454545455 0.010810810810810811
4 0.1125 0.20844594594594595 0.007727272727272728 0.012837837837837839
0 0.13477272727272727 0.20777027027027026 0.008636363636363636 0.01418918918918919
0 0.18159090909090908 0.20472972972972972 0.006818181818181818 0.012162162162162163
4 0.19068181818181817 0.20101351351351351 0.005909090909090909 0.010135135135135136
0 0.23727272727272727 0.1939189189189189 0.004545454545454545 0.006756756756756757
4 0.2309090909090909 0.1939189189189189 0.004545454545454545 0.008108108108108109
4 0.26295454545454544 0.19594594594594594 0.005909090909090909 0.012162162162162163
4 0.2590909090909091 0.19324324324324324 0.0027272727272727275 0.00945945945945946
4 0.2534090909090909 0.1918918918918919 0.004090909090909091 0.006756756756756757
0 0.2715909090909091 0.19864864864864865 0.005 0.012162162162162163
0 0.26795454545454545 0.1966216216216216 0.004090909090909091 0.012162162162162163
4 0.2722727272727273 0.19054054054054054 0.0036363636363636364 0.006756756756756757
4 0.2856818181818182 0.19155405405405404 0.004090909090909091 0.008783783783783784
0 0.3075 0.18783783783783783 0.004090909090909091 0.008108108108108109
0 0.31295454545454543 0.18783783783783783 0.003181818181818182 0.008108108108108109
4 0.31477272727272726 0.1912162162162162 0.004090909090909091 0.010810810810810811
0 0.3245454545454545 0.1875 0.0036363636363636364 0.008783783783783784
4 0.32840909090909093 0.1875 0.003181818181818182 0.010135135135135136
0 0.3534090909090909 0.18513513513513513 0.004090909090909091 0.008108108108108109
4 0.37977272727272726 0.1837837837837838 0.004090909090909091 0.00945945945945946
0 0.39204545454545453 0.18175675675675676 0.003181818181818182 0.008108108108108109
0 0.43363636363636365 0.17972972972972973 0.0036363636363636364 0.008108108108108109
4 0.43931818181818183 0.18074324324324326 0.005 0.010135135135135136
0 0.4659090909090909 0.17736486486486486 0.0036363636363636364 0.007432432432432433
0 0.4763636363636364 0.17601351351351352 0.0036363636363636364 0.007432432432432433
0 0.4847727272727273 0.17466216216216215 0.003181818181818182 0.007432432432432433
4 0.48954545454545456 0.1777027027027027 0.004545454545454545 0.00945945945945946
0 0.5084090909090909 0.17229729729729729 0.003181818181818182 0.006756756756756757
4 0.5234090909090909 0.175 0.005 0.010810810810810811
4 0.5325 0.17297297297297298 0.005 0.00945945945945946
4 0.5359090909090909 0.17162162162162162 0.0036363636363636364 0.00945945945945946
4 0.5461363636363636 0.17094594594594595 0.003181818181818182 0.008108108108108109
4 0.5720454545454545 0.16824324324324325 0.003181818181818182 0.008108108108108109
0 0.5988636363636364 0.16655405405405405 0.003181818181818182 0.007432432432432433
4 0.6063636363636363 0.16689189189189188 0.0036363636363636364 0.008108108108108109
0 0.6418181818181818 0.16486486486486487 0.0036363636363636364 0.006756756756756757
4 0.6731818181818182 0.1635135135135135 0.004545454545454545 0.008108108108108109
0 0.6752272727272727 0.16283783783783784 0.0022727272727272726 0.006756756756756757
0 0.6963636363636364 0.16182432432432434 0.0036363636363636364 0.007432432432432433
4 0.7125 0.16182432432432434 0.004090909090909091 0.008783783783783784
0 0.7211363636363637 0.16013513513513514 0.003181818181818182 0.006756756756756757
4 0.7390909090909091 0.15945945945945947 0.004545454545454545 0.00945945945945946
0 0.7472727272727273 0.15777027027027027 0.004545454545454545 0.007432432432432433
4 0.7668181818181818 0.15777027027027027 0.004545454545454545 0.008783783783783784
0 0.7806818181818181 0.1554054054054054 0.005 0.008108108108108109
4 0.7895454545454546 0.15506756756756757 0.004545454545454545 0.008783783783783784
0 0.8222727272727273 0.15202702702702703 0.005454545454545455 0.008108108108108109
4 0.8286363636363636 0.1527027027027027 0.005454545454545455 0.00945945945945946
4 0.8638636363636364 0.15371621621621623 0.005909090909090909 0.012837837837837839
4 0.8775 0.1543918918918919 0.008636363636363636 0.012837837837837839
4 0.9097727272727273 0.15472972972972973 0.008636363636363636 0.012162162162162163
4 0.918409090909091 0.14695945945945946 0.007727272727272728 0.011486486486486487
4 0.9 0.15 0.006363636363636364 0.010810810810810811
4 0.8968181818181818 0.14864864864864866 0.005454545454545455 0.00945945945945946