4 0.905 0.4527027027027027 0.00909090909090909 0.014864864864864866
4 0.8354545454545454 0.4516891891891892 0.007272727272727273 0.012837837837837839
4 0.75 0.452027027027027 0.005454545454545455 0.012162162162162163
4 0.6770454545454545 0.4537162162162162 0.005 0.011486486486486487
4 0.6265909090909091 0.4570945945945946 0.005 0.011486486486486487
4 0.5938636363636364 0.4625 0.005909090909090909 0.012837837837837839
4 0.5606818181818182 0.4739864864864865 0.007727272727272728 0.016891891891891893
4 0.5447727272727273 0.4868243243243243 0.011363636363636364 0.020945945945945947
4 0.5490909090909091 0.5168918918918919 0.015454545454545455 0.033783783783783786
4 0.6631818181818182 0.6293918918918919 0.04818181818181818 0.08175675675675675
0 0.8827272727272727 0.4466216216216216 0.007272727272727273 0.010810810810810811
0 0.8077272727272727 0.44763513513513514 0.006363636363636364 0.010135135135135136
0 0.7040909090909091 0.4489864864864865 0.004545454545454545 0.008783783783783784
0 0.6365909090909091 0.452027027027027 0.005 0.00945945945945946
0 0.5806818181818182 0.4554054054054054 0.005 0.00945945945945946
0 0.5456818181818182 0.4594594594594595 0.005909090909090909 0.010810810810810811
0 0.5009090909090909 0.46554054054054056 0.006363636363636364 0.012162162162162163
0 0.4672727272727273 0.47195945945945944 0.008181818181818182 0.01418918918918919
0 0.41909090909090907 0.4834459459459459 0.00909090909090909 0.016891891891891893
0 0.28363636363636363 0.5449324324324324 0.023636363636363636 0.04121621621621622
0 0.3568181818181818 0.5084459459459459 0.013636363636363636 0.026351351351351353
0 0.7540909090909091 0.44797297297297295 0.005454545454545455 0.00945945945945946