0 0.5247727272727273 0.4489864864864865 0.003181818181818182 0.007432432432432433
0 0.52 0.4503378378378378 0.0027272727272727275 0.007432432432432433
0 0.5168181818181818 0.45337837837837835 0.0036363636363636364 0.008108108108108109
0 0.5086363636363637 0.4570945945945946 0.004545454545454545 0.010135135135135136
0 0.4929545454545455 0.4625 0.005909090909090909 0.011486486486486487
0 0.4818181818181818 0.4702702702702703 0.007272727272727273 0.014864864864864866
0 0.4575 0.48783783783783785 0.010454545454545454 0.021621621621621623
0 0.40454545454545454 0.5310810810810811 0.02181818181818182 0.041891891891891894
4 0.5743181818181818 0.4527027027027027 0.004090909090909091 0.008108108108108109
4 0.5804545454545454 0.4570945945945946 0.004545454545454545 0.010135135135135136
4 0.5879545454545455 0.4631756756756757 0.005 0.012837837837837839
4 0.5981818181818181 0.46993243243243243 0.006363636363636364 0.015540540540540541
4 0.6261363636363636 0.4875 0.011363636363636364 0.02364864864864865
4 0.6884090909090909 0.5317567567567567 0.023181818181818182 0.041891891891891894
4 0.8918181818181818 0.45 0.005454545454545455 0.00945945945945946
4 0.8011363636363636 0.44966216216216215 0.005 0.007432432432432433
4 0.7629545454545454 0.4486486486486487 0.004090909090909091 0.008108108108108109
0 0.9177272727272727 0.44797297297297295 0.004545454545454545 0.008108108108108109
0 0.86 0.44797297297297295 0.004545454545454545 0.008108108108108109
0 0.9311363636363637 0.4462837837837838 0.004090909090909091 0.007432432432432433
0 0.7843181818181818 0.4469594594594595 0.004090909090909091 0.007432432432432433
0 0.7268181818181818 0.4456081081081081 0.0027272727272727275 0.006081081081081081
4 0.725 0.4469594594594595 0.0036363636363636364 0.007432432432432433
0 0.5297727272727273 0.44763513513513514 0.0022727272727272726 0.006081081081081081
0 0.5429545454545455 0.4469594594594595 0.003181818181818182 0.006081081081081081
0 0.5679545454545455 0.4452702702702703 0.0022727272727272726 0.006756756756756757
0 0.5970454545454545 0.4449324324324324 0.0022727272727272726 0.006081081081081081
0 0.6225 0.4449324324324324 0.0022727272727272726 0.006081081081081081
0 0.6554545454545454 0.4452702702702703 0.0018181818181818182 0.005405405405405406
0 0.6952272727272727 0.4456081081081081 0.0022727272727272726 0.00472972972972973
0 0.7547727272727273 0.4466216216216216 0.003181818181818182 0.006756756756756757
0 0.8177272727272727 0.44763513513513514 0.0036363636363636364 0.007432432432432433
0 0.9072727272727272 0.4456081081081081 0.0027272727272727275 0.006081081081081081
0 0.9095454545454545 0.4449324324324324 0.0018181818181818182 0.006081081081081081
0 0.9211363636363636 0.4452702702702703 0.0022727272727272726 0.005405405405405406
4 0.6938636363636363 0.4466216216216216 0.003181818181818182 0.006756756756756757
4 0.6520454545454546 0.4456081081081081 0.003181818181818182 0.006081081081081081
4 0.615 0.4452702702702703 0.0036363636363636364 0.006756756756756757
4 0.5886363636363636 0.4462837837837838 0.0027272727272727275 0.006081081081081081
4 0.5704545454545454 0.4503378378378378 0.0027272727272727275 0.006081081081081081