0 0.8561363636363636 0.4486486486486487 0.008636363636363636 0.013513513513513514
0 0.7479545454545454 0.45472972972972975 0.008636363636363636 0.013513513513513514
0 0.668409090909091 0.4614864864864865 0.008636363636363636 0.014864864864864866
0 0.6195454545454545 0.46959459459459457 0.01 0.01756756756756757
0 0.5515909090909091 0.48412162162162165 0.011363636363636364 0.020945945945945947
0 0.4893181818181818 0.5033783783783784 0.015 0.02702702702702703
0 0.35795454545454547 0.5574324324324325 0.025 0.04864864864864865
4 0.7620454545454546 0.6168918918918919 0.045 0.08108108108108109
4 0.8354545454545454 0.4581081081081081 0.01 0.01756756756756757
4 0.7575 0.46621621621621623 0.009545454545454546 0.01891891891891892
4 0.7211363636363637 0.47871621621621624 0.012272727272727272 0.0222972972972973
4 0.7113636363636363 0.5209459459459459 0.023636363636363636 0.03918918918918919