0 0.32227272727272727 0.5956081081081082 0.03909090909090909 0.06689189189189189
0 0.42818181818181816 0.5030405405405406 0.015454545454545455 0.027702702702702704
0 0.45386363636363636 0.4797297297297297 0.008636363636363636 0.01891891891891892
0 0.4684090909090909 0.4668918918918919 0.006818181818181818 0.013513513513513514
0 0.4747727272727273 0.46047297297297296 0.005 0.011486486486486487
0 0.48068181818181815 0.4557432432432432 0.004090909090909091 0.008783783783783784
1 0.4865909090909091 0.45 0.005 0.013513513513513514
0 0.4890909090909091 0.4506756756756757 0.0027272727272727275 0.008108108108108109
0 0.4925 0.4486486486486487 0.003181818181818182 0.006756756756756757
4 0.6840909090909091 0.5385135135135135 0.026363636363636363 0.0445945945945946
4 0.6104545454545455 0.49425675675675673 0.012727272727272728 0.025
4 0.5861363636363637 0.4793918918918919 0.009545454545454546 0.019594594594594596
4 0.5575 0.4618243243243243 0.005909090909090909 0.012837837837837839
4 0.5497727272727273 0.4574324324324324 0.005 0.010810810810810811
4 0.5456818181818182 0.4543918918918919 0.004090909090909091 0.008783783783783784
1 0.543409090909091 0.44932432432432434 0.003181818181818182 0.013513513513513514
4 0.9313636363636364 0.45 0.004545454545454545 0.008108108108108109
4 0.8736363636363637 0.44763513513513514 0.0036363636363636364 0.007432432432432433
4 0.8336363636363636 0.4466216216216216 0.0036363636363636364 0.006756756756756757
0 0.5020454545454546 0.44797297297297295 0.004090909090909091 0.006756756756756757
0 0.5179545454545454 0.44594594594594594 0.003181818181818182 0.005405405405405406
0 0.5345454545454545 0.44425675675675674 0.0027272727272727275 0.006081081081081081
4 0.5472727272727272 0.4486486486486487 0.0027272727272727275 0.008108108108108109
4 0.5493181818181818 0.44763513513513514 0.003181818181818182 0.007432432432432433
4 0.5575 0.44594594594594594 0.003181818181818182 0.006756756756756757
4 0.5693181818181818 0.4449324324324324 0.003181818181818182 0.007432432432432433
4 0.655 0.44425675675675674 0.0036363636363636364 0.006081081081081081
4 0.6854545454545454 0.44425675675675674 0.0036363636363636364 0.006081081081081081
4 0.715 0.4445945945945946 0.0036363636363636364 0.006756756756756757
0 0.7338636363636364 0.4435810810810811 0.003181818181818182 0.006081081081081081
4 0.7438636363636364 0.4449324324324324 0.004090909090909091 0.007432432432432433
0 0.7709090909090909 0.44391891891891894 0.0036363636363636364 0.006756756756756757
4 0.7897727272727273 0.44594594594594594 0.004090909090909091 0.008108108108108109
0 0.8175 0.4452702702702703 0.004090909090909091 0.006756756756756757
0 0.8613636363636363 0.44594594594594594 0.004545454545454545 0.008108108108108109
0 0.9163636363636364 0.4462837837837838 0.004545454545454545 0.007432432432432433