4 0.6531818181818182 0.5641891891891891 0.04 0.062162162162162166
4 0.44386363636363635 0.5375 0.028636363636363637 0.04527027027027027
4 0.2677272727272727 0.527027027027027 0.02181818181818182 0.03783783783783784
4 0.14636363636363636 0.5212837837837838 0.02181818181818182 0.03175675675675676
4 0.4268181818181818 0.4652027027027027 0.00909090909090909 0.016891891891891893
0 0.07090909090909091 0.49966216216216214 0.012727272727272728 0.020945945945945947
0 0.17772727272727273 0.48614864864864865 0.011818181818181818 0.018243243243243244
0 0.2877272727272727 0.4739864864864865 0.00909090909090909 0.015540540540540541
0 0.37318181818181817 0.4597972972972973 0.006363636363636364 0.011486486486486487
0 0.3756818181818182 0.4570945945945946 0.005 0.011486486486486487
0 0.39204545454545453 0.4537162162162162 0.005909090909090909 0.010135135135135136
4 0.45795454545454545 0.45878378378378376 0.006818181818181818 0.012162162162162163
4 0.45045454545454544 0.4564189189189189 0.005454545454545455 0.011486486486486487
4 0.44295454545454543 0.4537162162162162 0.005 0.010135135135135136
0 0.4209090909090909 0.4503378378378378 0.0027272727272727275 0.007432432432432433
0 0.4640909090909091 0.4462837837837838 0.0027272727272727275 0.007432432432432433
0 0.5093181818181818 0.44324324324324327 0.003181818181818182 0.005405405405405406
0 0.5529545454545455 0.4412162162162162 0.003181818181818182 0.006756756756756757
0 0.6022727272727273 0.4391891891891892 0.0027272727272727275 0.006756756756756757
0 0.6420454545454546 0.43851351351351353 0.003181818181818182 0.006756756756756757
0 0.7531818181818182 0.43682432432432433 0.0036363636363636364 0.008783783783783784
0 0.8661363636363636 0.43175675675675673 0.005909090909090909 0.010810810810810811
4 0.9238636363636363 0.43243243243243246 0.008636363636363636 0.012162162162162163
4 0.7568181818181818 0.4402027027027027 0.004545454545454545 0.011486486486486487
4 0.6854545454545454 0.4435810810810811 0.0036363636363636364 0.008783783783783784
4 0.6372727272727273 0.44324324324324327 0.004545454545454545 0.00945945945945946
4 0.6156818181818182 0.44324324324324327 0.005 0.008108108108108109
4 0.5834090909090909 0.44155405405405407 0.004090909090909091 0.008783783783783784
4 0.5397727272727273 0.44324324324324327 0.004090909090909091 0.006756756756756757
4 0.49886363636363634 0.44594594594594594 0.004090909090909091 0.008108108108108109
0 0.6711363636363636 0.43783783783783786 0.004090909090909091 0.008108108108108109
0 0.701590909090909 0.43817567567567567 0.004090909090909091 0.008783783783783784