4 0.8815909090909091 0.4557432432432432 0.005 0.010135135135135136
4 0.9090909090909091 0.5131756756756757 0.024545454545454544 0.03445945945945946
4 0.8406818181818182 0.5425675675675675 0.02590909090909091 0.0445945945945946
4 0.8652272727272727 0.6260135135135135 0.05227272727272727 0.0831081081081081
0 0.37 0.5594594594594594 0.024545454545454544 0.04864864864864865
0 0.5418181818181819 0.5081081081081081 0.016363636363636365 0.02972972972972973
0 0.6884090909090909 0.4891891891891892 0.011363636363636364 0.021621621621621623
0 0.7745454545454545 0.4797297297297297 0.01090909090909091 0.01891891891891892
0 0.8715909090909091 0.4743243243243243 0.009545454545454546 0.01756756756756757
4 0.9261363636363636 0.45304054054054055 0.004090909090909091 0.007432432432432433
4 0.8672727272727273 0.45304054054054055 0.0036363636363636364 0.007432432432432433
4 0.8213636363636364 0.4554054054054054 0.004545454545454545 0.00945945945945946
4 0.8009090909090909 0.45304054054054055 0.0036363636363636364 0.007432432432432433
4 0.7393181818181818 0.4554054054054054 0.003181818181818182 0.008108108108108109
4 0.7361363636363636 0.45304054054054055 0.003181818181818182 0.007432432432432433
4 0.7090909090909091 0.4537162162162162 0.0036363636363636364 0.007432432432432433
4 0.6940909090909091 0.4540540540540541 0.0036363636363636364 0.008108108108108109
4 0.6763636363636364 0.4543918918918919 0.0036363636363636364 0.007432432432432433
4 0.6825 0.45337837837837835 0.003181818181818182 0.006756756756756757
0 0.6313636363636363 0.4543918918918919 0.0027272727272727275 0.006081081081081081
0 0.634090909090909 0.4537162162162162 0.0027272727272727275 0.006081081081081081
0 0.6436363636363637 0.45304054054054055 0.0027272727272727275 0.006081081081081081
0 0.6552272727272728 0.4543918918918919 0.003181818181818182 0.007432432432432433
0 0.6586363636363637 0.45304054054054055 0.0027272727272727275 0.006081081081081081
0 0.6909090909090909 0.45472972972972975 0.0036363636363636364 0.008108108108108109
0 0.7434090909090909 0.4560810810810811 0.004090909090909091 0.00945945945945946
0 0.7243181818181819 0.4527027027027027 0.003181818181818182 0.006756756756756757
0 0.7968181818181819 0.4564189189189189 0.0036363636363636364 0.008783783783783784
0 0.7843181818181818 0.4527027027027027 0.003181818181818182 0.006756756756756757
0 0.8727272727272727 0.4570945945945946 0.004545454545454545 0.008783783783783784
0 0.8977272727272727 0.452027027027027 0.0036363636363636364 0.006756756756756757
0 0.845 0.45304054054054055 0.0036363636363636364 0.006081081081081081