4 0.5284090909090909 0.8054054054054054 0.12681818181818183 0.2
4 0.10181818181818182 0.46554054054054056 0.06272727272727273 0.11756756756756757
4 0.3372727272727273 0.31385135135135134 0.03636363636363636 0.057432432432432436
4 0.4756818181818182 0.2581081081081081 0.021363636363636362 0.03783783783783784
4 0.64 0.22972972972972974 0.01818181818181818 0.032432432432432434
4 0.7731818181818182 0.20777027027027026 0.015454545454545455 0.029054054054054056
0 0.6690909090909091 0.19628378378378378 0.00909090909090909 0.019594594594594596
0 0.6175 0.18986486486486487 0.006818181818181818 0.014864864864864866
0 0.6554545454545454 0.19155405405405404 0.008181818181818182 0.016891891891891893
0 0.6420454545454546 0.20304054054054055 0.010454545454545454 0.020945945945945947
0 0.5709090909090909 0.21283783783783783 0.01090909090909091 0.024324324324324326
0 0.48068181818181815 0.2260135135135135 0.010454545454545454 0.026351351351351353
0 0.3522727272727273 0.2445945945945946 0.015454545454545455 0.031081081081081083
0 0.1675 0.2756756756756757 0.022272727272727274 0.03918918918918919
4 0.7081818181818181 0.1820945945945946 0.007272727272727273 0.015540540540540541
4 0.65 0.18445945945945946 0.005454545454545455 0.013513513513513514
0 0.5747727272727273 0.19054054054054054 0.006818181818181818 0.013513513513513514
0 0.5340909090909091 0.1929054054054054 0.005454545454545455 0.012837837837837839
0 0.47863636363636364 0.19695945945945945 0.005454545454545455 0.012837837837837839
0 0.40295454545454545 0.20270270270270271 0.006818181818181818 0.013513513513513514
4 0.3947727272727273 0.20135135135135135 0.005909090909090909 0.013513513513513514
0 0.32431818181818184 0.2097972972972973 0.006818181818181818 0.01418918918918919
4 0.32022727272727275 0.20675675675675675 0.004090909090909091 0.013513513513513514
0 0.08386363636363636 0.21925675675675677 0.007727272727272728 0.010135135135135136
4 0.08840909090909091 0.21621621621621623 0.006818181818181818 0.012162162162162163
0 0.09704545454545455 0.22162162162162163 0.008636363636363636 0.013513513513513514
0 0.10590909090909091 0.22297297297297297 0.008181818181818182 0.012162162162162163
0 0.10636363636363637 0.2152027027027027 0.007272727272727273 0.007432432432432433
0 0.12590909090909091 0.21993243243243243 0.007272727272727273 0.010135135135135136
4 0.13318181818181818 0.21587837837837837 0.006363636363636364 0.011486486486486487
0 0.1390909090909091 0.21655405405405406 0.007272727272727273 0.011486486486486487
0 0.14863636363636365 0.2168918918918919 0.005454545454545455 0.00945945945945946
0 0.15613636363636363 0.22128378378378377 0.008636363636363636 0.015540540540540541
0 0.15886363636363637 0.21283783783783783 0.005 0.006756756756756757
4 0.16818181818181818 0.2125 0.006363636363636364 0.010135135135135136
4 0.18045454545454545 0.21351351351351353 0.006363636363636364 0.010810810810810811
4 0.1975 0.2141891891891892 0.006818181818181818 0.013513513513513514
4 0.2059090909090909 0.21554054054054053 0.006363636363636364 0.013513513513513514
0 0.22022727272727272 0.21858108108108107 0.008636363636363636 0.015540540540540541
4 0.22204545454545455 0.2114864864864865 0.006818181818181818 0.013513513513513514
4 0.21659090909090908 0.20844594594594595 0.003181818181818182 0.007432432432432433
4 0.2409090909090909 0.21013513513513513 0.005454545454545455 0.010810810810810811
4 0.25181818181818183 0.21216216216216216 0.006363636363636364 0.014864864864864866
4 0.2652272727272727 0.20608108108108109 0.004090909090909091 0.00945945945945946
4 0.295 0.20405405405405405 0.0036363636363636364 0.00945945945945946
0 0.29977272727272725 0.20371621621621622 0.004090909090909091 0.007432432432432433
0 0.33295454545454545 0.20135135135135135 0.004090909090909091 0.008108108108108109
4 0.34386363636363637 0.20135135135135135 0.004090909090909091 0.00945945945945946
0 0.37545454545454543 0.1983108108108108 0.0036363636363636364 0.007432432432432433
4 0.39136363636363636 0.1972972972972973 0.0027272727272727275 0.00945945945945946
0 0.44022727272727274 0.19324324324324324 0.003181818181818182 0.008108108108108109
4 0.4634090909090909 0.19594594594594594 0.005 0.012162162162162163
4 0.4752272727272727 0.19087837837837837 0.003181818181818182 0.008783783783783784
0 0.5054545454545455 0.1885135135135135 0.0036363636363636364 0.006756756756756757
4 0.5179545454545454 0.19256756756756757 0.005 0.013513513513513514
4 0.5443181818181818 0.18614864864864866 0.004090909090909091 0.007432432432432433
0 0.5627272727272727 0.18513513513513513 0.0036363636363636364 0.006756756756756757
4 0.5838636363636364 0.18783783783783783 0.004090909090909091 0.012162162162162163
4 0.5929545454545454 0.18277027027027026 0.003181818181818182 0.007432432432432433
0 0.6079545454545454 0.18175675675675676 0.004090909090909091 0.006756756756756757
4 0.6270454545454546 0.1804054054054054 0.003181818181818182 0.008108108108108109
0 0.6559090909090909 0.1777027027027027 0.0036363636363636364 0.006756756756756757
0 0.69 0.17533783783783785 0.0036363636363636364 0.007432432432432433
4 0.6997727272727273 0.17466216216216215 0.004090909090909091 0.007432432432432433
0 0.7279545454545454 0.17297297297297298 0.003181818181818182 0.006756756756756757
4 0.7343181818181819 0.17297297297297298 0.004090909090909091 0.006756756756756757
4 0.765 0.1837837837837838 0.01090909090909091 0.01756756756756757
4 0.7672727272727272 0.17094594594594595 0.0036363636363636364 0.006756756756756757
1 0.7656818181818181 0.1679054054054054 0.003181818181818182 0.010135135135135136
1 0.7918181818181819 0.1662162162162162 0.004545454545454545 0.012162162162162163
0 0.7888636363636363 0.1679054054054054 0.004090909090909091 0.007432432432432433
4 0.8270454545454545 0.19628378378378378 0.015 0.026351351351351353
4 0.8206818181818182 0.1864864864864865 0.010454545454545454 0.021621621621621623
4 0.8145454545454546 0.16722972972972974 0.004545454545454545 0.007432432432432433
0 0.8225 0.16655405405405405 0.005 0.007432432432432433
4 0.8486363636363636 0.16385135135135134 0.005454545454545455 0.008783783783783784
4 0.8606818181818182 0.16959459459459458 0.007727272727272728 0.013513513513513514
4 0.8834090909090909 0.1652027027027027 0.008636363636363636 0.015540540540540541
4 0.8929545454545454 0.16655405405405405 0.010454545454545454 0.016891891891891893
0 0.9113636363636364 0.15743243243243243 0.008181818181818182 0.00945945945945946
4 0.9222727272727272 0.1608108108108108 0.008181818181818182 0.014864864864864866
4 0.9297727272727273 0.15608108108108107 0.006818181818181818 0.00945945945945946