0 0.8884090909090909 0.45 0.006818181818181818 0.010810810810810811
0 0.7718181818181818 0.4523648648648649 0.005454545454545455 0.010135135135135136
0 0.6756818181818182 0.45337837837837835 0.005 0.00945945945945946
0 0.5911363636363637 0.4543918918918919 0.004090909090909091 0.008783783783783784
0 0.4959090909090909 0.4557432432432432 0.0036363636363636364 0.008783783783783784
0 0.41454545454545455 0.4570945945945946 0.0036363636363636364 0.008783783783783784
0 0.32431818181818184 0.4591216216216216 0.004090909090909091 0.008783783783783784
0 0.23363636363636364 0.46114864864864863 0.004545454545454545 0.007432432432432433
0 0.16727272727272727 0.46283783783783783 0.004545454545454545 0.008108108108108109
0 0.1040909090909091 0.46418918918918917 0.005454545454545455 0.00945945945945946
4 0.12568181818181817 0.4672297297297297 0.006818181818181818 0.011486486486486487
4 0.7927272727272727 0.4554054054054054 0.007272727272727273 0.012162162162162163
4 0.6709090909090909 0.4570945945945946 0.006363636363636364 0.011486486486486487
4 0.47795454545454547 0.4594594594594595 0.005 0.010810810810810811
4 0.38727272727272727 0.46114864864864863 0.005454545454545455 0.010135135135135136
4 0.2827272727272727 0.4631756756756757 0.004545454545454545 0.010135135135135136
4 0.17522727272727273 0.46587837837837837 0.005909090909090909 0.011486486486486487
4 0.19727272727272727 0.5344594594594595 0.02909090909090909 0.04054054054054054
4 0.39204545454545453 0.5493243243243243 0.028636363636363637 0.04864864864864865
4 0.8902272727272728 0.635472972972973 0.060454545454545455 0.09527027027027027