0 0.3040909090909091 0.6287162162162162 0.05 0.07905405405405405
0 0.40636363636363637 0.5300675675675676 0.017272727272727273 0.037162162162162164
0 0.5004545454545455 0.49966216216216214 0.013636363636363636 0.026351351351351353
0 0.32045454545454544 0.47905405405405405 0.007272727272727273 0.013513513513513514
0 0.3845454545454545 0.47094594594594597 0.006363636363636364 0.012162162162162163
0 0.45045454545454544 0.46283783783783783 0.005454545454545455 0.00945945945945946
0 0.18204545454545454 0.49493243243243246 0.010454545454545454 0.015540540540540541
0 0.581590909090909 0.4560810810810811 0.005909090909090909 0.010810810810810811
0 0.5615909090909091 0.4597972972972973 0.005909090909090909 0.011486486486486487
0 0.5463636363636364 0.46756756756756757 0.007272727272727273 0.014864864864864866
0 0.5402272727272728 0.4743243243243243 0.008636363636363636 0.01756756756756757
0 0.5236363636363637 0.4837837837837838 0.01090909090909091 0.02027027027027027
0 0.6077272727272728 0.4506756756756757 0.005454545454545455 0.00945945945945946
4 0.6590909090909091 0.46418918918918917 0.008181818181818182 0.016216216216216217
4 0.6745454545454546 0.45337837837837835 0.006363636363636364 0.012162162162162163
4 0.6865909090909091 0.44966216216216215 0.005 0.011486486486486487
4 0.6886363636363636 0.47297297297297297 0.01090909090909091 0.02027027027027027
4 0.7397727272727272 0.48817567567567566 0.015 0.026351351351351353
4 0.7329545454545454 0.5287162162162162 0.022272727272727274 0.04256756756756757
4 0.8802272727272727 0.6023648648648648 0.056818181818181816 0.0804054054054054
4 0.6625 0.4570945945945946 0.005909090909090909 0.012837837837837839
0 0.07318181818181818 0.4868243243243243 0.005454545454545455 0.008783783783783784
0 0.24136363636363636 0.47094594594594597 0.0036363636363636364 0.006756756756756757
0 0.5013636363636363 0.4574324324324324 0.004545454545454545 0.00945945945945946
0 0.5313636363636364 0.4537162162162162 0.0036363636363636364 0.008783783783783784
0 0.5670454545454545 0.4510135135135135 0.004090909090909091 0.007432432432432433
0 0.5990909090909091 0.45337837837837835 0.004545454545454545 0.00945945945945946
0 0.5981818181818181 0.4489864864864865 0.0036363636363636364 0.007432432432432433
4 0.7588636363636364 0.43716216216216214 0.004090909090909091 0.008108108108108109
4 0.7165909090909091 0.43885135135135134 0.004090909090909091 0.008783783783783784
4 0.6815909090909091 0.4466216216216216 0.005 0.00945945945945946
4 0.6252272727272727 0.44425675675675674 0.0022727272727272726 0.007432432432432433
4 0.6220454545454546 0.44222972972972974 0.003181818181818182 0.007432432432432433
4 0.5836363636363636 0.4472972972972973 0.0036363636363636364 0.008108108108108109
4 0.5325 0.4506756756756757 0.003181818181818182 0.008108108108108109
4 0.48068181818181815 0.4557432432432432 0.003181818181818182 0.007432432432432433
4 0.44363636363636366 0.4597972972972973 0.004545454545454545 0.010135135135135136
4 0.3870454545454545 0.46621621621621623 0.005 0.010810810810810811
4 0.31386363636363634 0.4756756756756757 0.005909090909090909 0.012162162162162163
4 0.26840909090909093 0.46925675675675677 0.004090909090909091 0.007432432432432433
4 0.2056818181818182 0.4875 0.007727272727272728 0.01418918918918919
4 0.09613636363636363 0.49763513513513513 0.012272727272727272 0.015540540540540541
4 0.09909090909090909 0.4858108108108108 0.005454545454545455 0.010810810810810811