0 0.8759090909090909 0.4462837837837838 0.004545454545454545 0.008783783783783784
0 0.8061363636363637 0.4469594594594595 0.004090909090909091 0.007432432432432433
0 0.7597727272727273 0.4483108108108108 0.003181818181818182 0.007432432432432433
0 0.7252272727272727 0.44966216216216215 0.004090909090909091 0.007432432432432433
0 0.7 0.4506756756756757 0.0036363636363636364 0.008108108108108109
0 0.7029545454545455 0.4557432432432432 0.005 0.008783783783783784
0 0.6918181818181818 0.4527027027027027 0.004545454545454545 0.00945945945945946
0 0.711590909090909 0.4597972972972973 0.005909090909090909 0.015540540540540541
0 0.6572727272727272 0.4625 0.006363636363636364 0.012837837837837839
0 0.581590909090909 0.4635135135135135 0.004090909090909091 0.012162162162162163
0 0.5138636363636364 0.4648648648648649 0.005909090909090909 0.012162162162162163
0 0.4643181818181818 0.4648648648648649 0.005909090909090909 0.010810810810810811
0 0.44681818181818184 0.4635135135135135 0.005454545454545455 0.010810810810810811
0 0.17204545454545456 0.6246621621621622 0.057727272727272724 0.07905405405405405
4 0.9045454545454545 0.44797297297297295 0.006363636363636364 0.00945945945945946
4 0.845 0.44763513513513514 0.006363636363636364 0.010135135135135136
4 0.8461363636363637 0.4625 0.007727272727272728 0.015540540540540541
4 0.8259090909090909 0.4581081081081081 0.007272727272727273 0.014864864864864866
4 0.8097727272727273 0.46790540540540543 0.008636363636363636 0.018243243243243244
4 0.793409090909091 0.4489864864864865 0.004090909090909091 0.008783783783783784
4 0.7904545454545454 0.45506756756756755 0.006363636363636364 0.011486486486486487
4 0.764090909090909 0.45 0.0027272727272727275 0.008108108108108109
4 0.7681818181818182 0.4523648648648649 0.005454545454545455 0.010135135135135136
4 0.7165909090909091 0.47128378378378377 0.008636363636363636 0.016891891891891893
4 0.6661363636363636 0.5368243243243244 0.023181818181818182 0.04527027027027027
4 0.5840909090909091 0.47195945945945944 0.007272727272727273 0.01418918918918919
4 0.4788636363636364 0.4726351351351351 0.007727272727272728 0.015540540540540541
4 0.4640909090909091 0.5074324324324324 0.014545454545454545 0.02972972972972973
4 0.3038636363636364 0.5128378378378379 0.015909090909090907 0.02972972972972973
4 0.07022727272727272 0.5300675675675676 0.013181818181818182 0.03175675675675676
4 0.4009090909090909 0.4726351351351351 0.006363636363636364 0.012837837837837839
4 0.38772727272727275 0.46418918918918917 0.004545454545454545 0.008108108108108109
4 0.3718181818181818 0.46655405405405403 0.004545454545454545 0.010135135135135136
4 0.3663636363636364 0.46959459459459457 0.005454545454545455 0.010810810810810811
4 0.07340909090909091 0.48277027027027025 0.007727272727272728 0.011486486486486487
4 0.39545454545454545 0.4608108108108108 0.0036363636363636364 0.008108108108108109
4 0.9027272727272727 0.639527027027027 0.06363636363636363 0.09662162162162162
0 0.4381818181818182 0.4574324324324324 0.0036363636363636364 0.006756756756756757
0 0.4138636363636364 0.45675675675675675 0.003181818181818182 0.008108108108108109
0 0.3890909090909091 0.4581081081081081 0.0027272727272727275 0.005405405405405406
0 0.3629545454545455 0.45878378378378376 0.003181818181818182 0.006756756756756757
4 0.3759090909090909 0.4608108108108108 0.0036363636363636364 0.008108108108108109
4 0.3525 0.46013513513513515 0.003181818181818182 0.008108108108108109
4 0.3165909090909091 0.4614864864864865 0.003181818181818182 0.00945945945945946
4 0.28 0.4648648648648649 0.0036363636363636364 0.008108108108108109
0 0.32545454545454544 0.46047297297297296 0.0027272727272727275 0.006081081081081081
0 0.28295454545454546 0.46385135135135136 0.003181818181818182 0.006081081081081081
0 0.24522727272727274 0.46655405405405403 0.004090909090909091 0.007432432432432433
0 0.1943181818181818 0.47094594594594597 0.004090909090909091 0.008108108108108109
4 0.23795454545454545 0.4685810810810811 0.004090909090909091 0.007432432432432433
4 0.17954545454545454 0.47364864864864864 0.005454545454545455 0.00945945945945946
0 0.12727272727272726 0.4756756756756757 0.0036363636363636364 0.00945945945945946