4 0.6618181818181819 0.5398648648648648 0.024545454545454544 0.0445945945945946
4 0.6231818181818182 0.4983108108108108 0.014545454545454545 0.029054054054054056
4 0.6031818181818182 0.4793918918918919 0.01090909090909091 0.019594594594594596
4 0.6102272727272727 0.46756756756756757 0.006818181818181818 0.014864864864864866
4 0.6268181818181818 0.46047297297297296 0.005454545454545455 0.01418918918918919
4 0.6706818181818182 0.45675675675675675 0.005909090909090909 0.010810810810810811
0 0.34863636363636363 0.5513513513513514 0.02181818181818182 0.0445945945945946
0 0.4122727272727273 0.5047297297297297 0.014545454545454545 0.025675675675675677
0 0.46090909090909093 0.48243243243243245 0.00909090909090909 0.01756756756756757
0 0.5070454545454546 0.46925675675675677 0.007727272727272728 0.01418918918918919
0 0.5422727272727272 0.4618243243243243 0.006363636363636364 0.011486486486486487
0 0.5909090909090909 0.4554054054054054 0.005454545454545455 0.010810810810810811
1 0.21818181818181817 0.629054054054054 0.07 0.13918918918918918
1 0.7756818181818181 0.6037162162162162 0.07045454545454545 0.13716216216216215
0 0.6538636363636363 0.45135135135135135 0.005909090909090909 0.010810810810810811
4 0.7438636363636364 0.4523648648648649 0.006818181818181818 0.011486486486486487
4 0.8079545454545455 0.4486486486486487 0.005909090909090909 0.013513513513513514
4 0.8879545454545454 0.4466216216216216 0.007727272727272728 0.014864864864864866
0 0.8675 0.44256756756756754 0.006818181818181818 0.012162162162162163
0 0.7809090909090909 0.4466216216216216 0.004545454545454545 0.00945945945945946
0 0.7186363636363636 0.4486486486486487 0.004545454545454545 0.010810810810810811