4 0.24659090909090908 0.4341216216216216 0.053181818181818184 0.11013513513513513
4 0.7918181818181819 0.16756756756756758 0.00909090909090909 0.016216216216216217
4 0.6236363636363637 0.17195945945945945 0.008181818181818182 0.01418918918918919
4 0.5652272727272727 0.17331081081081082 0.007727272727272728 0.012837837837837839
4 0.42068181818181816 0.17567567567567569 0.005909090909090909 0.010810810810810811
4 0.49727272727272726 0.17364864864864865 0.005454545454545455 0.012162162162162163
0 0.7854545454545454 0.16317567567567567 0.005454545454545455 0.012837837837837839
0 0.6802272727272727 0.16655405405405405 0.005909090909090909 0.011486486486486487
0 0.6025 0.1679054054054054 0.005909090909090909 0.011486486486486487
0 0.5243181818181818 0.17027027027027028 0.005 0.00945945945945946
0 0.45386363636363636 0.17162162162162162 0.004090909090909091 0.00945945945945946
0 0.4018181818181818 0.17364864864864865 0.004545454545454545 0.00945945945945946
4 0.3502272727272727 0.1783783783783784 0.005909090909090909 0.010810810810810811
4 0.3181818181818182 0.17905405405405406 0.004545454545454545 0.00945945945945946
4 0.31477272727272726 0.1777027027027027 0.003181818181818182 0.00945945945945946
0 0.8818181818181818 0.1581081081081081 0.01 0.01756756756756757
4 0.9059090909090909 0.16114864864864864 0.012727272727272728 0.020945945945945947
0 0.38636363636363635 0.17331081081081082 0.0036363636363636364 0.008783783783783784
0 0.3884090909090909 0.17195945945945945 0.003181818181818182 0.008783783783783784
0 0.3845454545454545 0.17094594594594595 0.0027272727272727275 0.008108108108108109
0 0.37227272727272726 0.17027027027027028 0.0036363636363636364 0.008108108108108109
0 0.3347727272727273 0.17162162162162162 0.004090909090909091 0.008108108108108109
4 0.32477272727272727 0.17601351351351352 0.004090909090909091 0.010135135135135136
4 0.3265909090909091 0.17432432432432432 0.004090909090909091 0.00945945945945946
4 0.2963636363636364 0.17601351351351352 0.0036363636363636364 0.008783783783783784
0 0.29318181818181815 0.17398648648648649 0.0027272727272727275 0.008783783783783784
4 0.2590909090909091 0.17736486486486486 0.004545454545454545 0.010135135135135136
0 0.24704545454545454 0.17702702702702702 0.005 0.008108108108108109
0 0.19568181818181818 0.18006756756756756 0.005909090909090909 0.008783783783783784
4 0.17477272727272727 0.18243243243243243 0.006818181818181818 0.010810810810810811
4 0.15568181818181817 0.18513513513513513 0.006818181818181818 0.010810810810810811
0 0.14954545454545454 0.18277027027027026 0.005454545454545455 0.008783783783783784
0 0.11363636363636363 0.18547297297297297 0.007272727272727273 0.008783783783783784
4 0.10363636363636364 0.18952702702702703 0.00909090909090909 0.012837837837837839
0 0.08681818181818182 0.1875 0.008181818181818182 0.010135135135135136