0 0.7468181818181818 0.3777027027027027 0.04909090909090909 0.09864864864864865
0 0.8518181818181818 0.27702702702702703 0.03272727272727273 0.05810810810810811
0 0.855 0.2277027027027027 0.023636363636363636 0.03783783783783784
0 0.875 0.20506756756756755 0.017272727272727273 0.029054054054054056
0 0.9156818181818182 0.19256756756756757 0.015909090909090907 0.024324324324324326
1 0.8052272727272727 0.17736486486486486 0.017727272727272727 0.03581081081081081
1 0.7284090909090909 0.16452702702702704 0.008636363636363636 0.029054054054054056
0 0.7195454545454546 0.1847972972972973 0.011818181818181818 0.0222972972972973
4 0.7820454545454546 0.17027027027027028 0.009545454545454546 0.01756756756756757
0 0.5931818181818181 0.18277027027027026 0.011818181818181818 0.02364864864864865
4 0.6381818181818182 0.16891891891891891 0.00909090909090909 0.01756756756756757
4 0.54 0.16452702702702704 0.008181818181818182 0.016891891891891893
4 0.4659090909090909 0.1570945945945946 0.008181818181818182 0.016891891891891893
0 0.45636363636363636 0.17263513513513515 0.01 0.0222972972972973
0 0.38477272727272727 0.16385135135135134 0.008636363636363636 0.020945945945945947
4 0.39590909090909093 0.15135135135135136 0.007272727272727273 0.01756756756756757
4 0.3015909090909091 0.14493243243243242 0.005909090909090909 0.018243243243243244
0 0.2790909090909091 0.15337837837837837 0.008181818181818182 0.01891891891891892
0 0.15204545454545454 0.14831081081081082 0.010454545454545454 0.0222972972972973
4 0.1765909090909091 0.14020270270270271 0.007727272727272728 0.018243243243243244
4 0.9197727272727273 0.17128378378378378 0.012272727272727272 0.016891891891891893
0 0.9297727272727273 0.18243243243243243 0.013181818181818182 0.021621621621621623
4 0.9077272727272727 0.12195945945945946 0.005454545454545455 0.01418918918918919
4 0.9152272727272728 0.12027027027027028 0.005909090909090909 0.013513513513513514
4 0.9197727272727273 0.11824324324324324 0.003181818181818182 0.014864864864864866