4 0.7715909090909091 0.6266891891891891 0.10045454545454545 0.20743243243243242
4 0.12181818181818181 0.4672297297297297 0.0809090909090909 0.12364864864864865
4 0.8086363636363636 0.18445945945945946 0.012727272727272728 0.024324324324324326
4 0.6593181818181818 0.1837837837837838 0.010454545454545454 0.02027027027027027
4 0.5802272727272727 0.18344594594594596 0.007727272727272728 0.016891891891891893
4 0.49318181818181817 0.1831081081081081 0.007272727272727273 0.014864864864864866
4 0.4354545454545454 0.1831081081081081 0.006363636363636364 0.013513513513513514
0 0.5063636363636363 0.17635135135135135 0.006363636363636364 0.012162162162162163
0 0.44272727272727275 0.17736486486486486 0.005454545454545455 0.010135135135135136
0 0.5745454545454546 0.175 0.006363636363636364 0.013513513513513514
0 0.6697727272727273 0.17466216216216215 0.007727272727272728 0.015540540540540541
0 0.7772727272727272 0.17398648648648649 0.00909090909090909 0.018243243243243244
4 0.3743181818181818 0.1837837837837838 0.005909090909090909 0.012162162162162163
0 0.3870454545454545 0.17905405405405406 0.004090909090909091 0.00945945945945946
0 0.3488636363636364 0.18006756756756756 0.004090909090909091 0.008783783783783784
4 0.3190909090909091 0.1847972972972973 0.004545454545454545 0.011486486486486487
0 0.9225 0.16993243243243245 0.015909090909090907 0.025
0 0.31 0.18141891891891893 0.004545454545454545 0.010135135135135136
4 0.2959090909090909 0.18547297297297297 0.005454545454545455 0.011486486486486487
0 0.2725 0.18344594594594596 0.005 0.008783783783783784
4 0.24772727272727274 0.1875 0.005454545454545455 0.011486486486486487
0 0.23045454545454547 0.18682432432432433 0.005454545454545455 0.010135135135135136
4 0.18659090909090909 0.1918918918918919 0.006818181818181818 0.012162162162162163
0 0.1643181818181818 0.1912162162162162 0.005909090909090909 0.010810810810810811
4 0.1315909090909091 0.19594594594594594 0.007727272727272728 0.012162162162162163
0 0.09659090909090909 0.19527027027027027 0.008636363636363636 0.012162162162162163
4 0.085 0.19898648648648648 0.00909090909090909 0.01418918918918919