4 0.1434090909090909 0.5878378378378378 0.11318181818181818 0.17702702702702702
4 0.7720454545454546 0.16756756756756758 0.007727272727272728 0.016216216216216217
4 0.6886363636363636 0.17060810810810811 0.008181818181818182 0.015540540540540541
0 0.8063636363636364 0.16216216216216217 0.006363636363636364 0.013513513513513514
0 0.7018181818181818 0.16689189189189188 0.005454545454545455 0.012162162162162163
4 0.5909090909090909 0.17331081081081082 0.006363636363636364 0.01418918918918919
0 0.5952272727272727 0.16959459459459458 0.005 0.012162162162162163
0 0.4968181818181818 0.17297297297297298 0.004545454545454545 0.010810810810810811
4 0.4793181818181818 0.1766891891891892 0.006818181818181818 0.012837837837837839
0 0.4213636363636364 0.1766891891891892 0.004545454545454545 0.010135135135135136
0 0.39295454545454545 0.17702702702702702 0.004090909090909091 0.00945945945945946
0 0.38522727272727275 0.17601351351351352 0.004090909090909091 0.008783783783783784
4 0.375 0.18277027027027026 0.006363636363636364 0.011486486486486487
4 0.3265909090909091 0.18412162162162163 0.005 0.011486486486486487
0 0.37363636363636366 0.17533783783783785 0.004545454545454545 0.008783783783783784
0 0.3497727272727273 0.17533783783783785 0.004090909090909091 0.007432432432432433
4 0.31386363636363634 0.18175675675675676 0.005 0.010810810810810811
4 0.2634090909090909 0.18175675675675676 0.005 0.010810810810810811
0 0.2506818181818182 0.18141891891891893 0.005 0.008783783783783784
0 0.1940909090909091 0.18513513513513513 0.005454545454545455 0.008108108108108109
4 0.16454545454545455 0.1875 0.007272727272727273 0.011486486486486487
0 0.13272727272727272 0.18817567567567567 0.007272727272727273 0.008783783783783784
4 0.12 0.19054054054054054 0.008181818181818182 0.012162162162162163
4 0.10272727272727272 0.19256756756756757 0.008181818181818182 0.012162162162162163