4 0.7879545454545455 0.5050675675675675 0.023181818181818182 0.03310810810810811
4 0.6409090909090909 0.49155405405405406 0.01090909090909091 0.020945945945945947
4 0.8388636363636364 0.4608108108108108 0.009545454545454546 0.014864864864864866
4 0.7656818181818181 0.45844594594594595 0.006818181818181818 0.012837837837837839
0 0.34136363636363637 0.6408783783783784 0.05272727272727273 0.0831081081081081
0 0.41818181818181815 0.4956081081081081 0.01090909090909091 0.02364864864864865
0 0.37272727272727274 0.4834459459459459 0.008181818181818182 0.018243243243243244
0 0.37636363636363634 0.47466216216216217 0.005454545454545455 0.01418918918918919
0 0.4036363636363636 0.4672297297297297 0.006363636363636364 0.011486486486486487
0 0.8902272727272728 0.4540540540540541 0.007727272727272728 0.012162162162162163
0 0.7447727272727273 0.4527027027027027 0.005 0.00945945945945946
0 0.8111363636363637 0.45337837837837835 0.006818181818181818 0.010810810810810811
0 0.4643181818181818 0.4618243243243243 0.005 0.010135135135135136
0 0.6672727272727272 0.4527027027027027 0.004545454545454545 0.010810810810810811
4 0.6763636363636364 0.4574324324324324 0.005454545454545455 0.010810810810810811
4 0.5404545454545454 0.4810810810810811 0.01 0.01891891891891892
4 0.6036363636363636 0.4608108108108108 0.007272727272727273 0.012162162162162163