4 0.6761363636363636 0.3915540540540541 0.0659090909090909 0.11013513513513513
4 0.6663636363636364 0.22297297297297297 0.02 0.03783783783783784
4 0.4131818181818182 0.23378378378378378 0.01818181818181818 0.03513513513513514
4 0.21295454545454545 0.2391891891891892 0.015 0.032432432432432434
4 0.10522727272727272 0.22972972972972974 0.015 0.025675675675675677
4 0.13954545454545456 0.2125 0.01 0.019594594594594596
4 0.15045454545454545 0.20641891891891892 0.008181818181818182 0.016891891891891893
4 0.11136363636363636 0.2222972972972973 0.012727272727272728 0.021621621621621623
4 0.8604545454545455 0.1662162162162162 0.00909090909090909 0.01756756756756757
4 0.8815909090909091 0.16858108108108108 0.009545454545454546 0.019594594594594596
0 0.2381818181818182 0.19628378378378378 0.008181818181818182 0.015540540540540541
0 0.26045454545454544 0.19797297297297298 0.008181818181818182 0.016216216216216217
0 0.26931818181818185 0.20168918918918918 0.007727272727272728 0.016891891891891893
0 0.2784090909090909 0.20540540540540542 0.009545454545454546 0.01891891891891892
0 0.28795454545454546 0.21047297297297296 0.010454545454545454 0.0222972972972973
0 0.3368181818181818 0.21351351351351353 0.011818181818181818 0.024324324324324326
0 0.455 0.21047297297297296 0.011818181818181818 0.025
0 0.6038636363636364 0.20270270270270271 0.012272727272727272 0.02702702702702703
0 0.7538636363636364 0.19695945945945945 0.013181818181818182 0.026351351351351353
0 0.8497727272727272 0.19087837837837837 0.013181818181818182 0.025
0 0.8240909090909091 0.1847972972972973 0.011818181818181818 0.0222972972972973
0 0.7838636363636363 0.17905405405405406 0.009545454545454546 0.01891891891891892
0 0.7795454545454545 0.16722972972972974 0.006363636363636364 0.01418918918918919
0 0.7465909090909091 0.17567567567567569 0.007727272727272728 0.016216216216216217
4 0.08113636363636363 0.4726351351351351 0.035 0.06959459459459459
0 0.7445454545454545 0.17094594594594595 0.005454545454545455 0.014864864864864866
0 0.8304545454545454 0.1625 0.008181818181818182 0.01418918918918919
4 0.8997727272727273 0.16148648648648647 0.010454545454545454 0.016216216216216217
0 0.9052272727272728 0.15608108108108107 0.005909090909090909 0.012162162162162163
0 0.1809090909090909 0.19695945945945945 0.008181818181818182 0.01418918918918919
0 0.12136363636363637 0.1983108108108108 0.008181818181818182 0.011486486486486487
4 0.09772727272727273 0.20405405405405405 0.01 0.016216216216216217