0 0.26931818181818185 0.5408783783783784 0.023181818181818182 0.037162162162162164
0 0.22568181818181818 0.514527027027027 0.014090909090909091 0.025
0 0.24954545454545454 0.4972972972972973 0.01 0.01756756756756757
0 0.30022727272727273 0.4831081081081081 0.005909090909090909 0.013513513513513514
0 0.8529545454545454 0.4557432432432432 0.007727272727272728 0.012837837837837839
0 0.77 0.4557432432432432 0.006363636363636364 0.011486486486486487
0 0.6988636363636364 0.4560810810810811 0.005909090909090909 0.010810810810810811
0 0.6156818181818182 0.4581081081081081 0.005 0.00945945945945946
4 0.860909090909091 0.552027027027027 0.04181818181818182 0.052702702702702706
4 0.8113636363636364 0.4648648648648649 0.01090909090909091 0.016216216216216217
4 0.7277272727272728 0.4635135135135135 0.007272727272727273 0.013513513513513514
4 0.6090909090909091 0.5192567567567568 0.02090909090909091 0.03445945945945946
4 0.6288636363636364 0.46216216216216216 0.006818181818181818 0.012162162162162163
4 0.46795454545454546 0.5010135135135135 0.010454545454545454 0.0222972972972973
4 0.5475 0.46756756756756757 0.006818181818181818 0.013513513513513514
4 0.47659090909090907 0.47297297297297297 0.005 0.013513513513513514
0 0.3820454545454545 0.4739864864864865 0.006818181818181818 0.012837837837837839
0 0.4590909090909091 0.46621621621621623 0.0036363636363636364 0.010810810810810811
0 0.5322727272727272 0.4614864864864865 0.004545454545454545 0.010810810810810811