4 0.2409090909090909 0.46283783783783783 0.06909090909090909 0.12162162162162163
4 0.21704545454545454 0.20405405405405405 0.009545454545454546 0.01891891891891892
4 0.35795454545454547 0.1891891891891892 0.007727272727272728 0.014864864864864866
4 0.4425 0.1804054054054054 0.006818181818181818 0.014864864864864866
4 0.8856818181818182 0.20405405405405405 0.020454545454545454 0.03648648648648649
4 0.7288636363636364 0.1831081081081081 0.011363636363636364 0.022972972972972974
4 0.7388636363636364 0.1912162162162162 0.012272727272727272 0.024324324324324326
4 0.6865909090909091 0.16689189189189188 0.006818181818181818 0.014864864864864866
4 0.6345454545454545 0.1662162162162162 0.006363636363636364 0.013513513513513514
4 0.5672727272727273 0.16959459459459458 0.006363636363636364 0.013513513513513514
0 0.1615909090909091 0.20304054054054055 0.007727272727272728 0.015540540540540541
0 0.285 0.19087837837837837 0.007272727272727273 0.01418918918918919
0 0.3740909090909091 0.18243243243243243 0.006363636363636364 0.012162162162162163
0 0.4475 0.17533783783783785 0.005909090909090909 0.011486486486486487
0 0.5777272727272728 0.16554054054054054 0.005454545454545455 0.012162162162162163
0 0.6465909090909091 0.16283783783783784 0.005 0.012162162162162163
0 0.6984090909090909 0.16114864864864864 0.005909090909090909 0.012837837837837839
0 0.7561363636363636 0.16047297297297297 0.006818181818181818 0.01418918918918919
0 0.8213636363636364 0.1608108108108108 0.007272727272727273 0.014864864864864866
0 0.8552272727272727 0.16283783783783784 0.008636363636363636 0.016216216216216217
0 0.8754545454545455 0.1662162162162162 0.00909090909090909 0.01756756756756757
0 0.8988636363636363 0.16993243243243245 0.010454545454545454 0.020945945945945947
0 0.9256818181818182 0.17466216216216215 0.014090909090909091 0.025
4 0.5063636363636363 0.17398648648648649 0.006363636363636364 0.012837837837837839
4 0.7397727272727272 0.17331081081081082 0.009545454545454546 0.020945945945945947
4 0.7395454545454545 0.16891891891891891 0.00909090909090909 0.01756756756756757
0 0.5038636363636364 0.17094594594594595 0.004090909090909091 0.012162162162162163