4 0.09727272727272727 0.1662162162162162 0.01090909090909091 0.01756756756756757
4 0.7154545454545455 0.22635135135135134 0.013636363636363636 0.02702702702702703
4 0.8854545454545455 0.26216216216216215 0.02727272727272727 0.043243243243243246
0 0.6777272727272727 0.3327702702702703 0.03909090909090909 0.07094594594594594
0 0.5902272727272727 0.2483108108108108 0.021363636363636362 0.03986486486486487
0 0.47454545454545455 0.21993243243243243 0.014545454545454545 0.030405405405405407
0 0.39340909090909093 0.20033783783783785 0.011363636363636364 0.02364864864864865
0 0.3522727272727273 0.18885135135135134 0.01 0.019594594594594596
0 0.3029545454545455 0.18074324324324326 0.008636363636363636 0.016891891891891893
0 0.18704545454545454 0.17567567567567569 0.011363636363636364 0.01891891891891892
0 0.06818181818181818 0.17331081081081082 0.00909090909090909 0.018243243243243244
4 0.5931818181818181 0.20506756756756755 0.01 0.026351351351351353
4 0.49863636363636366 0.1939189189189189 0.00909090909090909 0.02027027027027027
4 0.4365909090909091 0.18547297297297297 0.007727272727272728 0.019594594594594596
4 0.37545454545454543 0.17804054054054055 0.007272727272727273 0.016891891891891893
4 0.29659090909090907 0.17229729729729729 0.005909090909090909 0.016216216216216217
4 0.22068181818181817 0.16993243243243245 0.008636363636363636 0.018243243243243244