0 0.32 0.5976351351351351 0.04181818181818182 0.06689189189189189
0 0.43022727272727274 0.5060810810810811 0.015 0.02837837837837838
0 0.4565909090909091 0.4834459459459459 0.009545454545454546 0.019594594594594596
0 0.4715909090909091 0.46993243243243243 0.006818181818181818 0.01418918918918919
0 0.47863636363636364 0.46452702702702703 0.006363636363636364 0.011486486486486487
0 0.485 0.4594594594594595 0.005454545454545455 0.00945945945945946
0 0.8693181818181818 0.4489864864864865 0.004090909090909091 0.007432432432432433
0 0.9256818181818182 0.44966216216216215 0.005 0.007432432432432433
4 0.6822727272727273 0.5432432432432432 0.026363636363636363 0.043243243243243246
4 0.6102272727272727 0.4983108108108108 0.012272727272727272 0.025
4 0.5879545454545455 0.4834459459459459 0.009545454545454546 0.019594594594594596
4 0.5727272727272728 0.47364864864864864 0.008181818181818182 0.014864864864864866
4 0.5609090909090909 0.46655405405405403 0.005454545454545455 0.012837837837837839
4 0.553409090909091 0.4618243243243243 0.004090909090909091 0.010135135135135136
4 0.7961363636363636 0.44932432432432434 0.004090909090909091 0.006756756756756757
4 0.8406818181818182 0.4503378378378378 0.004090909090909091 0.007432432432432433
4 0.8815909090909091 0.45135135135135135 0.004090909090909091 0.008108108108108109
4 0.5497727272727273 0.45878378378378376 0.003181818181818182 0.008108108108108109
1 0.5481818181818182 0.45337837837837835 0.0036363636363636364 0.012162162162162163
1 0.4913636363636364 0.4537162162162162 0.005454545454545455 0.01418918918918919
0 0.49727272727272726 0.45304054054054055 0.0036363636363636364 0.007432432432432433
0 0.49363636363636365 0.45506756756756755 0.0027272727272727275 0.008783783783783784
0 0.5068181818181818 0.45135135135135135 0.0027272727272727275 0.006756756756756757
0 0.5231818181818182 0.44966216216216215 0.0027272727272727275 0.006081081081081081
0 0.5395454545454546 0.4483108108108108 0.0027272727272727275 0.006081081081081081
0 0.5643181818181818 0.4472972972972973 0.0022727272727272726 0.005405405405405406
0 0.6295454545454545 0.4469594594594595 0.0018181818181818182 0.00472972972972973
0 0.6981818181818182 0.4466216216216216 0.0027272727272727275 0.005405405405405406
0 0.74 0.4472972972972973 0.0027272727272727275 0.005405405405405406
0 0.7775 0.4469594594594595 0.003181818181818182 0.007432432432432433
0 0.825 0.44797297297297295 0.0036363636363636364 0.006756756756756757
4 0.7497727272727273 0.4489864864864865 0.003181818181818182 0.006081081081081081
4 0.7206818181818182 0.44797297297297295 0.003181818181818182 0.006756756756756757
4 0.6911363636363637 0.44797297297297295 0.003181818181818182 0.006756756756756757
4 0.6604545454545454 0.44763513513513514 0.0027272727272727275 0.007432432432432433
4 0.6309090909090909 0.44797297297297295 0.0027272727272727275 0.006756756756756757
4 0.5965909090909091 0.44763513513513514 0.003181818181818182 0.006081081081081081
4 0.5743181818181818 0.4483108108108108 0.003181818181818182 0.007432432432432433
4 0.5622727272727273 0.45 0.0027272727272727275 0.005405405405405406
4 0.5538636363636363 0.4510135135135135 0.0022727272727272726 0.007432432432432433
4 0.5513636363636364 0.4527027027027027 0.0027272727272727275 0.008108108108108109
4 0.3693181818181818 0.4337837837837838 0.004090909090909091 0.008108108108108109