4 0.9265909090909091 0.47128378378378377 0.011363636363636364 0.018243243243243244
0 0.8590909090909091 0.4631756756756757 0.007272727272727273 0.012837837837837839
0 0.775 0.4635135135135135 0.007272727272727273 0.013513513513513514
0 0.6893181818181818 0.4652027027027027 0.006818181818181818 0.012837837837837839
0 0.6061363636363636 0.4685810810810811 0.006818181818181818 0.01418918918918919
0 0.5402272727272728 0.47736486486486485 0.007727272727272728 0.016891891891891893
0 0.4834090909090909 0.49324324324324326 0.012272727272727272 0.022972972972972974
0 0.38022727272727275 0.5344594594594595 0.021363636363636362 0.03918918918918919
4 0.8329545454545455 0.47162162162162163 0.009545454545454546 0.01756756756756757
4 0.7302272727272727 0.47533783783783784 0.009545454545454546 0.018243243243243244
4 0.6731818181818182 0.48277027027027025 0.01 0.020945945945945947
4 0.6645454545454546 0.49966216216216214 0.012727272727272728 0.027702702702702704
4 0.6975 0.5452702702702703 0.022272727272727274 0.04594594594594595