4 0.30977272727272726 0.3439189189189189 0.019545454545454546 0.03513513513513514
4 0.5165909090909091 0.32432432432432434 0.015 0.02837837837837838
4 0.6318181818181818 0.314527027027027 0.012727272727272728 0.026351351351351353
4 0.7340909090909091 0.30405405405405406 0.013636363636363636 0.022972972972972974
4 0.8104545454545454 0.2881756756756757 0.00909090909090909 0.019594594594594596
4 0.8145454545454546 0.29493243243243245 0.012727272727272728 0.0222972972972973
4 0.7931818181818182 0.2827702702702703 0.00909090909090909 0.01418918918918919
4 0.8409090909090909 0.2652027027027027 0.006363636363636364 0.008783783783783784
4 0.7936363636363636 0.27702702702702703 0.008181818181818182 0.012162162162162163
4 0.7943181818181818 0.2689189189189189 0.005909090909090909 0.00945945945945946
4 0.7822727272727272 0.2719594594594595 0.007272727272727273 0.011486486486486487
4 0.9127272727272727 0.2614864864864865 0.006363636363636364 0.010810810810810811
0 0.9052272727272728 0.2733108108108108 0.009545454545454546 0.015540540540540541
0 0.8877272727272727 0.2699324324324324 0.008181818181818182 0.01418918918918919
0 0.894090909090909 0.26587837837837835 0.006363636363636364 0.011486486486486487
0 0.4577272727272727 0.37263513513513513 0.026363636363636363 0.046621621621621624
0 0.6377272727272727 0.3527027027027027 0.024545454545454544 0.041891891891891894
0 0.7986363636363636 0.33716216216216216 0.026363636363636363 0.03783783783783784
0 0.9215909090909091 0.4212837837837838 0.028636363636363637 0.04932432432432433
0 0.5270454545454546 0.5385135135135135 0.06136363636363636 0.11891891891891893