0 0.4918181818181818 0.4868243243243243 0.08636363636363636 0.16013513513513514
0 0.7236363636363636 0.2706081081081081 0.038181818181818185 0.06418918918918919
0 0.6502272727272728 0.20236486486486485 0.020454545454545454 0.04121621621621622
0 0.610909090909091 0.16824324324324325 0.013636363636363636 0.02702702702702703
0 0.5970454545454545 0.15236486486486486 0.012272727272727272 0.0222972972972973
0 0.5681818181818182 0.14087837837837838 0.00909090909090909 0.018243243243243244
0 0.47363636363636363 0.13074324324324324 0.007272727272727273 0.016891891891891893
0 0.39454545454545453 0.12398648648648648 0.008181818181818182 0.016891891891891893
0 0.3065909090909091 0.11722972972972973 0.007727272727272728 0.016891891891891893
0 0.2190909090909091 0.1097972972972973 0.00909090909090909 0.015540540540540541
4 0.5188636363636364 0.1277027027027027 0.008636363636363636 0.016216216216216217
4 0.4293181818181818 0.12128378378378378 0.005909090909090909 0.01418918918918919
4 0.36886363636363634 0.11756756756756757 0.006818181818181818 0.013513513513513514
4 0.7761363636363636 0.17364864864864865 0.013181818181818182 0.02702702702702703
4 0.7125 0.15506756756756757 0.010454545454545454 0.02364864864864865
4 0.9015909090909091 0.20675675675675675 0.021363636363636362 0.03783783783783784
0 0.1225 0.11722972972972973 0.011363636363636364 0.0222972972972973
0 0.1075 0.10675675675675676 0.011363636363636364 0.01891891891891892
4 0.255 0.10540540540540541 0.006363636363636364 0.013513513513513514
4 0.23681818181818182 0.10101351351351351 0.006363636363636364 0.012837837837837839
4 0.2959090909090909 0.1097972972972973 0.006363636363636364 0.01418918918918919
0 0.15113636363636362 0.10168918918918919 0.008636363636363636 0.01418918918918919
4 0.6554545454545454 0.14222972972972972 0.00909090909090909 0.019594594594594596
4 0.5820454545454545 0.13513513513513514 0.006818181818181818 0.01756756756756757
4 0.21818181818181817 0.09864864864864865 0.006363636363636364 0.008108108108108109
0 0.14022727272727273 0.09864864864864865 0.007727272727272728 0.008108108108108109
1 0.0959090909090909 0.10202702702702703 0.012727272727272728 0.014864864864864866
4 0.20954545454545453 0.0972972972972973 0.006363636363636364 0.005405405405405406
0 0.0825 0.0972972972972973 0.009545454545454546 0.005405405405405406