0 0.11 0.6925675675675675 0.08272727272727273 0.11756756756756757
0 0.5213636363636364 0.5442567567567568 0.02181818181818182 0.04391891891891892
0 0.6345454545454545 0.5121621621621621 0.016363636363636365 0.031081081081081083
0 0.6204545454545455 0.49695945945945946 0.011818181818181818 0.025
0 0.5320454545454546 0.4810810810810811 0.008636363636363636 0.02027027027027027
0 0.49068181818181816 0.4706081081081081 0.007727272727272728 0.015540540540540541
0 0.5088636363636364 0.4591216216216216 0.004090909090909091 0.010135135135135136
0 0.5615909090909091 0.45844594594594595 0.004090909090909091 0.010135135135135136
0 0.9225 0.4668918918918919 0.007727272727272728 0.010810810810810811
0 0.8465909090909091 0.4635135135135135 0.005909090909090909 0.010810810810810811
4 0.8656818181818182 0.4689189189189189 0.007727272727272728 0.013513513513513514
4 0.8536363636363636 0.5047297297297297 0.01818181818181818 0.02837837837837838
4 0.7204545454545455 0.4885135135135135 0.01 0.01891891891891892
4 0.7688636363636364 0.46385135135135136 0.005909090909090909 0.011486486486486487
4 0.6331818181818182 0.4756756756756757 0.007272727272727273 0.014864864864864866
4 0.5859090909090909 0.4689189189189189 0.006363636363636364 0.012162162162162163
0 0.4875 0.46452702702702703 0.005 0.012837837837837839
4 0.5870454545454545 0.4635135135135135 0.005 0.010810810810810811
4 0.6359090909090909 0.4625 0.0036363636363636364 0.011486486486486487
0 0.6211363636363636 0.4574324324324324 0.003181818181818182 0.010810810810810811
0 0.6838636363636363 0.4577702702702703 0.003181818181818182 0.010135135135135136
4 0.6952272727272727 0.46283783783783783 0.004090909090909091 0.010810810810810811
0 0.7627272727272727 0.4597972972972973 0.004545454545454545 0.010135135135135136