0 0.425 0.5625 0.07363636363636364 0.15472972972972973
0 0.696590909090909 0.3516891891891892 0.03681818181818182 0.06959459459459459
0 0.6813636363636364 0.2777027027027027 0.024545454545454544 0.04054054054054054
0 0.5429545454545455 0.2435810810810811 0.013181818181818182 0.029054054054054056
0 0.4147727272727273 0.23209459459459458 0.012272727272727272 0.025
0 0.2947727272727273 0.22128378378378377 0.011363636363636364 0.0222972972972973
0 0.2159090909090909 0.2125 0.01090909090909091 0.020945945945945947
0 0.12772727272727272 0.20506756756756755 0.01090909090909091 0.019594594594594596
4 0.9031818181818182 0.2662162162162162 0.02181818181818182 0.03783783783783784
4 0.7013636363636364 0.23885135135135135 0.012727272727272728 0.02364864864864865
4 0.5788636363636364 0.22466216216216217 0.010454545454545454 0.0222972972972973
4 0.4702272727272727 0.21756756756756757 0.011363636363636364 0.021621621621621623
4 0.3679545454545455 0.21081081081081082 0.010454545454545454 0.021621621621621623
4 0.28795454545454546 0.20540540540540542 0.007727272727272728 0.01891891891891892
4 0.20136363636363636 0.20033783783783785 0.00909090909090909 0.019594594594594596
4 0.08704545454545455 0.19493243243243244 0.011363636363636364 0.019594594594594596