4 0.7847727272727273 0.5922297297297298 0.045909090909090906 0.07364864864864865
4 0.5159090909090909 0.5472972972972973 0.026363636363636363 0.04864864864864865
4 0.3054545454545455 0.5273648648648649 0.022727272727272728 0.037162162162162164
4 0.29795454545454547 0.4777027027027027 0.008636363636363636 0.01756756756756757
4 0.38113636363636366 0.4706081081081081 0.007727272727272728 0.015540540540540541
4 0.45795454545454545 0.46385135135135136 0.005909090909090909 0.012837837837837839
4 0.4879545454545455 0.4591216216216216 0.005909090909090909 0.011486486486486487
4 0.4777272727272727 0.4557432432432432 0.005454545454545455 0.010135135135135136
4 0.4684090909090909 0.4523648648648649 0.004090909090909091 0.008783783783783784
0 0.41659090909090907 0.4506756756756757 0.003181818181818182 0.008108108108108109
0 0.39840909090909093 0.45675675675675675 0.005 0.00945945945945946
0 0.4040909090909091 0.46013513513513515 0.005454545454545455 0.010810810810810811
0 0.3156818181818182 0.4689189189189189 0.006818181818181818 0.012162162162162163
0 0.10136363636363636 0.4891891891891892 0.012727272727272728 0.01756756756756757
4 0.2065909090909091 0.4888513513513513 0.011363636363636364 0.019594594594594596
4 0.14477272727272728 0.5037162162162162 0.014090909090909091 0.025
4 0.18272727272727274 0.5162162162162162 0.017272727272727273 0.031081081081081083
0 0.9165909090909091 0.44256756756756754 0.006818181818181818 0.010810810810810811
0 0.7927272727272727 0.4445945945945946 0.004545454545454545 0.00945945945945946
0 0.735909090909091 0.4445945945945946 0.005454545454545455 0.008108108108108109
0 0.7027272727272728 0.4435810810810811 0.004545454545454545 0.007432432432432433
0 0.44431818181818183 0.4483108108108108 0.004090909090909091 0.007432432432432433
4 0.7211363636363637 0.4489864864864865 0.005909090909090909 0.011486486486486487
4 0.798409090909091 0.44797297297297295 0.005 0.010810810810810811
4 0.6461363636363636 0.44594594594594594 0.004090909090909091 0.00945945945945946
4 0.6686363636363636 0.44797297297297295 0.004545454545454545 0.00945945945945946
4 0.6097727272727272 0.44425675675675674 0.003181818181818182 0.008783783783783784
4 0.5654545454545454 0.4449324324324324 0.0036363636363636364 0.007432432432432433
4 0.5238636363636363 0.4462837837837838 0.004090909090909091 0.007432432432432433
4 0.4838636363636364 0.4483108108108108 0.004090909090909091 0.008783783783783784
4 0.4634090909090909 0.4510135135135135 0.005 0.008783783783783784
0 0.6709090909090909 0.44222972972972974 0.0027272727272727275 0.007432432432432433
0 0.6295454545454545 0.4418918918918919 0.0027272727272727275 0.006756756756756757
0 0.5786363636363636 0.4429054054054054 0.0027272727272727275 0.006081081081081081
0 0.5331818181818182 0.44425675675675674 0.0027272727272727275 0.006081081081081081
0 0.4879545454545455 0.4466216216216216 0.003181818181818182 0.006756756756756757
0 0.4002272727272727 0.4540540540540541 0.003181818181818182 0.008108108108108109
0 0.3840909090909091 0.4631756756756757 0.005454545454545455 0.011486486486486487
0 0.2075 0.4780405405405405 0.007727272727272728 0.015540540540540541