0 0.45 0.46047297297297296 0.05090909090909091 0.09932432432432432
0 0.7940909090909091 0.37533783783783786 0.042727272727272725 0.06554054054054054
0 0.8954545454545455 0.3212837837837838 0.03090909090909091 0.04391891891891892
0 0.7325 0.28344594594594597 0.01681818181818182 0.029054054054054056
0 0.6406818181818181 0.26722972972972975 0.011363636363636364 0.0222972972972973
0 0.5638636363636363 0.2570945945945946 0.008636363636363636 0.018243243243243244
0 0.515 0.25067567567567567 0.007272727272727273 0.014864864864864866
0 0.49522727272727274 0.24425675675675676 0.005909090909090909 0.01418918918918919
0 0.4740909090909091 0.2402027027027027 0.005454545454545455 0.011486486486486487
0 0.5409090909090909 0.23648648648648649 0.005454545454545455 0.010810810810810811
0 0.5577272727272727 0.23513513513513515 0.004545454545454545 0.00945945945945946
0 0.5695454545454546 0.23344594594594595 0.004545454545454545 0.008783783783783784
0 0.5229545454545454 0.23209459459459458 0.005 0.008783783783783784
0 0.36227272727272725 0.2611486486486487 0.00909090909090909 0.018243243243243244
0 0.4156818181818182 0.2516891891891892 0.006818181818181818 0.015540540540540541
4 0.3881818181818182 0.24155405405405406 0.006363636363636364 0.012837837837837839
4 0.43568181818181817 0.23614864864864865 0.005 0.010135135135135136
1 0.44227272727272726 0.2418918918918919 0.00909090909090909 0.021621621621621623
1 0.36363636363636365 0.2402027027027027 0.00909090909090909 0.020945945945945947
4 0.31545454545454543 0.24966216216216217 0.008181818181818182 0.015540540540540541
0 0.23204545454545455 0.2699324324324324 0.013181818181818182 0.0222972972972973
4 0.2293181818181818 0.2554054054054054 0.008636363636363636 0.01756756756756757
0 0.0959090909090909 0.2743243243243243 0.013636363636363636 0.025675675675675677
4 0.11409090909090909 0.25844594594594594 0.012727272727272728 0.020945945945945947
4 0.9190909090909091 0.2777027027027027 0.016363636363636365 0.02837837837837838
4 0.7520454545454546 0.26216216216216215 0.011363636363636364 0.021621621621621623
4 0.6838636363636363 0.2560810810810811 0.008636363636363636 0.016216216216216217
4 0.6184090909090909 0.2483108108108108 0.005909090909090909 0.015540540540540541
4 0.5925 0.24493243243243243 0.005909090909090909 0.012837837837837839
0 0.5843181818181818 0.23209459459459458 0.004090909090909091 0.008783783783783784
0 0.5334090909090909 0.23074324324324325 0.005 0.008783783783783784
0 0.5129545454545454 0.24054054054054055 0.005 0.012162162162162163
4 0.6 0.24121621621621622 0.004545454545454545 0.012162162162162163
4 0.6056818181818182 0.23817567567567569 0.004090909090909091 0.011486486486486487
4 0.6138636363636364 0.23547297297297298 0.003181818181818182 0.010135135135135136
4 0.6206818181818182 0.23310810810810811 0.003181818181818182 0.00945945945945946
2 0.6236363636363637 0.23006756756756758 0.0027272727272727275 0.007432432432432433
2 0.6284090909090909 0.23175675675675675 0.003181818181818182 0.00945945945945946
2 0.6334090909090909 0.23175675675675675 0.0022727272727272726 0.008108108108108109
2 0.639090909090909 0.23074324324324325 0.0027272727272727275 0.008783783783783784
2 0.6034090909090909 0.22939189189189188 0.0022727272727272726 0.007432432432432433
2 0.595 0.2304054054054054 0.0018181818181818182 0.008108108108108109
0 0.5045454545454545 0.23412162162162162 0.0027272727272727275 0.010135135135135136
0 0.5075 0.23412162162162162 0.003181818181818182 0.010135135135135136
4 0.4868181818181818 0.22972972972972974 0.0027272727272727275 0.006756756756756757
4 0.4652272727272727 0.23209459459459458 0.0022727272727272726 0.008783783783783784
4 0.4675 0.23209459459459458 0.0022727272727272726 0.008783783783783784
2 0.6436363636363637 0.23006756756756758 0.0018181818181818182 0.008783783783783784
2 0.5904545454545455 0.23074324324324325 0.0018181818181818182 0.008783783783783784
2 0.5886363636363636 0.23141891891891891 0.0018181818181818182 0.008783783783783784