0 0.6625 0.40168918918918917 0.026818181818181817 0.04256756756756757
0 0.6918181818181818 0.3949324324324324 0.026363636363636363 0.04121621621621622
0 0.7693181818181818 0.49324324324324326 0.056818181818181816 0.08783783783783784
0 0.8515909090909091 0.3597972972972973 0.022272727272727274 0.03310810810810811
4 0.42727272727272725 0.3952702702702703 0.016363636363636365 0.031081081081081083
4 0.6320454545454546 0.3608108108108108 0.013181818181818182 0.025675675675675677
4 0.6468181818181818 0.3584459459459459 0.011818181818181818 0.025
4 0.7672727272727272 0.33716216216216216 0.01090909090909091 0.02027027027027027
0 0.5256818181818181 0.31317567567567567 0.006818181818181818 0.016891891891891893
4 0.5029545454545454 0.3013513513513513 0.006818181818181818 0.016216216216216217
4 0.5097727272727273 0.297972972972973 0.006818181818181818 0.01891891891891892
4 0.515 0.2959459459459459 0.008181818181818182 0.016216216216216217