4 0.2772727272727273 0.5702702702702702 0.09909090909090909 0.16891891891891891
4 0.3384090909090909 0.1972972972972973 0.007727272727272728 0.016216216216216217
4 0.39386363636363636 0.19932432432432431 0.007727272727272728 0.016216216216216217
4 0.6 0.1956081081081081 0.012727272727272728 0.020945945945945947
4 0.7793181818181818 0.19425675675675674 0.014090909090909091 0.02364864864864865
4 0.3659090909090909 0.19087837837837837 0.006363636363636364 0.01418918918918919
0 0.7809090909090909 0.1820945945945946 0.01090909090909091 0.020945945945945947
0 0.7288636363636364 0.17331081081081082 0.007727272727272728 0.01418918918918919
0 0.6429545454545454 0.18513513513513513 0.008636363636363636 0.01756756756756757
0 0.6584090909090909 0.17635135135135135 0.006818181818181818 0.013513513513513514
4 0.6645454545454546 0.17466216216216215 0.006363636363636364 0.01418918918918919
0 0.5279545454545455 0.18817567567567567 0.007727272727272728 0.015540540540540541
0 0.553409090909091 0.18006756756756756 0.005909090909090909 0.012837837837837839
0 0.49977272727272726 0.1820945945945946 0.005909090909090909 0.01418918918918919
0 0.45954545454545453 0.18614864864864866 0.006363636363636364 0.01418918918918919
0 0.6081818181818182 0.1783783783783784 0.007272727272727273 0.013513513513513514
0 0.4690909090909091 0.18885135135135134 0.005454545454545455 0.01418918918918919
4 0.5393181818181818 0.17905405405405406 0.005909090909090909 0.013513513513513514
4 0.46454545454545454 0.1983108108108108 0.008181818181818182 0.018243243243243244
4 0.7327272727272728 0.17195945945945945 0.004545454545454545 0.012837837837837839
0 0.9104545454545454 0.1766891891891892 0.014545454545454545 0.025
0 0.9295454545454546 0.1608108108108108 0.01 0.01891891891891892
4 0.9238636363636363 0.16047297297297297 0.008636363636363636 0.015540540540540541
4 0.9147727272727273 0.15641891891891893 0.006818181818181818 0.011486486486486487
0 0.8870454545454546 0.15912162162162163 0.006818181818181818 0.008783783783783784
0 0.845 0.1679054054054054 0.00909090909090909 0.01418918918918919
4 0.8563636363636363 0.1608108108108108 0.006363636363636364 0.010810810810810811
4 0.8268181818181818 0.16756756756756758 0.008181818181818182 0.014864864864864866
0 0.8340909090909091 0.16283783783783784 0.004545454545454545 0.006756756756756757
0 0.7684090909090909 0.16655405405405405 0.004090909090909091 0.007432432432432433
4 0.7534090909090909 0.16722972972972974 0.004090909090909091 0.007432432432432433
4 0.7122727272727273 0.16824324324324325 0.0036363636363636364 0.008108108108108109
0 0.7154545454545455 0.16858108108108108 0.0027272727272727275 0.007432432432432433
4 0.6609090909090909 0.16959459459459458 0.0027272727272727275 0.008108108108108109
0 0.6554545454545454 0.17060810810810811 0.0027272727272727275 0.007432432432432433
0 0.5125 0.17635135135135135 0.003181818181818182 0.006756756756756757
4 0.49477272727272725 0.1777027027027027 0.0022727272727272726 0.008108108108108109
4 0.47545454545454546 0.18175675675675676 0.0036363636363636364 0.013513513513513514
4 0.47045454545454546 0.17804054054054055 0.0027272727272727275 0.007432432432432433
4 0.4556818181818182 0.17871621621621622 0.003181818181818182 0.007432432432432433
4 0.40295454545454545 0.1858108108108108 0.005 0.013513513513513514
4 0.3956818181818182 0.1820945945945946 0.003181818181818182 0.007432432432432433
0 0.3725 0.18277027027027026 0.003181818181818182 0.006081081081081081
4 0.36454545454545456 0.1837837837837838 0.0036363636363636364 0.006756756756756757
4 0.35545454545454547 0.18614864864864866 0.0036363636363636364 0.010135135135135136
4 0.3497727272727273 0.18682432432432433 0.005 0.011486486486486487
4 0.35295454545454547 0.18445945945945946 0.003181818181818182 0.008108108108108109
0 0.33886363636363637 0.18445945945945946 0.003181818181818182 0.006756756756756757
4 0.3343181818181818 0.1858108108108108 0.003181818181818182 0.008108108108108109
4 0.3275 0.18716216216216217 0.004090909090909091 0.010810810810810811
0 0.3175 0.18614864864864866 0.004090909090909091 0.007432432432432433
0 0.30863636363636365 0.1864864864864865 0.0036363636363636364 0.008108108108108109
0 0.30522727272727274 0.1864864864864865 0.003181818181818182 0.008108108108108109
0 0.29204545454545455 0.18952702702702703 0.004090909090909091 0.010135135135135136
4 0.2972727272727273 0.18986486486486487 0.004545454545454545 0.013513513513513514
4 0.2865909090909091 0.1885135135135135 0.004090909090909091 0.010810810810810811
0 0.27340909090909093 0.19054054054054054 0.005 0.010810810810810811
0 0.2686363636363636 0.19087837837837837 0.004545454545454545 0.010135135135135136
4 0.2634090909090909 0.1891891891891892 0.004090909090909091 0.00945945945945946
4 0.25181818181818183 0.1902027027027027 0.004545454545454545 0.010135135135135136
4 0.23 0.19493243243243244 0.006363636363636364 0.016891891891891893
4 0.23681818181818182 0.1912162162162162 0.004545454545454545 0.010810810810810811
0 0.23227272727272727 0.19358108108108107 0.0036363636363636364 0.011486486486486487
0 0.23454545454545456 0.1918918918918919 0.004545454545454545 0.010810810810810811
0 0.22 0.1918918918918919 0.004545454545454545 0.008108108108108109
0 0.1993181818181818 0.19425675675675674 0.005 0.007432432432432433
0 0.1915909090909091 0.1939189189189189 0.005 0.008108108108108109
0 0.17704545454545453 0.19695945945945945 0.010454545454545454 0.012837837837837839
0 0.10886363636363636 0.20304054054054055 0.007727272727272728 0.011486486486486487
4 0.145 0.20236486486486485 0.008181818181818182 0.01418918918918919