1 0.5536363636363636 0.1331081081081081 0.007272727272727273 0.016216216216216217
1 0.6004545454545455 0.1314189189189189 0.00909090909090909 0.018243243243243244
0 0.19590909090909092 0.17567567567567569 0.006363636363636364 0.012162162162162163
0 0.2913636363636364 0.1652027027027027 0.005454545454545455 0.011486486486486487
0 0.38181818181818183 0.15472972972972973 0.004545454545454545 0.012162162162162163
0 0.44022727272727274 0.14831081081081082 0.005 0.011486486486486487
0 0.49886363636363634 0.14189189189189189 0.005 0.010810810810810811
0 0.5843181818181818 0.13277027027027027 0.005 0.010135135135135136
0 0.6259090909090909 0.12837837837837837 0.004545454545454545 0.00945945945945946
0 0.7293181818181819 0.11993243243243243 0.004090909090909091 0.008783783783783784
0 0.78 0.11486486486486487 0.004545454545454545 0.008108108108108109
0 0.8397727272727272 0.10945945945945947 0.005 0.008108108108108109
4 0.14068181818181819 0.18445945945945946 0.008636363636363636 0.01891891891891892
4 0.2586363636363636 0.17195945945945945 0.007272727272727273 0.015540540540540541
4 0.33090909090909093 0.16452702702702704 0.006363636363636364 0.01418918918918919
4 0.4011363636363636 0.15608108108108107 0.005909090909090909 0.012162162162162163
4 0.4631818181818182 0.14966216216216216 0.004545454545454545 0.011486486486486487
4 0.5186363636363637 0.14256756756756755 0.005454545454545455 0.012162162162162163
4 0.5670454545454545 0.13783783783783785 0.005 0.012162162162162163
4 0.6306818181818182 0.13074324324324324 0.005 0.011486486486486487
4 0.673409090909091 0.1260135135135135 0.005 0.012837837837837839
4 0.7161363636363637 0.1222972972972973 0.005 0.010810810810810811
4 0.764090909090909 0.11824324324324324 0.004545454545454545 0.010810810810810811
4 0.8106818181818182 0.11283783783783784 0.005909090909090909 0.010810810810810811
4 0.8622727272727273 0.10810810810810811 0.007272727272727273 0.010810810810810811
0 0.9059090909090909 0.10067567567567567 0.008181818181818182 0.012162162162162163
4 0.9277272727272727 0.10168918918918919 0.008181818181818182 0.011486486486486487
0 0.6747727272727273 0.12432432432432433 0.005 0.010810810810810811