4 0.8138636363636363 0.5496621621621621 0.09227272727272727 0.17094594594594595
4 0.15295454545454545 0.24493243243243243 0.017727272727272727 0.030405405405405407
4 0.2084090909090909 0.22837837837837838 0.013181818181818182 0.025675675675675677
4 0.1740909090909091 0.2222972972972973 0.011818181818181818 0.021621621621621623
4 0.2456818181818182 0.19864864864864865 0.007727272727272728 0.014864864864864866
4 0.32727272727272727 0.1918918918918919 0.007272727272727273 0.014864864864864866
4 0.4115909090909091 0.18614864864864866 0.006818181818181818 0.01418918918918919
4 0.48068181818181815 0.18547297297297297 0.008636363636363636 0.015540540540540541
4 0.525 0.18614864864864866 0.00909090909090909 0.016891891891891893
4 0.6184090909090909 0.18412162162162163 0.008636363636363636 0.018243243243243244
4 0.7340909090909091 0.17804054054054055 0.01 0.019594594594594596
0 0.25772727272727275 0.19256756756756757 0.006363636363636364 0.012162162162162163
0 0.3456818181818182 0.1864864864864865 0.005909090909090909 0.012162162162162163
0 0.4384090909090909 0.1804054054054054 0.005909090909090909 0.012162162162162163
0 0.5125 0.1777027027027027 0.005909090909090909 0.012162162162162163
0 0.5670454545454545 0.17702702702702702 0.006818181818181818 0.013513513513513514
0 0.6243181818181818 0.17601351351351352 0.006818181818181818 0.01418918918918919
0 0.711590909090909 0.17263513513513515 0.007727272727272728 0.015540540540540541
0 0.8720454545454546 0.16216216216216217 0.011363636363636364 0.01756756756756757
4 0.16363636363636364 0.20540540540540542 0.00909090909090909 0.01756756756756757
0 0.16590909090909092 0.20101351351351351 0.007272727272727273 0.01418918918918919
4 0.1409090909090909 0.21655405405405406 0.012727272727272728 0.020945945945945947
4 0.12181818181818181 0.21182432432432433 0.01090909090909091 0.019594594594594596
0 0.06795454545454545 0.2070945945945946 0.008636363636363636 0.016891891891891893