0 0.6195454545454545 0.6219594594594594 0.06636363636363636 0.12094594594594595
0 0.8488636363636364 0.38074324324324327 0.009545454545454546 0.015540540540540541
0 0.7254545454545455 0.3712837837837838 0.007272727272727273 0.01418918918918919
0 0.6475 0.36486486486486486 0.006818181818181818 0.013513513513513514
4 0.8697727272727273 0.37736486486486487 0.007727272727272728 0.01418918918918919
4 0.86 0.36452702702702705 0.004545454545454545 0.008783783783783784
4 0.7743181818181818 0.37094594594594593 0.008636363636363636 0.013513513513513514
4 0.6565909090909091 0.3618243243243243 0.005909090909090909 0.011486486486486487
0 0.5793181818181818 0.35777027027027025 0.006818181818181818 0.011486486486486487
4 0.6002272727272727 0.3567567567567568 0.006818181818181818 0.010810810810810811
0 0.52 0.35033783783783784 0.005454545454545455 0.008783783783783784
0 0.5381818181818182 0.35371621621621624 0.0036363636363636364 0.010135135135135136
0 0.5356818181818181 0.34864864864864864 0.003181818181818182 0.008108108108108109
0 0.5563636363636364 0.3493243243243243 0.004545454545454545 0.008108108108108109
0 0.5804545454545454 0.35 0.0027272727272727275 0.006756756756756757
4 0.585 0.35405405405405405 0.004545454545454545 0.010810810810810811
4 0.6029545454545454 0.3527027027027027 0.004090909090909091 0.00945945945945946
0 0.6175 0.3516891891891892 0.004090909090909091 0.007432432432432433
4 0.6438636363636364 0.3554054054054054 0.005 0.00945945945945946
4 0.6811363636363637 0.3567567567567568 0.004090909090909091 0.008108108108108109
0 0.6715909090909091 0.3550675675675676 0.005 0.007432432432432433
0 0.7502272727272727 0.3587837837837838 0.004090909090909091 0.006756756756756757
4 0.7686363636363637 0.3614864864864865 0.0036363636363636364 0.008108108108108109
0 0.8318181818181818 0.3618243243243243 0.004545454545454545 0.007432432432432433
0 0.9029545454545455 0.36486486486486486 0.005 0.008108108108108109