0 0.3952272727272727 0.5885135135135136 0.03681818181818182 0.060810810810810814
0 0.5747727272727273 0.49425675675675673 0.013181818181818182 0.025
0 0.6290909090909091 0.46959459459459457 0.008181818181818182 0.016216216216216217
0 0.6511363636363636 0.4591216216216216 0.006818181818181818 0.012837837837837839
0 0.6681818181818182 0.4527027027027027 0.005454545454545455 0.010810810810810811
0 0.6772727272727272 0.4486486486486487 0.005454545454545455 0.00945945945945946
0 0.6922727272727273 0.44594594594594594 0.004545454545454545 0.008108108108108109
0 0.701590909090909 0.4429054054054054 0.004090909090909091 0.007432432432432433
0 0.7059090909090909 0.4408783783783784 0.0036363636363636364 0.006081081081081081
0 0.7120454545454545 0.439527027027027 0.003181818181818182 0.006081081081081081
0 0.7177272727272728 0.43885135135135134 0.0036363636363636364 0.006081081081081081
0 0.7313636363636363 0.43716216216216214 0.0036363636363636364 0.005405405405405406
0 0.7904545454545454 0.4341216216216216 0.0036363636363636364 0.006081081081081081
4 0.8095454545454546 0.4341216216216216 0.0027272727272727275 0.006081081081081081
4 0.7863636363636364 0.49695945945945946 0.017272727272727273 0.030405405405405407
4 0.7584090909090909 0.46790540540540543 0.009545454545454546 0.018243243243243244
4 0.7563636363636363 0.45675675675675675 0.006363636363636364 0.012162162162162163
4 0.7547727272727273 0.4503378378378378 0.004090909090909091 0.008783783783783784
4 0.8522727272727273 0.43277027027027026 0.004545454545454545 0.007432432432432433
0 0.8193181818181818 0.43344594594594593 0.004090909090909091 0.006081081081081081
0 0.9077272727272727 0.4300675675675676 0.0036363636363636364 0.006081081081081081
4 0.9020454545454546 0.4314189189189189 0.005 0.007432432432432433
0 0.8593181818181819 0.43175675675675673 0.003181818181818182 0.006756756756756757
4 0.7527272727272727 0.4466216216216216 0.0018181818181818182 0.00945945945945946
4 0.7545454545454545 0.43986486486486487 0.0036363636363636364 0.00945945945945946
4 0.7577272727272727 0.43817567567567567 0.0027272727272727275 0.006081081081081081
4 0.7788636363636363 0.435472972972973 0.004090909090909091 0.006081081081081081
4 0.7604545454545455 0.43648648648648647 0.0036363636363636364 0.006756756756756757