0 0.8384090909090909 0.4472972972972973 0.005 0.006756756756756757
0 0.8027272727272727 0.452027027027027 0.004545454545454545 0.00945945945945946
0 0.7875 0.45506756756756755 0.005909090909090909 0.010135135135135136
0 0.7627272727272727 0.4597972972972973 0.006363636363636364 0.012837837837837839
0 0.7313636363636363 0.4672297297297297 0.008181818181818182 0.015540540540540541
0 0.6675 0.48243243243243245 0.013181818181818182 0.021621621621621623
0 0.5238636363636363 0.5226351351351352 0.019545454545454546 0.037162162162162164
0 0.1834090909090909 0.6378378378378379 0.06227272727272727 0.0891891891891892
4 0.9152272727272728 0.4445945945945946 0.004090909090909091 0.008108108108108109
4 0.9095454545454545 0.4456081081081081 0.004545454545454545 0.008783783783783784
4 0.9056818181818181 0.4483108108108108 0.005 0.008783783783783784
4 0.9013636363636364 0.4503378378378378 0.005454545454545455 0.010135135135135136
4 0.8954545454545455 0.4537162162162162 0.005454545454545455 0.011486486486486487
4 0.8911363636363636 0.4570945945945946 0.006818181818181818 0.012837837837837839
4 0.8822727272727273 0.46385135135135136 0.00909090909090909 0.015540540540540541
4 0.87 0.47331081081081083 0.012727272727272728 0.019594594594594596
4 0.8629545454545454 0.4962837837837838 0.017727272727272727 0.029054054054054056
4 0.8972727272727272 0.5841216216216216 0.046363636363636364 0.06689189189189189
0 0.8236363636363636 0.44932432432432434 0.004545454545454545 0.008108108108108109
0 0.8456818181818182 0.4452702702702703 0.004090909090909091 0.006756756756756757
0 0.855 0.44391891891891894 0.0036363636363636364 0.008108108108108109
0 0.8640909090909091 0.4435810810810811 0.0036363636363636364 0.007432432432432433
0 0.8827272727272727 0.4429054054054054 0.0027272727272727275 0.006081081081081081
4 0.9206818181818182 0.4435810810810811 0.004090909090909091 0.007432432432432433